0 0.47446236559139787 0.5377604166666666 0.4734543010752688 0.4322916666666667 0.47446236559139787 0.3997395833333333 0.47748655913978494 0.3958333333333333 0.48151881720430106 0.4036458333333333 0.4889112903225806 0.4440104166666667 0.49731182795698925 0.52734375 0.5036962365591398 0.5657552083333334 0.5057123655913979 0.5963541666666666 0.5047043010752689 0.6126302083333334 0.4993279569892473 0.62109375 0.48689516129032256 0.623046875 0.48051075268817206 0.623046875 0.47446236559139787 0.6145833333333334 0.4734543010752688 0.5865885416666666
1 0.44623655913978494 0.5475260416666666 0.447244623655914 0.4322916666666667 0.45026881720430106 0.4095052083333333 0.4543010752688172 0.4095052083333333 0.4586693548387097 0.416015625 0.4627016129032258 0.4342447916666667 0.4650537634408602 0.47265625 0.4700940860215054 0.5455729166666666 0.4734543010752688 0.58203125 0.47211021505376344 0.6002604166666666 0.4700940860215054 0.6106770833333334 0.4596774193548387 0.6145833333333334 0.4512768817204301 0.6145833333333334 0.44623655913978494 0.6106770833333334 0.44388440860215056 0.5885416666666666
2 0.4220430107526882 0.6126302083333334 0.41263440860215056 0.5904947916666666 0.4116263440860215 0.5657552083333334 0.41364247311827956 0.5397135416666666 0.3978494623655914 0.4055989583333333 0.39885752688172044 0.3912760416666667 0.4022177419354839 0.3873697916666667 0.40725806451612906 0.3938802083333333 0.4200268817204301 0.4283854166666667 0.4314516129032258 0.474609375 0.43985215053763443 0.5455729166666666 0.44388440860215056 0.5657552083333334 0.44388440860215056 0.58203125 0.44086021505376344 0.6002604166666666 0.43548387096774194 0.6106770833333334 0.43044354838709675 0.6145833333333334
3 0.38743279569892475 0.6145833333333334 0.3844086021505376 0.5885416666666666 0.3854166666666667 0.5475260416666666 0.3790322580645161 0.4303385416666667 0.38205645161290325 0.419921875 0.3864247311827957 0.419921875 0.39280913978494625 0.423828125 0.39885752688172044 0.4401041666666667 0.4092741935483871 0.4993489583333333 0.4156586021505376 0.5377604166666666 0.41868279569892475 0.5638020833333334 0.4200268817204301 0.5885416666666666 0.41364247311827956 0.6048177083333334 0.40524193548387094 0.6126302083333334 0.39885752688172044 0.6184895833333334 0.39280913978494625 0.6184895833333334
4 0.3602150537634409 0.6067708333333334 0.3548387096774194 0.583984375 0.35719086021505375 0.5540364583333334 0.3602150537634409 0.4361979166666667 0.36323924731182794 0.412109375 0.36760752688172044 0.4095052083333333 0.37163978494623656 0.419921875 0.3780241935483871 0.4485677083333333 0.3844086021505376 0.529296875 0.38844086021505375 0.5703125 0.38844086021505375 0.5885416666666666 0.3810483870967742 0.6048177083333334 0.37264784946236557 0.6145833333333334 0.3665994623655914 0.6145833333333334
5 0.3215725806451613 0.4967447916666667 0.32056451612903225 0.4283854166666667 0.3225806451612903 0.3958333333333333 0.3276209677419355 0.3854166666666667 0.33198924731182794 0.3873697916666667 0.33602150537634407 0.3958333333333333 0.3424059139784946 0.3854166666666667 0.34643817204301075 0.3854166666666667 0.35080645161290325 0.3938802083333333 0.3538306451612903 0.4140625 0.35719086021505375 0.4544270833333333 0.35719086021505375 0.517578125 0.3592069892473118 0.57421875 0.35719086021505375 0.5904947916666666 0.35181451612903225 0.5963541666666666 0.3444220430107527 0.6048177083333334 0.33602150537634407 0.6028645833333334 0.3286290322580645 0.5904947916666666 0.3225806451612903 0.5944010416666666 0.3131720430107527 0.57421875 0.3111559139784946 0.5559895833333334 0.31418010752688175 0.5338541666666666
6 0.27553763440860213 0.5475260416666666 0.2711693548387097 0.5338541666666666 0.2701612903225806 0.517578125 0.27553763440860213 0.4967447916666667 0.28998655913978494 0.4016927083333333 0.2973790322580645 0.3795572916666667 0.302755376344086 0.3756510416666667 0.30678763440860213 0.3795572916666667 0.3111559139784946 0.3958333333333333 0.3131720430107527 0.4342447916666667 0.31518817204301075 0.5091145833333334 0.31216397849462363 0.5416666666666666 0.3088037634408602 0.5559895833333334 0.30376344086021506 0.5657552083333334 0.29435483870967744 0.5703125
7 0.2543682795698925 0.46875 0.27419354838709675 0.4055989583333333 0.2775537634408602 0.4016927083333333 0.28158602150537637 0.4036458333333333 0.2849462365591398 0.412109375 0.2859543010752688 0.4401041666666667 0.27956989247311825 0.4993489583333333 0.27553763440860213 0.5234375 0.2691532258064516 0.5358072916666666 0.26176075268817206 0.5416666666666666 0.25235215053763443 0.5358072916666666 0.24831989247311828 0.529296875 0.24596774193548387 0.517578125 0.24596774193548387 0.5013020833333334
8 0.5077284946236559 0.5130208333333334 0.5141129032258065 0.4095052083333333 0.5171370967741935 0.3938802083333333 0.521505376344086 0.3938802083333333 0.5255376344086021 0.3997395833333333 0.5299059139784946 0.4140625 0.5329301075268817 0.4466145833333333 0.5349462365591398 0.5234375 0.5349462365591398 0.5618489583333334 0.5329301075268817 0.5904947916666666 0.5309139784946236 0.6067708333333334 0.5288978494623656 0.6145833333333334 0.5120967741935484 0.6184895833333334 0.5067204301075269 0.6145833333333334 0.5036962365591398 0.5983072916666666
9 0.5383064516129032 0.5416666666666666 0.5393145161290323 0.474609375 0.5403225806451613 0.4381510416666667 0.5443548387096774 0.423828125 0.5487231182795699 0.421875 0.552755376344086 0.4303385416666667 0.5561155913978495 0.4563802083333333 0.5611559139784946 0.521484375 0.563508064516129 0.5618489583333334 0.563508064516129 0.583984375 0.5611559139784946 0.5983072916666666 0.5571236559139785 0.6067708333333334 0.5456989247311828 0.6126302083333334 0.5393145161290323 0.6087239583333334 0.5349462365591398 0.5944010416666666 0.5329301075268817 0.58203125
10 0.5685483870967742 0.5338541666666666 0.5779569892473119 0.416015625 0.5813172043010753 0.3958333333333333 0.5843413978494624 0.3834635416666667 0.5873655913978495 0.3834635416666667 0.5893817204301075 0.3912760416666667 0.5917338709677419 0.4440104166666667 0.5917338709677419 0.5338541666666666 0.59375 0.572265625 0.59375 0.5865885416666666 0.5893817204301075 0.6002604166666666 0.5833333333333334 0.6087239583333334 0.5729166666666666 0.6087239583333334 0.5665322580645161 0.6028645833333334 0.5645161290322581 0.5904947916666666 0.5645161290322581 0.5703125
11 0.5967741935483871 0.5904947916666666 0.5863575268817204 0.572265625 0.5853494623655914 0.5475260416666666 0.5873655913978495 0.521484375 0.5977822580645161 0.42578125 0.6041666666666666 0.4036458333333333 0.6095430107526881 0.3958333333333333 0.6135752688172043 0.3958333333333333 0.6155913978494624 0.3997395833333333 0.6165994623655914 0.416015625 0.6135752688172043 0.4811197916666667 0.6145833333333334 0.53125 0.6199596774193549 0.568359375 0.6199596774193549 0.583984375 0.6145833333333334 0.6002604166666666 0.6095430107526881 0.6028645833333334 0.6031586021505376 0.6028645833333334
12 0.6165994623655914 0.5052083333333334 0.6263440860215054 0.423828125 0.6313844086021505 0.4036458333333333 0.635752688172043 0.3997395833333333 0.6387768817204301 0.4055989583333333 0.6397849462365591 0.4303385416666667 0.6397849462365591 0.4947916666666667 0.6428091397849462 0.5377604166666666 0.6438172043010753 0.5703125 0.6418010752688172 0.583984375 0.636760752688172 0.5963541666666666 0.6293682795698925 0.5983072916666666 0.6199596774193549 0.5865885416666666 0.6125672043010753 0.57421875 0.6095430107526881 0.5540364583333334
13 0.6418010752688172 0.4908854166666667 0.6481854838709677 0.3873697916666667 0.6522177419354839 0.3671875 0.6586021505376344 0.361328125 0.6629704301075269 0.365234375 0.6690188172043011 0.3873697916666667 0.6733870967741935 0.412109375 0.6764112903225806 0.3997395833333333 0.6807795698924731 0.3997395833333333 0.6838037634408602 0.41796875 0.6848118279569892 0.4563802083333333 0.6794354838709677 0.4947916666666667 0.6878360215053764 0.5338541666666666 0.6858198924731183 0.5579427083333334 0.6817876344086021 0.572265625 0.6764112903225806 0.578125 0.665994623655914 0.58203125 0.6575940860215054 0.583984375 0.6481854838709677 0.578125 0.6417019489247312 0.566244140625 0.6380292338709678 0.5448958333333334
14 0.696236559139785 0.5579427083333334 0.6878360215053764 0.5416666666666666 0.6838037634408602 0.4967447916666667 0.6827956989247311 0.3997395833333333 0.6827956989247311 0.3776041666666667 0.6858198924731183 0.37109375 0.6922043010752689 0.36328125 0.697244623655914 0.369140625 0.7036290322580645 0.3873697916666667 0.7120295698924731 0.4401041666666667 0.7214381720430108 0.478515625 0.7268145161290323 0.5013020833333334 0.7278225806451613 0.51953125 0.7244623655913979 0.5377604166666666 0.7174059139784946 0.5455729166666666 0.7120295698924731 0.5494791666666666 0.7046370967741935 0.5598958333333334
15 0.7028450940860215 0.4036458333333333 0.706205309139785 0.39171028645833333 0.7095655241935483 0.378689453125 0.7140456989247311 0.3569876302083333 0.7174059139784946 0.3472220052083333 0.7207661290322581 0.34071158854166667 0.7246864919354838 0.3363717447916667 0.7314069220430107 0.33203125 0.7375672043010753 0.33094596354166667 0.7437274865591398 0.33094596354166667 0.748207997311828 0.3352864583333333 0.7538081317204302 0.3450520833333333 0.7554882392473119 0.3569876302083333 0.7554882392473119 0.373263671875 0.7543682795698925 0.392794921875 0.7515682123655913 0.4058157552083333 0.7470877016129033 0.4242623697916667 0.7448477822580645 0.437283203125 0.7403672715053764 0.4546438802083333 0.7319667338709678 0.456814453125 0.7252463037634409 0.45030403645833333 0.7162859543010752 0.43836783854166667 0.7123655913978495 0.43077278645833333 0.7050850134408603 0.4231770833333333
16 0.522513440860215 0.734375 0.5100806451612904 0.6471354166666666 0.49831989247311825 0.5944010416666666 0.5006720430107527 0.583984375 0.5077284946236559 0.578125 0.5184811827956989 0.578125 0.522513440860215 0.580078125 0.5255376344086021 0.634765625 0.5339381720430108 0.734375 0.5329301075268817 0.7447916666666666 0.5309139784946236 0.7486979166666666 0.5278897849462365 0.7486979166666666
17 0.5393145161290323 0.732421875 0.5309139784946236 0.6471354166666666 0.521505376344086 0.6028645833333334 0.522513440860215 0.5904947916666666 0.5265456989247311 0.58203125 0.5329301075268817 0.58203125 0.5456989247311828 0.5944010416666666 0.5497311827956989 0.6067708333333334 0.551747311827957 0.6510416666666666 0.5561155913978495 0.736328125 0.5561155913978495 0.7486979166666666 0.553763440860215 0.7610677083333334 0.5497311827956989 0.7610677083333334 0.5423387096774194 0.7526041666666666
18 0.5666706989247312 0.762447265625 0.553763440860215 0.6471354166666666 0.5477150537634409 0.6106770833333334 0.5477150537634409 0.5904947916666666 0.550739247311828 0.580078125 0.5621639784946236 0.583984375 0.5715725806451613 0.5924479166666666 0.5749327956989247 0.6028645833333334 0.5759408602150538 0.630859375 0.5749327956989247 0.6595052083333334 0.5813172043010753 0.732421875 0.5823252688172043 0.779296875 0.5789650537634409 0.8033854166666666 0.5769489247311828 0.8072916666666666 0.5724422043010753 0.8041282552083334
19 0.5853494623655914 0.6634114583333334 0.5769489247311828 0.623046875 0.5769489247311828 0.6106770833333334 0.5843413978494624 0.5944010416666666 0.5917338709677419 0.5944010416666666 0.6001344086021505 0.6028645833333334 0.6041666666666666 0.6184895833333334 0.6061827956989247 0.6451822916666666 0.6041666666666666 0.677734375 0.6105510752688172 0.7610677083333334 0.6105510752688172 0.779296875 0.6095430107526881 0.7890625 0.6071908602150538 0.7890625 0.6011424731182796 0.77734375
20 0.615991935483871 0.6709537760416667 0.6021505376344086 0.634765625 0.6002513440860215 0.6180911458333334 0.6033995295698925 0.6048749999999999 0.6145833333333334 0.5904947916666666 0.6229838709677419 0.5904947916666666 0.6303763440860215 0.6048177083333334 0.6323924731182796 0.625 0.635752688172043 0.6529947916666666 0.6461693548387096 0.7447916666666666 0.6461693548387096 0.7630208333333334 0.6438172043010753 0.7669270833333334 0.6377688172043011 0.7610677083333334 0.6334005376344086 0.7506510416666666
21 0.6451612903225806 0.6634114583333334 0.6313844086021505 0.6165364583333334 0.6334005376344086 0.5983072916666666 0.6428091397849462 0.5865885416666666 0.6522177419354839 0.583984375 0.6616263440860215 0.57421875 0.6690188172043011 0.578125 0.6774193548387096 0.5904947916666666 0.6817876344086021 0.6106770833333334 0.6838037634408602 0.6555989583333334 0.696236559139785 0.7122395833333334 0.7046370967741935 0.73828125 0.7046370967741935 0.7467447916666666 0.7016129032258065 0.7545572916666666 0.6922043010752689 0.7467447916666666 0.6794354838709677 0.7239583333333334 0.668010752688172 0.6796875 0.6723790322580645 0.7200520833333334 0.6827956989247311 0.7584635416666666 0.6838037634408602 0.7688802083333334 0.6817876344086021 0.7727864583333334 0.6754032258064516 0.7708333333333334 0.6690188172043011 0.7610677083333334 0.6586021505376344 0.740234375 0.6535618279569892 0.7220052083333334
22 0.7036290322580645 0.6555989583333334 0.6794354838709677 0.6067708333333334 0.6784274193548387 0.5904947916666666 0.6827956989247311 0.5703125 0.6911962365591398 0.568359375 0.7026209677419355 0.5540364583333334 0.7140456989247311 0.5520833333333334 0.7234543010752689 0.5598958333333334 0.7298387096774194 0.5865885416666666 0.7372311827956989 0.6145833333333334 0.7496639784946236 0.6692708333333334 0.7530241935483871 0.7083333333333334 0.7530241935483871 0.7239583333333334 0.7466397849462365 0.73046875 0.7372311827956989 0.7265625 0.7278225806451613 0.7161458333333334 0.7150537634408602 0.6875
23 0.7840500672043011 0.6629772135416666 0.7762096774193549 0.6608072916666666 0.769489247311828 0.654296875 0.7644489247311828 0.6499563802083334 0.7588484543010753 0.64453125 0.7538081317204302 0.6391061197916666 0.7493279569892473 0.634765625 0.7431676747311827 0.6336803385416666 0.7370070564516129 0.627169921875 0.7319667338709678 0.6195748697916666 0.7258064516129032 0.603298828125 0.7269264112903226 0.5891927083333334 0.7314069220430107 0.5826822916666666 0.7336468413978495 0.5729166666666666 0.7370070564516129 0.554470703125 0.7431676747311827 0.5425345052083334 0.748767809139785 0.5360240885416666 0.7543682795698925 0.5338541666666666 0.7622086693548388 0.537109375 0.7661290322580645 0.546875 0.7706092069892473 0.5555553385416666 0.7750897177419355 0.5620657552083334 0.78125 0.5718313802083334 0.7879704301075269 0.578341796875 0.7974909274193549 0.5848522135416666 0.8081317204301075 0.5902779947916666 0.8126118951612904 0.5924479166666666 0.8159721102150538 0.6000436197916666 0.8148521505376344 0.617404296875 0.8109317876344087 0.622830078125 0.8042113575268818 0.6239147135416666 0.7941307123655914 0.617404296875 0.7879704301075269 0.615234375 0.7829301075268817 0.6141490885416666 0.7823699596774194 0.622830078125 0.7874102822580645 0.6304251302083334 0.7924506048387097 0.636935546875 0.7958108198924732 0.64453125 0.7974909274193549 0.6499563802083334 0.7980510752688172 0.6586373697916666 0.793010752688172 0.6651477864583334
24 0.4963037634408602 0.7239583333333334 0.48588709677419356 0.6471354166666666 0.48151881720430106 0.626953125 0.48151881720430106 0.6106770833333334 0.49227150537634407 0.5865885416666666 0.4963037634408602 0.58203125 0.4993279569892473 0.5865885416666666 0.5036962365591398 0.626953125 0.5110887096774194 0.7141927083333334 0.5120967741935484 0.734375 0.5077284946236559 0.7428385416666666 0.5016801075268817 0.73828125
25 0.46802788978494625 0.7502486979166667 0.4664539650537634 0.7207669270833333 0.4648797043010753 0.6607877604166666 0.46169354838709675 0.6087239583333334 0.46169354838709675 0.5944010416666666 0.4680779569892473 0.5885416666666666 0.478494623655914 0.5865885416666666 0.4848790322580645 0.5904947916666666 0.48689516129032256 0.5944010416666666 0.4889112903225806 0.6087239583333334 0.4848790322580645 0.6529947916666666 0.48114549731182793 0.7441490885416666 0.47957123655913975 0.77261328125 0.4701266801075269 0.77261328125
26 0.4418682795698925 0.79296875 0.43649193548387094 0.7727864583333334 0.4324596774193548 0.732421875 0.4334677419354839 0.6673177083333334 0.4314516129032258 0.623046875 0.43649193548387094 0.5944010416666666 0.44086021505376344 0.5885416666666666 0.44489247311827956 0.5904947916666666 0.45564516129032256 0.6028645833333334 0.46169354838709675 0.6165364583333334 0.4637096774193548 0.634765625 0.46169354838709675 0.68359375 0.46068548387096775 0.7994791666666666 0.46068548387096775 0.8196614583333334 0.4576612903225806 0.8274739583333334 0.4522849462365591 0.8216145833333334
27 0.40524193548387094 0.7669270833333334 0.4024411962365591 0.6902688802083333 0.39885752688172044 0.6471354166666666 0.39885752688172044 0.6328125 0.40423387096774194 0.623046875 0.4156586021505376 0.6087239583333334 0.4220430107526882 0.6087239583333334 0.42943548387096775 0.6184895833333334 0.4324596774193548 0.630859375 0.4324596774193548 0.6471354166666666 0.4270833333333333 0.67578125 0.4220430107526882 0.7708333333333334 0.4220430107526882 0.8014322916666666 0.41868279569892475 0.8053385416666666 0.41364247311827956 0.8053385416666666 0.4092741935483871 0.7955729166666666
28 0.36861559139784944 0.6796875 0.3655913978494624 0.6432291666666666 0.36760752688172044 0.6328125 0.37600806451612906 0.6145833333333334 0.3844086021505376 0.6106770833333334 0.39280913978494625 0.6145833333333334 0.4012096774193548 0.625 0.4032258064516129 0.63671875 0.39986559139784944 0.6595052083333334 0.39280913978494625 0.68359375 0.38844086021505375 0.7467447916666666 0.3844086021505376 0.7727864583333334 0.3780241935483871 0.78515625 0.3736559139784946 0.78515625 0.37163978494623656 0.7727864583333334 0.3696236559139785 0.7565104166666666
30 0.2691532258064516 0.6126302083333334 0.27553763440860213 0.576171875 0.28158602150537637 0.5703125 0.28897849462365593 0.5657552083333334 0.3014112903225806 0.572265625 0.3077956989247312 0.578125 0.3172043010752688 0.5865885416666666 0.3245967741935484 0.5983072916666666 0.32560483870967744 0.6145833333333334 0.3215725806451613 0.634765625 0.3014112903225806 0.6692708333333334 0.2765456989247312 0.7122395833333334 0.2637768817204301 0.732421875 0.2553763440860215 0.740234375 0.25033602150537637 0.740234375 0.24596774193548387 0.73828125 0.23756720430107528 0.73046875 0.23756720430107528 0.7122395833333334 0.24596774193548387 0.673828125
31 0.20665322580645162 0.7118053385416667 0.20609307795698922 0.6879342447916666 0.21057358870967743 0.661892578125 0.21225369623655915 0.64453125 0.21673387096774194 0.6239147135416666 0.21617372311827956 0.6022135416666666 0.21617372311827956 0.583767578125 0.22121404569892472 0.568576171875 0.22457426075268816 0.5609811197916666 0.2301747311827957 0.5512154947916666 0.2324149865591398 0.546875 0.2363350134408602 0.544705078125 0.24249563172043012 0.5457897135416666 0.24809576612903225 0.5501302083333334 0.2536962365591398 0.5523001302083334 0.26097681451612903 0.5533854166666666 0.26489684139784947 0.554470703125 0.2676972446236559 0.5598958333333334 0.26937735215053765 0.5729166666666666 0.270497311827957 0.5859375 0.26881720430107525 0.603298828125 0.2637768817204301 0.6141490885416666 0.25929670698924734 0.636935546875 0.2559364919354839 0.6553821614583334 0.2531360887096774 0.6770833333333334 0.25033602150537637 0.6911894531249999 0.2452956989247312 0.7020397135416667 0.23521505376344087 0.7139759114583333 0.22905477150537634 0.7183157552083334 0.22737466397849462 0.7204863281249999 0.2256945564516129 0.7150605468750001 0.22737466397849462 0.7020397135416667 0.22905477150537634 0.68359375 0.2324149865591398 0.6694876302083334 0.23073487903225806 0.6694876302083334 0.22849462365591397 0.6792532552083334 0.22625436827956988 0.6955292968750001 0.22401444892473119 0.7042102864583333 0.22009408602150538 0.712890625 0.21673387096774194 0.7204863281249999 0.21281350806451613 0.7204863281249999
