0 0.5053763440860215 0.6126302083333334 0.4801747311827957 0.6100260416666666 0.4734543010752688 0.603515625 0.46908602150537637 0.5872395833333334 0.46908602150537637 0.5787760416666666 0.46908602150537637 0.56640625 0.47614247311827956 0.537109375 0.4852150537634409 0.4329427083333333 0.49227150537634407 0.4205729166666667 0.4969758064516129 0.4205729166666667 0.5020161290322581 0.4303385416666667 0.5067204301075269 0.4908854166666667 0.5067204301075269 0.5345052083333334 0.5110887096774194 0.580078125 0.509744623655914 0.607421875
1 0.4529569892473118 0.607421875 0.43783602150537637 0.5989583333333334 0.4327956989247312 0.58984375 0.43783602150537637 0.5286458333333334 0.44388440860215056 0.4114583333333333 0.4469086021505376 0.400390625 0.45094086021505375 0.3990885416666667 0.4529569892473118 0.3990885416666667 0.45598118279569894 0.408203125 0.4633736559139785 0.5234375 0.47110215053763443 0.5748697916666666 0.47110215053763443 0.59765625
2 0.41263440860215056 0.607421875 0.39852150537634407 0.5963541666666666 0.3951612903225806 0.580078125 0.39381720430107525 0.5625 0.39986559139784944 0.53125 0.4049059139784946 0.396484375 0.40893817204301075 0.3802083333333333 0.41263440860215056 0.37890625 0.4153225806451613 0.3802083333333333 0.4217069892473118 0.408203125 0.42573924731182794 0.5384114583333334 0.4307795698924731 0.5696614583333334 0.42876344086021506 0.58984375
3 0.3907930107526882 0.5963541666666666 0.3790322580645161 0.6100260416666666 0.3706317204301075 0.6139322916666666 0.365255376344086 0.6048177083333334 0.3629032258064516 0.576171875 0.3665994623655914 0.55078125 0.36794354838709675 0.5475260416666666 0.37264784946236557 0.4583333333333333 0.3713037634408602 0.4244791666666667 0.3713037634408602 0.4153645833333333 0.3743279569892473 0.4114583333333333 0.37836021505376344 0.4127604166666667 0.38676075268817206 0.4342447916666667 0.3951612903225806 0.474609375 0.40053763440860213 0.541015625 0.4055779569892473 0.5611979166666666 0.4049059139784946 0.5859375 0.3978494623655914 0.5963541666666666
4 0.3477822580645161 0.607421875 0.3370295698924731 0.6015625 0.33098118279569894 0.5872395833333334 0.3343413978494624 0.55859375 0.3393817204301075 0.544921875 0.34475806451612906 0.4772135416666667 0.34341397849462363 0.4329427083333333 0.34475806451612906 0.4205729166666667 0.3477822580645161 0.4166666666666667 0.3504704301075269 0.4205729166666667 0.35618279569892475 0.4479166666666667 0.36155913978494625 0.5423177083333334 0.36794354838709675 0.5709635416666666 0.36727150537634407 0.5859375 0.364247311827957 0.5950520833333334
5 0.30443548387096775 0.5911458333333334 0.29469086021505375 0.59375 0.2849462365591398 0.580078125 0.28326612903225806 0.5625 0.28326612903225806 0.55078125 0.2960349462365591 0.5260416666666666 0.30006720430107525 0.4466145833333333 0.3030913978494624 0.439453125 0.30443548387096775 0.439453125 0.3071236559139785 0.439453125 0.30981182795698925 0.4505208333333333 0.31149193548387094 0.498046875 0.31283602150537637 0.5084635416666666 0.31283602150537637 0.4895833333333333 0.31283602150537637 0.4505208333333333 0.31418010752688175 0.4420572916666667 0.3175403225806452 0.4407552083333333 0.32123655913978494 0.443359375 0.32594086021505375 0.4596354166666667 0.3279569892473118 0.5358072916666666 0.332997311827957 0.5748697916666666 0.3323252688172043 0.5950520833333334 0.31485215053763443 0.6015625
6 0.2553763440860215 0.5611979166666666 0.2415994623655914 0.5559895833333334 0.23588709677419356 0.5397135416666666 0.23588709677419356 0.5260416666666666 0.24361559139784947 0.5032552083333334 0.2493279569892473 0.4290364583333333 0.25 0.4140625 0.2540322580645161 0.408203125 0.2553763440860215 0.408203125 0.2584005376344086 0.4114583333333333 0.26310483870967744 0.4557291666666667 0.2651209677419355 0.4654947916666667 0.2674731182795699 0.4583333333333333 0.2674731182795699 0.4290364583333333 0.2667627688172043 0.41991080729166663 0.2668010752688172 0.4166666666666667 0.26881720430107525 0.4127604166666667 0.2721774193548387 0.4140625 0.2765456989247312 0.4270833333333333 0.27923387096774194 0.4641927083333333 0.2819220430107527 0.5234375 0.2825940860215054 0.5559895833333334 0.2772177419354839 0.5696614583333334 0.2590725806451613 0.572265625
8 0.5467069892473119 0.6100260416666666 0.5164650537634409 0.6126302083333334 0.511760752688172 0.6061197916666666 0.5104166666666666 0.59375 0.5110887096774194 0.580078125 0.5188172043010753 0.5423177083333334 0.5292338709677419 0.431640625 0.5346102150537635 0.421875 0.5389784946236559 0.421875 0.5416666666666666 0.4342447916666667 0.5436827956989247 0.5397135416666666 0.5493951612903226 0.572265625 0.5500672043010753 0.5963541666666666 0.5487231182795699 0.607421875
9 0.5793010752688172 0.607421875 0.5618279569892473 0.6100260416666666 0.5577956989247311 0.6100260416666666 0.552755376344086 0.6048177083333334 0.5514112903225806 0.5872395833333334 0.5514112903225806 0.572265625 0.5557795698924731 0.5520833333333334 0.5584677419354839 0.4518229166666667 0.563508064516129 0.431640625 0.5661962365591398 0.42578125 0.5688844086021505 0.4244791666666667 0.5715725806451613 0.42578125 0.573252688172043 0.4329427083333333 0.5779569892473119 0.544921875 0.5816532258064516 0.5748697916666666 0.582997311827957 0.59375 0.5816532258064516 0.6048177083333334
10 0.6115591397849462 0.607421875 0.6004704301075269 0.611328125 0.594758064516129 0.611328125 0.5863575268817204 0.6015625 0.5843413978494624 0.580078125 0.5897177419354839 0.5533854166666666 0.5940860215053764 0.42578125 0.5974462365591398 0.4029947916666667 0.6004704301075269 0.3990885416666667 0.602486559139785 0.3977864583333333 0.6058467741935484 0.404296875 0.6088709677419355 0.435546875 0.6129032258064516 0.544921875 0.6169354838709677 0.580078125 0.6155913978494624 0.5950520833333334
11 0.6263440860215054 0.603515625 0.614247311827957 0.603515625 0.6115591397849462 0.5859375 0.6115591397849462 0.572265625 0.6155913978494624 0.5462239583333334 0.6263440860215054 0.4205729166666667 0.6281179435483871 0.4147506510416667 0.6303763440860215 0.4114583333333333 0.633736559139785 0.4127604166666667 0.6357227822580646 0.416318359375 0.636760752688172 0.421875 0.6381048387096774 0.48046875 0.6421370967741935 0.5533854166666666 0.6471774193548387 0.580078125 0.646505376344086 0.6015625 0.6317204301075269 0.6165364583333334
12 0.6575940860215054 0.6087239583333334 0.6491935483870968 0.607421875 0.6414650537634409 0.5885416666666666 0.6407930107526881 0.5735677083333334 0.6449038978494623 0.5476966145833333 0.6469250672043011 0.45084375 0.6486095430107527 0.44213802083333337 0.6511922043010753 0.435390625 0.6532133736559139 0.433431640625 0.6555715725806451 0.43517317708333336 0.6565823252688172 0.438873046875 0.6562452956989248 0.44779687500000004 0.665994623655914 0.5462239583333334 0.6723790322580645 0.572265625 0.6723790322580645 0.5911458333333334 0.6686827956989247 0.6015625
14 0.7298921370967743 0.5598977864583333 0.7179186827956989 0.5683626302083333 0.705849126344086 0.5611751302083333 0.703260752688172 0.5478854166666667 0.7036290322580645 0.5345052083333334 0.706366935483871 0.5170436197916667 0.719758064516129 0.4166666666666667 0.7218017473118279 0.40534635416666664 0.7240672043010753 0.399703125 0.726979502688172 0.3981360677083334 0.7289210349462365 0.40252473958333335 0.7287594086021505 0.4097350260416666 0.7271414650537634 0.42509635416666663 0.7261424731182796 0.466796875 0.7281586021505376 0.4694010416666667 0.7288306451612904 0.4505208333333333 0.7345430107526881 0.4140625 0.7363921370967742 0.40821875 0.7376861559139785 0.4052096354166667 0.7399193548387096 0.404296875 0.7415688844086021 0.4067141927083333 0.7420863575268818 0.410224609375 0.7419354838709677 0.4140625 0.7386854838709678 0.4765950520833333 0.7392718413978494 0.49477278645833334 0.7417140456989247 0.5072701822916666 0.7442540322580645 0.5174954427083334 0.7456317204301075 0.5299479166666666 0.7449596774193549 0.5475260416666666 0.7372311827956989 0.55859375
16 0.5178091397849462 0.6529947916666666 0.5104166666666666 0.6061197916666666 0.5352822580645161 0.5989583333333334 0.5383064516129032 0.6061197916666666 0.5362903225806451 0.6490885416666666 0.5376344086021505 0.7291666666666666 0.5346102150537635 0.7395833333333334 0.5319220430107527 0.7408854166666666 0.5272177419354839 0.7356770833333334
17 0.5500672043010753 0.6588541666666666 0.5487231182795699 0.6087239583333334 0.5534274193548387 0.6061197916666666 0.5725806451612904 0.615234375 0.5752688172043011 0.62109375 0.5682123655913979 0.6627604166666666 0.5648521505376344 0.7584635416666666 0.563508064516129 0.7643229166666666 0.5611559139784946 0.7643229166666666 0.5571236559139785 0.76171875
18 0.5772849462365591 0.6588541666666666 0.5766129032258065 0.615234375 0.5823252688172043 0.6015625 0.5907258064516129 0.6002604166666666 0.5981182795698925 0.607421875 0.6031586021505376 0.6178385416666666 0.6051747311827957 0.62890625 0.6018145161290323 0.673828125 0.5940860215053764 0.783203125 0.5920698924731183 0.796875 0.5883736559139785 0.8033854166666666 0.585013440860215 0.8020833333333334 0.582997311827957 0.7955729166666666
19 0.6102150537634409 0.6725260416666666 0.604502688172043 0.6341145833333334 0.6071908602150538 0.6236979166666666 0.6213037634408602 0.615234375 0.6290322580645161 0.615234375 0.6323924731182796 0.62109375 0.6360887096774194 0.6315104166666666 0.6290322580645161 0.6725260416666666 0.6263440860215054 0.7682291666666666 0.623991935483871 0.7805989583333334 0.6213037634408602 0.7858072916666666 0.6199596774193549 0.787109375 0.6179435483870968 0.7858072916666666 0.614247311827957 0.7779947916666666
20 0.6401209677419355 0.6653645833333334 0.6330645161290323 0.642578125 0.6342805779569892 0.6256178385416666 0.6373867607526882 0.6160891927083333 0.6434811827956989 0.6100260416666666 0.6498655913978495 0.6139322916666666 0.6633064516129032 0.615234375 0.665994623655914 0.6236979166666666 0.665994623655914 0.63671875 0.6602822580645161 0.6653645833333334 0.6589381720430108 0.7630208333333334 0.6582661290322581 0.7708333333333334 0.6569220430107527 0.7779947916666666 0.6535618279569892 0.7805989583333334 0.6525537634408602 0.779296875 0.6505376344086021 0.7734375
22 0.6868279569892473 0.6751302083333334 0.6784274193548387 0.6692708333333334 0.6686827956989247 0.646484375 0.6676706989247312 0.632638671875 0.6687059811827957 0.6251165364583333 0.6728474462365591 0.6226087239583333 0.6793185483870968 0.6190983072916666 0.6861559139784946 0.5989583333333334 0.6932123655913979 0.59765625 0.6995967741935484 0.5885416666666666 0.7043010752688172 0.5885416666666666 0.7133736559139785 0.6048177083333334 0.7163978494623656 0.6315104166666666 0.741263440860215 0.6927083333333334 0.7449596774193549 0.7102864583333334 0.7449596774193549 0.716796875 0.7442876344086021 0.7233072916666666 0.7399193548387096 0.7265625 0.7231182795698925 0.69140625 0.7113575268817204 0.6751302083333334 0.7106854838709677 0.6751302083333334 0.7147177419354839 0.6829427083333334 0.729502688172043 0.7278645833333334 0.7335349462365591 0.7369791666666666 0.7335349462365591 0.744140625 0.729502688172043 0.7467447916666666 0.7211021505376344 0.744140625
23 0.7268145161290323 0.6302083333333334 0.7268145161290323 0.62890625 0.717741935483871 0.62109375 0.7120295698924731 0.6048177083333334 0.7107671370967742 0.5970325520833334 0.711025873655914 0.5890084635416667 0.7130967741935483 0.582990234375 0.7190860215053764 0.5813802083333334 0.7301747311827957 0.5774739583333334 0.7426075268817204 0.5533854166666666 0.7496639784946236 0.5572916666666666 0.7540322580645161 0.5748697916666666 0.7567204301075269 0.59765625 0.7735215053763441 0.6438802083333334 0.7748655913978495 0.6529947916666666 0.7741935483870968 0.6588541666666666 0.7698252688172043 0.66015625 0.7567204301075269 0.6399739583333334 0.751008064516129 0.6341145833333334 0.7503360215053764 0.638671875 0.7526881720430108 0.6490885416666666 0.7664650537634409 0.6529947916666666 0.7721774193548387 0.6653645833333334 0.7721774193548387 0.6692708333333334 0.7684811827956989 0.6751302083333334 0.7573924731182796 0.6751302083333334 0.7385752688172043 0.6549479166666666
24 0.4885752688172043 0.650390625 0.48588709677419356 0.6048177083333334 0.4899193548387097 0.6015625 0.5104166666666666 0.6061197916666666 0.5124327956989247 0.6100260416666666 0.5137768817204301 0.6165364583333334 0.5080645161290323 0.6529947916666666 0.5080645161290323 0.73046875 0.5067204301075269 0.7408854166666666 0.5040322580645161 0.7428385416666666 0.49966397849462363 0.7428385416666666
25 0.4593413978494624 0.6614583333333334 0.4536290322580645 0.625 0.4543010752688172 0.6126302083333334 0.4627016129032258 0.6048177083333334 0.47748655913978494 0.6048177083333334 0.48151881720430106 0.607421875 0.4852150537634409 0.615234375 0.4852150537634409 0.6263020833333334 0.479502688172043 0.6614583333333334 0.4831989247311828 0.744140625 0.48151881720430106 0.755859375 0.479502688172043 0.7604166666666666 0.4747983870967742 0.7604166666666666 0.46908602150537637 0.748046875
26 0.42573924731182794 0.677734375 0.4210349462365591 0.6399739583333334 0.4237231182795699 0.62890625 0.4321236559139785 0.615234375 0.43481182795698925 0.615234375 0.44623655913978494 0.619140625 0.4529569892473118 0.625 0.4566532258064516 0.6315104166666666 0.4522849462365591 0.6751302083333334 0.448252688172043 0.7669270833333334 0.44522849462365593 0.783203125 0.4405241935483871 0.791015625 0.43548387096774194 0.791015625
27 0.3924731182795699 0.6666666666666666 0.3894489247311828 0.6341145833333334 0.39381720430107525 0.6178385416666666 0.40893817204301075 0.6100260416666666 0.4173387096774194 0.6126302083333334 0.42573924731182794 0.6276041666666666 0.4270833333333333 0.638671875 0.41801075268817206 0.6692708333333334 0.4106182795698925 0.7643229166666666 0.4049059139784946 0.783203125 0.40053763440860213 0.7858072916666666 0.39852150537634407 0.7805989583333334
28 0.3551747311827957 0.6529947916666666 0.35618279569892475 0.6263020833333334 0.36223118279569894 0.615234375 0.3790322580645161 0.611328125 0.38810483870967744 0.615234375 0.3951612903225806 0.6263020833333334 0.3971774193548387 0.638671875 0.39194556451612905 0.6526328124999999 0.3797043010752688 0.6653645833333334 0.36727150537634407 0.7265625 0.35618279569892475 0.7643229166666666 0.34206989247311825 0.7779947916666666 0.3393817204301075 0.7779947916666666 0.3370295698924731 0.7734375 0.34475806451612906 0.748046875 0.3491263440860215 0.7265625
30 0.27419354838709675 0.6263020833333334 0.2772177419354839 0.6002604166666666 0.28326612903225806 0.5885416666666666 0.28830645161290325 0.5859375 0.2960349462365591 0.5859375 0.3071236559139785 0.5989583333333334 0.3225806451612903 0.6048177083333334 0.3279569892473118 0.6236979166666666 0.32661290322580644 0.6451822916666666 0.31955645161290325 0.6640625 0.3071236559139785 0.6725260416666666 0.28326612903225806 0.716796875 0.26243279569892475 0.748046875 0.259744623655914 0.748046875 0.259744623655914 0.7369791666666666 0.2772177419354839 0.6979166666666666 0.28125 0.685546875 0.2819220430107527 0.6705729166666666 0.27788978494623656 0.6751302083333334 0.2708333333333333 0.7044270833333334 0.259744623655914 0.7252604166666666 0.25201612903225806 0.7291666666666666 0.2506720430107527 0.7291666666666666
