0 0.5043682795698925 0.6041666666666666 0.4831989247311828 0.599609375 0.4781586021505376 0.5859375 0.4781586021505376 0.5703125 0.4798387096774194 0.5546875 0.4848790322580645 0.5279947916666666 0.4879032258064516 0.4147135416666667 0.4899193548387097 0.400390625 0.49361559139784944 0.3919270833333333 0.49731182795698925 0.3919270833333333 0.5003360215053764 0.3958333333333333 0.5043682795698925 0.4088541666666667 0.5067204301075269 0.529296875 0.5090725806451613 0.5631510416666666 0.5084005376344086 0.5859375 0.5067204301075269 0.599609375
1 0.4700940860215054 0.5924479166666666 0.46236559139784944 0.58984375 0.45631720430107525 0.5774739583333334 0.4543010752688172 0.568359375 0.4543010752688172 0.5559895833333334 0.4586693548387097 0.5234375 0.46303763440860213 0.4147135416666667 0.4657258064516129 0.4088541666666667 0.4680779569892473 0.4075520833333333 0.47110215053763443 0.4088541666666667 0.4747983870967742 0.416015625 0.47614247311827956 0.5234375 0.4788306451612903 0.560546875 0.4788306451612903 0.580078125 0.47748655913978494 0.5872395833333334
2 0.43581989247311825 0.5930989583333334 0.42338709677419356 0.5618489583333334 0.42338709677419356 0.544921875 0.42876344086021506 0.513671875 0.4381720430107527 0.3736979166666667 0.4425403225806452 0.36328125 0.4475806451612903 0.3619791666666667 0.45060483870967744 0.3704427083333333 0.4532930107526882 0.5162760416666666 0.4549731182795699 0.548828125 0.4532930107526882 0.5690104166666666
3 0.42405913978494625 0.5729166666666666 0.41397849462365593 0.5846354166666666 0.40826612903225806 0.5859375 0.4015456989247312 0.5846354166666666 0.39885752688172044 0.5670572916666666 0.39885752688172044 0.5501302083333334 0.4032258064516129 0.5110677083333334 0.40893817204301075 0.39453125 0.4112903225806452 0.380859375 0.41330645161290325 0.37890625 0.4163306451612903 0.380859375 0.4200268817204301 0.39453125 0.42439516129032256 0.416015625 0.43010752688172044 0.5091145833333334 0.4344758064516129 0.533203125 0.43514784946236557 0.5462239583333334 0.4321236559139785 0.568359375
4 0.396505376344086 0.5631510416666666 0.3860887096774194 0.5755208333333334 0.37836021505376344 0.5755208333333334 0.37231182795698925 0.5559895833333334 0.37231182795698925 0.5416666666666666 0.37768817204301075 0.5104166666666666 0.3860887096774194 0.3932291666666667 0.38776881720430106 0.3860677083333333 0.3904569892473118 0.3860677083333333 0.3941532258064516 0.3893229166666667 0.39852150537634407 0.4049479166666667 0.4015456989247312 0.4342447916666667 0.4015456989247312 0.5104166666666666 0.40456989247311825 0.5403645833333334 0.40456989247311825 0.5520833333333334 0.40288978494623656 0.5631510416666666
5 0.3481182795698925 0.5501302083333334 0.33803763440860213 0.5501302083333334 0.3336693548387097 0.5403645833333334 0.33131720430107525 0.5234375 0.33131720430107525 0.5110677083333334 0.34106182795698925 0.4908854166666667 0.34106182795698925 0.4114583333333333 0.3424059139784946 0.396484375 0.34355174731182797 0.39301432291666666 0.34543010752688175 0.390625 0.3474462365591398 0.390625 0.3488918010752688 0.392857421875 0.3497983870967742 0.3990885416666667 0.35164280913978496 0.419037109375 0.351885752688172 0.4259348958333333 0.3584771505376344 0.3800364583333333 0.3605510752688172 0.3717447916666667 0.36238272849462366 0.3674856770833333 0.365255376344086 0.3665364583333333 0.36794354838709675 0.3678385416666667 0.3702956989247312 0.3717447916666667 0.37298387096774194 0.3834635416666667 0.37399193548387094 0.5026041666666666 0.37533602150537637 0.5390625 0.37231182795698925 0.5559895833333334 0.35551075268817206 0.5657552083333334
6 0.3057795698924731 0.529296875 0.2970430107526882 0.51953125 0.29368279569892475 0.5026041666666666 0.29368279569892475 0.4869791666666667 0.30006720430107525 0.4694010416666667 0.3088037634408602 0.400390625 0.3125 0.384765625 0.3155241935483871 0.3834635416666667 0.3192204301075269 0.3880208333333333 0.32056451612903225 0.404296875 0.32056451612903225 0.39453125 0.32248521505376343 0.3832981770833333 0.32560483870967744 0.3802083333333333 0.3293010752688172 0.3834635416666667 0.3315692204301075 0.39209830729166667 0.3323252688172043 0.4049479166666667 0.33501344086021506 0.4837239583333333 0.3323252688172043 0.5234375 0.3272849462365591 0.53515625 0.3138440860215054 0.5377604166666666
7 0.26713709677419356 0.52734375 0.25638440860215056 0.5234375 0.2547043010752688 0.5078125 0.2547043010752688 0.4934895833333333 0.2547043010752688 0.4869791666666667 0.260752688172043 0.4700520833333333 0.2708333333333333 0.4342447916666667 0.27251344086021506 0.404296875 0.27956989247311825 0.384765625 0.2862903225806452 0.3821614583333333 0.2950268817204301 0.4029947916666667 0.2956989247311828 0.4114583333333333 0.2980510752688172 0.4837239583333333 0.2987231182795699 0.5188802083333334 0.2950268817204301 0.5390625 0.2805779569892473 0.5514322916666666 0.2752016129032258 0.5462239583333334
8 0.530241935483871 0.60546875 0.5084005376344086 0.5944010416666666 0.5073924731182796 0.5729166666666666 0.5073924731182796 0.5514322916666666 0.5110887096774194 0.5247395833333334 0.5211693548387096 0.4173177083333333 0.5258736559139785 0.404296875 0.5315860215053764 0.4016927083333333 0.5346102150537635 0.40625 0.5339381720430108 0.529296875 0.5366263440860215 0.5729166666666666 0.5366263440860215 0.5846354166666666 0.5352822580645161 0.595703125
9 0.552755376344086 0.5885416666666666 0.5453629032258065 0.5885416666666666 0.5403225806451613 0.580078125 0.5372983870967742 0.5631510416666666 0.5372983870967742 0.5501302083333334 0.5403225806451613 0.5260416666666666 0.5470430107526881 0.421875 0.5504032258064516 0.4075520833333333 0.5534274193548387 0.40625 0.5557795698924731 0.4114583333333333 0.5591397849462365 0.4283854166666667 0.5601478494623656 0.5234375 0.5621639784946236 0.5572916666666666 0.5601478494623656 0.5703125
10 0.5782930107526881 0.595703125 0.5638440860215054 0.5657552083333334 0.5638440860215054 0.5520833333333334 0.5672043010752689 0.5208333333333334 0.5769489247311828 0.3736979166666667 0.5796370967741935 0.365234375 0.5826612903225806 0.3639322916666667 0.5843413978494624 0.3717447916666667 0.5887096774193549 0.51953125 0.5913978494623656 0.5533854166666666 0.5893817204301075 0.5703125
11 0.5944220430107527 0.5826822916666666 0.5863575268817204 0.5729166666666666 0.5833333333333334 0.5533854166666666 0.584005376344086 0.5403645833333334 0.5907258064516129 0.5123697916666666 0.5930779569892473 0.419921875 0.5974462365591398 0.404296875 0.6031586021505376 0.400390625 0.6061827956989247 0.4016927083333333 0.6095430107526881 0.4147135416666667 0.6125672043010753 0.5221354166666666 0.6182795698924731 0.5598958333333334 0.616263440860215 0.5826822916666666 0.6061827956989247 0.595703125
12 0.6286962365591398 0.5716145833333334 0.6155913978494624 0.5755208333333334 0.6098790322580645 0.5690104166666666 0.6098790322580645 0.5520833333333334 0.6139112903225806 0.5221354166666666 0.6169354838709677 0.4147135416666667 0.6182795698924731 0.4029947916666667 0.6206317204301075 0.3977864583333333 0.6256720430107527 0.4016927083333333 0.6286962365591398 0.4127604166666667 0.636760752688172 0.5162760416666666 0.6441532258064516 0.5533854166666666 0.6441532258064516 0.5670572916666666 0.6424731182795699 0.5774739583333334 0.6354166666666666 0.58984375
13 0.6643145161290323 0.55859375 0.6505376344086021 0.568359375 0.6424731182795699 0.568359375 0.636760752688172 0.548828125 0.636760752688172 0.5319010416666666 0.6391129032258065 0.5091145833333334 0.6397849462365591 0.4368489583333333 0.6424731182795699 0.4114583333333333 0.6443145161290322 0.39457877604166663 0.6461693548387096 0.380859375 0.6471710349462365 0.3769986979166667 0.6488514784946237 0.3753704427083333 0.6512096774193549 0.3763020833333333 0.6535618279569892 0.3802083333333333 0.6549845430107527 0.38627669270833337 0.660445564516129 0.4442265625 0.6629704301075269 0.4114583333333333 0.6648145161290323 0.4066243489583334 0.6673387096774194 0.40625 0.6705275537634409 0.4089029947916667 0.6726280241935484 0.41329817708333333 0.6733870967741935 0.4212239583333333 0.6733840725806451 0.43641341145833334 0.6717069892473119 0.4954427083333333 0.6784274193548387 0.529296875 0.677755376344086 0.548828125 0.6733870967741935 0.5598958333333334
14 0.7022849462365591 0.5247395833333334 0.6922043010752689 0.5403645833333334 0.6834677419354839 0.54296875 0.676747311827957 0.53515625 0.6733870967741935 0.5149739583333334 0.6754032258064516 0.4850260416666667 0.6733870967741935 0.400390625 0.6739956317204301 0.3959518229166667 0.675125 0.3941002604166666 0.6766021505376344 0.39292122395833334 0.6779926075268817 0.3927532552083333 0.6790994623655914 0.39453125 0.6801646505376344 0.39948697916666664 0.6813810483870968 0.4080729166666666 0.6871639784946236 0.4498697916666667 0.6841397849462365 0.396484375 0.6847261424731182 0.3888815104166667 0.6871639784946236 0.3860677083333333 0.689010752688172 0.3856256510416667 0.6908602150537635 0.3873697916666667 0.6931276881720431 0.390671875 0.6942204301075269 0.39453125 0.7046370967741935 0.4739583333333333 0.7127016129032258 0.4967447916666667 0.7110215053763441 0.5208333333333334
15 0.7439516129032258 0.4895833333333333 0.7301747311827957 0.5091145833333334 0.7234543010752689 0.513671875 0.7170698924731183 0.5110677083333334 0.7110215053763441 0.4993489583333333 0.7083333333333334 0.4811197916666667 0.7110215053763441 0.4596354166666667 0.7016129032258065 0.3821614583333333 0.7026209677419355 0.3736979166666667 0.7032930107526881 0.3717447916666667 0.7059811827956989 0.3717447916666667 0.7110215053763441 0.380859375 0.7207661290322581 0.4114583333333333 0.7234543010752689 0.4088541666666667 0.7214381720430108 0.400390625 0.7147177419354839 0.3678385416666667 0.7157258064516129 0.3619791666666667 0.7207661290322581 0.3619791666666667 0.7264784946236559 0.3736979166666667 0.7449596774193549 0.431640625 0.7526881720430108 0.4524739583333333 0.7536962365591398 0.4694010416666667 0.75 0.4895833333333333
16 0.5104166666666666 0.650384765625 0.5053763440860215 0.609369140625 0.5067204301075269 0.6041608072916667 0.5235215053763441 0.6041608072916667 0.5265456989247311 0.6080670572916667 0.5272177419354839 0.6126243489583333 0.5278897849462365 0.7330670572916667 0.5258736559139785 0.7408795572916667 0.5228494623655914 0.7408795572916667
17 0.5315860215053764 0.6438802083333334 0.5258736559139785 0.5970052083333334 0.5295698924731183 0.5911458333333334 0.5453629032258065 0.5970052083333334 0.5483870967741935 0.6067708333333334 0.5504032258064516 0.611328125 0.5463709677419355 0.6438802083333334 0.5463709677419355 0.7076822916666666 0.5453629032258065 0.7200520833333334 0.5433467741935484 0.7233072916666666 0.5396505376344086 0.7259114583333334 0.5339381720430108 0.7102864583333334
18 0.5520833333333334 0.646484375 0.5477150537634409 0.6087239583333334 0.5520833333333334 0.599609375 0.5601478494623656 0.5911458333333334 0.5665322580645161 0.5911458333333334 0.5739247311827957 0.6028645833333334 0.5769489247311828 0.615234375 0.5725806451612904 0.646484375 0.5803091397849462 0.7369791666666666 0.5776209677419355 0.748046875 0.5745967741935484 0.75 0.5702284946236559 0.748046875 0.5608198924731183 0.7174479166666666
19 0.5789650537634409 0.6380208333333334 0.5702284946236559 0.611328125 0.5782930107526881 0.5846354166666666 0.5877016129032258 0.5826822916666666 0.5964381720430108 0.5885416666666666 0.6011424731182796 0.6009114583333334 0.6001344086021505 0.630859375 0.6031586021505376 0.7272135416666666 0.602486559139785 0.7356770833333334 0.5987903225806451 0.73828125 0.5964381720430108 0.7317708333333334
20 0.6051747311827957 0.6341145833333334 0.5957661290322581 0.60546875 0.5971102150537635 0.5911458333333334 0.604502688172043 0.5774739583333334 0.6095430107526881 0.5755208333333334 0.6176075268817204 0.5755208333333334 0.6273521505376344 0.5911458333333334 0.6263440860215054 0.625 0.6424731182795699 0.734375 0.6397849462365591 0.7415364583333334 0.6360887096774194 0.7415364583333334
21 0.6330645161290323 0.6236979166666666 0.6182795698924731 0.5846354166666666 0.6236559139784946 0.5690104166666666 0.6310483870967742 0.5618489583333334 0.6404569892473119 0.5690104166666666 0.6498655913978495 0.5546875 0.6599462365591398 0.5520833333333334 0.665994623655914 0.5546875 0.6696908602150538 0.564453125 0.6696908602150538 0.60546875 0.6942204301075269 0.6803385416666666 0.6942204301075269 0.6907552083333334 0.6922043010752689 0.6985677083333334 0.686491935483871 0.6959635416666666 0.6622983870967742 0.6393229166666666 0.6599462365591398 0.6393229166666666 0.6579301075268817 0.6438802083333334 0.6579301075268817 0.6510416666666666 0.6579301075268817 0.65625 0.6636424731182796 0.6790364583333334 0.6754032258064516 0.7115885416666666 0.6754032258064516 0.7200520833333334 0.6733870967741935 0.724609375 0.6673387096774194 0.7233072916666666 0.6565860215053764 0.7044270833333334
22 0.6811155913978495 0.6041666666666666 0.665994623655914 0.5787760416666666 0.6653225806451613 0.5690104166666666 0.6686827956989247 0.5501302083333334 0.6740591397849462 0.544921875 0.6804435483870968 0.54296875 0.688508064516129 0.5247395833333334 0.6979166666666666 0.5247395833333334 0.7103494623655914 0.5475260416666666 0.7147177419354839 0.5716145833333334 0.7362231182795699 0.6477864583333334 0.7362231182795699 0.6536458333333334 0.7331989247311828 0.6549479166666666 0.7281586021505376 0.6510416666666666 0.7096774193548387 0.6067708333333334 0.7059811827956989 0.6067708333333334 0.7163978494623656 0.6334635416666666 0.7301747311827957 0.6634114583333334 0.7301747311827957 0.6692708333333334 0.7271505376344086 0.6744791666666666 0.717741935483871 0.6744791666666666
23 0.7194220430107527 0.5716145833333334 0.7194220430107527 0.5703125 0.7076612903225806 0.54296875 0.7076612903225806 0.5247395833333334 0.7096774193548387 0.5162760416666666 0.7140456989247311 0.5078125 0.7281586021505376 0.5065104166666666 0.7395833333333334 0.4921875 0.7469758064516129 0.4921875 0.7526881720430108 0.50390625 0.7563844086021505 0.5110677083333334 0.7570564516129032 0.54296875 0.7718413978494624 0.58984375 0.7711693548387096 0.5983072916666666 0.7674731182795699 0.6041666666666666 0.7594086021505376 0.5983072916666666 0.7493279569892473 0.5755208333333334 0.7463037634408602 0.5703125 0.7449596774193549 0.5716145833333334 0.7439516129032258 0.5774739583333334 0.7456317204301075 0.5885416666666666 0.7493279569892473 0.6009114583333334 0.7644489247311828 0.611328125 0.7651209677419355 0.615234375 0.7637768817204301 0.62109375 0.7563844086021505 0.62109375 0.7469758064516129 0.62109375 0.7368951612903226 0.615234375
24 0.4895490591397849 0.6458248697916666 0.48689516129032256 0.5983072916666666 0.48723118279569894 0.5944010416666666 0.501008064516129 0.5944010416666666 0.5090725806451613 0.5983072916666666 0.511760752688172 0.6041666666666666 0.5124327956989247 0.6080729166666666 0.5057718413978495 0.6458248697916666 0.5023521505376344 0.7174479166666666 0.5023521505376344 0.724609375 0.4986559139784946 0.7298177083333334 0.4956317204301075 0.728515625
25 0.4680779569892473 0.626953125 0.4680779569892473 0.5924479166666666 0.4680779569892473 0.5859375 0.4724462365591398 0.5826822916666666 0.4825268817204301 0.5859375 0.489247311827957 0.5944010416666666 0.49126344086021506 0.6015625 0.49126344086021506 0.6087239583333334 0.4862231182795699 0.6354166666666666 0.48185483870967744 0.71875 0.4788306451612903 0.71875 0.4754704301075269 0.7174479166666666 0.4717741935483871 0.708984375 0.46875 0.693359375
26 0.4388440860215054 0.62109375 0.44086021505376344 0.5930989583333334 0.44623655913978494 0.5787760416666666 0.4593413978494624 0.5774739583333334 0.4643817204301075 0.5885416666666666 0.4694220430107527 0.6009114583333334 0.4694220430107527 0.6100260416666666 0.46303763440860213 0.630859375 0.45060483870967744 0.7298177083333334 0.4469086021505376 0.73828125 0.44388440860215056 0.740234375 0.44018817204301075 0.740234375 0.4368279569892473 0.7311197916666666
27 0.4109543010752688 0.62109375 0.41196236559139787 0.583984375 0.41969086021505375 0.5657552083333334 0.427755376344086 0.564453125 0.4338037634408602 0.564453125 0.44321236559139787 0.5774739583333334 0.44556451612903225 0.5885416666666666 0.44556451612903225 0.5970052083333334 0.44455645161290325 0.6041666666666666 0.43581989247311825 0.626953125 0.4200268817204301 0.7115885416666666 0.41330645161290325 0.7330729166666666 0.40961021505376344 0.7369791666666666 0.40658602150537637 0.7369791666666666 0.40288978494623656 0.7272135416666666
28 0.38205645161290325 0.611328125 0.3834005376344086 0.5729166666666666 0.38911290322580644 0.5631510416666666 0.39448924731182794 0.5598958333333334 0.3995295698924731 0.5598958333333334 0.40456989247311825 0.568359375 0.4153225806451613 0.5657552083333334 0.4163306451612903 0.5690104166666666 0.4183467741935484 0.5787760416666666 0.41901881720430106 0.5944010416666666 0.4075940860215054 0.6256510416666666 0.3897849462365591 0.7076822916666666 0.3834005376344086 0.7272135416666666 0.3797043010752688 0.7330729166666666 0.37668010752688175 0.7330729166666666 0.37399193548387094 0.724609375
29 0.3353494623655914 0.5983072916666666 0.33669354838709675 0.5520833333333334 0.3430779569892473 0.53515625 0.3497983870967742 0.533203125 0.35719086021505375 0.5377604166666666 0.3696236559139785 0.5546875 0.3897849462365591 0.55859375 0.39448924731182794 0.568359375 0.39448924731182794 0.5846354166666666 0.3907930107526882 0.5970052083333334 0.37735215053763443 0.6184895833333334 0.36928763440860213 0.6744791666666666 0.353494623655914 0.7102864583333334 0.3481182795698925 0.7102864583333334 0.34543010752688175 0.703125 0.35551075268817206 0.6595052083333334 0.35551075268817206 0.640625 0.3541666666666667 0.6295572916666666 0.3504704301075269 0.6295572916666666 0.3481182795698925 0.6341145833333334 0.34038978494623656 0.662109375 0.3323252688172043 0.6901041666666666 0.3293010752688172 0.6959635416666666 0.3235887096774194 0.6985677083333334 0.31989247311827956 0.6875
30 0.2862903225806452 0.5657552083333334 0.2906586021505376 0.529296875 0.2987231182795699 0.5149739583333334 0.3094758064516129 0.5149739583333334 0.3175403225806452 0.5319010416666666 0.332997311827957 0.5416666666666666 0.3397177419354839 0.5631510416666666 0.33602150537634407 0.5813802083333334 0.3192204301075269 0.6015625 0.30510752688172044 0.646484375 0.28998655913978494 0.6692708333333334 0.2849462365591398 0.6705729166666666 0.2819220430107527 0.6634114583333334 0.28326612903225806 0.65625 0.2950268817204301 0.6197916666666666 0.2963709677419355 0.6087239583333334 0.2950268817204301 0.6080729166666666 0.2933467741935484 0.6171875 0.28897849462365593 0.6393229166666666 0.28024193548387094 0.6608072916666666 0.2768817204301075 0.6647135416666666 0.2721774193548387 0.6608072916666666 0.271505376344086 0.6536458333333334
