0 0.4566532258064516 0.580078125 0.4573252688172043 0.537109375 0.4593413978494624 0.4908854166666667 0.46068548387096775 0.4817708333333333 0.4650537634408602 0.4817708333333333 0.46975806451612906 0.48828125 0.47681451612903225 0.5123697916666666 0.48588709677419356 0.572265625 0.49227150537634407 0.6015625 0.49361559139784944 0.6302083333333334 0.49227150537634407 0.6451822916666666 0.46135752688172044 0.6477864583333334 0.45598118279569894 0.638671875 0.4536290322580645 0.6236979166666666 0.4536290322580645 0.611328125
1 0.42506720430107525 0.5787760416666666 0.42573924731182794 0.5397135416666666 0.4237231182795699 0.49609375 0.42439516129032256 0.484375 0.4270833333333333 0.4830729166666667 0.43010752688172044 0.4830729166666667 0.4327956989247312 0.4908854166666667 0.4418682795698925 0.5462239583333334 0.44388440860215056 0.572265625 0.45094086021505375 0.6126302083333334 0.45161290322580644 0.62890625 0.4495967741935484 0.6399739583333334 0.43010752688172044 0.6438802083333334 0.42506720430107525 0.62890625 0.4237231182795699 0.615234375 0.4230510752688172 0.6048177083333334
2 0.3924731182795699 0.5748697916666666 0.3958333333333333 0.515625 0.39381720430107525 0.4733072916666667 0.39314516129032256 0.44921875 0.3951612903225806 0.4420572916666667 0.39852150537634407 0.4407552083333333 0.40356182795698925 0.4654947916666667 0.41196236559139787 0.4921875 0.415994623655914 0.533203125 0.4166666666666667 0.5748697916666666 0.42036290322580644 0.5872395833333334 0.4217069892473118 0.6100260416666666 0.41969086021505375 0.62890625 0.4106182795698925 0.63671875 0.39919354838709675 0.6399739583333334 0.3924731182795699 0.62890625 0.38810483870967744 0.6126302083333334 0.38810483870967744 0.6015625 0.38810483870967744 0.6002604166666666
3 0.36088709677419356 0.5787760416666666 0.364247311827957 0.55078125 0.3659274193548387 0.51953125 0.36727150537634407 0.4869791666666667 0.3699596774193548 0.4772135416666667 0.3713037634408602 0.4772135416666667 0.37264784946236557 0.4817708333333333 0.37768817204301075 0.5182291666666666 0.3840725806451613 0.5735677083333334 0.3894489247311828 0.5872395833333334 0.3894489247311828 0.603515625 0.38676075268817206 0.6236979166666666 0.3810483870967742 0.6315104166666666 0.37331989247311825 0.63671875 0.36155913978494625 0.6263020833333334 0.3575268817204301 0.6139322916666666 0.3575268817204301 0.6002604166666666
4 0.33501344086021506 0.572265625 0.34274193548387094 0.5208333333333334 0.34711021505376344 0.474609375 0.3497983870967742 0.4680989583333333 0.3531586021505376 0.4720052083333333 0.35618279569892475 0.4921875 0.3575268817204301 0.5748697916666666 0.3595430107526882 0.6061197916666666 0.3581989247311828 0.6223958333333334 0.3531586021505376 0.62890625 0.34475806451612906 0.6328125 0.33501344086021506 0.62890625 0.3323252688172043 0.6165364583333334 0.32963709677419356 0.6015625
6 0.271505376344086 0.5911458333333334 0.2651209677419355 0.5963541666666666 0.2584005376344086 0.5859375 0.2540322580645161 0.5651041666666666 0.2553763440860215 0.55078125 0.26243279569892475 0.5234375 0.2644489247311828 0.498046875 0.26810685483870966 0.48372981770833334 0.27271673387096773 0.46680598958333336 0.27465793010752687 0.45411328125 0.2775695564516129 0.4531731770833333 0.28072345430107526 0.45693424479166667 0.28484845430107525 0.46962695312499997 0.28763440860215056 0.4856770833333333 0.2904287634408602 0.5001829427083333 0.2938256048387097 0.5218072916666666 0.2960349462365591 0.544921875 0.2980510752688172 0.5638020833333334 0.2973790322580645 0.583984375 0.2916666666666667 0.59375 0.2805779569892473 0.6015625
7 0.24742271505376345 0.5126256510416667 0.23968145161290325 0.5006354166666667 0.2316502016129032 0.48443359375 0.22779032258064516 0.43790559895833336 0.23605510752688172 0.3987630208333333 0.2427755376344086 0.3678385416666667 0.2496646505376344 0.36977539062500003 0.2551639784946237 0.3817311197916667 0.2592926747311828 0.394720703125 0.2595295698924731 0.411318359375 0.26424764784946236 0.43707486979166665 0.27282560483870966 0.45784635416666664 0.27153897849462366 0.4811106770833333 0.26296068548387097 0.5076979166666666 0.25722815860215054 0.5126256510416667
8 0.49899193548387094 0.5787760416666666 0.5060483870967742 0.5247395833333334 0.511760752688172 0.49609375 0.5188172043010753 0.48828125 0.5228494623655914 0.4869791666666667 0.5248655913978495 0.49609375 0.5278897849462365 0.5260416666666666 0.5292338709677419 0.580078125 0.5319220430107527 0.6061197916666666 0.5319220430107527 0.6354166666666666 0.5292338709677419 0.650390625 0.4956317204301075 0.650390625 0.49428763440860213 0.6341145833333334 0.49428763440860213 0.6139322916666666
9 0.5362903225806451 0.5826822916666666 0.5443548387096774 0.5032552083333334 0.5480510752688172 0.4895833333333333 0.5514112903225806 0.4895833333333333 0.5551075268817204 0.4947916666666667 0.5571236559139785 0.5208333333333334 0.5591397849462365 0.5826822916666666 0.5604838709677419 0.611328125 0.5604838709677419 0.6328125 0.5584677419354839 0.6438802083333334 0.5362903225806451 0.646484375 0.5332661290322581 0.6263020833333334 0.5332661290322581 0.6139322916666666
10 0.5655241935483871 0.5774739583333334 0.5688844086021505 0.5423177083333334 0.5739247311827957 0.4856770833333333 0.5799731182795699 0.4544270833333333 0.585013440860215 0.4479166666666667 0.5877016129032258 0.4479166666666667 0.5907258064516129 0.4518229166666667 0.5907258064516129 0.4641927083333333 0.5907258064516129 0.4908854166666667 0.5940860215053764 0.5208333333333334 0.5934139784946236 0.576171875 0.5940860215053764 0.6015625 0.5934139784946236 0.619140625 0.5890456989247311 0.62890625 0.5779569892473119 0.642578125 0.5655241935483871 0.6328125 0.5611559139784946 0.6263020833333334 0.5591397849462365 0.615234375 0.5591397849462365 0.6100260416666666
11 0.6018145161290323 0.6341145833333334 0.6018145161290323 0.6354166666666666 0.5934139784946236 0.6341145833333334 0.5907258064516129 0.6048177083333334 0.592741935483871 0.5911458333333334 0.5974462365591398 0.568359375 0.5997983870967742 0.4947916666666667 0.6088709677419355 0.4720052083333333 0.6135752688172043 0.4694010416666667 0.616263440860215 0.474609375 0.616263440860215 0.4830729166666667 0.614247311827957 0.509765625 0.6199596774193549 0.5774739583333334 0.6253360215053764 0.6048177083333334 0.6253360215053764 0.6223958333333334 0.6226478494623656 0.6354166666666666 0.6129032258064516 0.6399739583333334
12 0.6253360215053764 0.5787760416666666 0.623991935483871 0.52734375 0.6253360215053764 0.4993489583333333 0.6317204301075269 0.4772135416666667 0.6354166666666666 0.474609375 0.6394489247311828 0.474609375 0.6394489247311828 0.4908854166666667 0.6381048387096774 0.505859375 0.6434811827956989 0.5533854166666666 0.6458333333333334 0.5787760416666666 0.6518817204301075 0.5989583333333334 0.6518817204301075 0.615234375 0.646505376344086 0.6263020833333334 0.6394489247311828 0.6341145833333334 0.6303763440860215 0.6341145833333334 0.6226478494623656 0.62890625 0.6199596774193549 0.6178385416666666
13 0.6485215053763441 0.5748697916666666 0.6524338037634408 0.5199270833333333 0.6553454301075269 0.498302734375 0.6582661290322581 0.4908854166666667 0.6597127016129033 0.4917213541666667 0.6616263440860215 0.49609375 0.6633064516129032 0.5182291666666666 0.665994623655914 0.5286458333333334 0.6686827956989247 0.513671875 0.6701458333333333 0.4978326822916667 0.6718440860215054 0.4903111979166667 0.6743951612903226 0.48828125 0.6770833333333334 0.4921875 0.6797715053763441 0.5084635416666666 0.6797715053763441 0.5260416666666666 0.6790994623655914 0.5397135416666666 0.6841397849462365 0.5696614583333334 0.6888440860215054 0.5859375 0.6911962365591398 0.5989583333333334 0.6898521505376344 0.611328125 0.6861559139784946 0.619140625 0.6834677419354839 0.62109375 0.6750672043010753 0.6165364583333334 0.6646505376344086 0.6302083333333334 0.65625 0.62890625 0.6491935483870968 0.625 0.646505376344086 0.6048177083333334
14 0.6868279569892473 0.5625 0.6918682795698925 0.5208333333333334 0.6912547043010753 0.498302734375 0.6932123655913979 0.48046875 0.6952284946236559 0.4694010416666667 0.7002688172043011 0.466796875 0.7043010752688172 0.4720052083333333 0.7056451612903226 0.484375 0.706989247311828 0.5032552083333334 0.707997311827957 0.4908854166666667 0.7093413978494624 0.4759114583333333 0.7111502016129032 0.46962695312499997 0.7133340053763441 0.4663359375 0.7160030241935483 0.4686861979166667 0.7184139784946236 0.474609375 0.719758064516129 0.4869791666666667 0.7231182795698925 0.515625 0.7288306451612904 0.544921875 0.7301747311827957 0.572265625 0.7288306451612904 0.58984375 0.7244623655913979 0.5989583333333334 0.7163978494623656 0.5989583333333334 0.706989247311828 0.6087239583333334 0.6979166666666666 0.6061197916666666 0.6911962365591398 0.5989583333333334 0.6861559139784946 0.5859375
15 0.7315188172043011 0.5423177083333334 0.7281586021505376 0.4934895833333333 0.7281586021505376 0.4720052083333333 0.7288306451612904 0.4609375 0.7315188172043011 0.4583333333333333 0.7385752688172043 0.4609375 0.7456317204301075 0.484375 0.7573924731182796 0.515625 0.7624327956989247 0.5286458333333334 0.7671370967741935 0.5423177083333334 0.7678091397849462 0.5559895833333334 0.7657930107526881 0.5651041666666666 0.7624327956989247 0.5696614583333334 0.7567204301075269 0.5826822916666666 0.7547043010752689 0.5859375 0.7476478494623656 0.5872395833333334 0.7405913978494624 0.5859375 0.7335349462365591 0.5787760416666666 0.7308467741935484 0.5611979166666666
17 0.5262096774193549 0.7076822916666666 0.5178091397849462 0.677734375 0.5164650537634409 0.6666666666666666 0.5178091397849462 0.65625 0.5292338709677419 0.650390625 0.5362903225806451 0.6549479166666666 0.543010752688172 0.673828125 0.5460349462365591 0.7018229166666666 0.552755376344086 0.7571614583333334 0.5544354838709677 0.7747395833333334 0.5544354838709677 0.783203125 0.5514112903225806 0.7897135416666666 0.5460349462365591 0.7884114583333334
18 0.5514112903225806 0.7005208333333334 0.5443548387096774 0.66796875 0.5443548387096774 0.6614583333333334 0.5467069892473119 0.6529947916666666 0.552755376344086 0.6451822916666666 0.5604838709677419 0.6451822916666666 0.5675403225806451 0.646484375 0.5739247311827957 0.6549479166666666 0.5779569892473119 0.685546875 0.5786290322580645 0.7102864583333334 0.5823252688172043 0.7532552083333334 0.5823252688172043 0.7858072916666666 0.5823252688172043 0.8098958333333334 0.5806451612903226 0.8196614583333334 0.5766129032258065 0.818359375 0.5695564516129032 0.8046875
19 0.5836693548387096 0.703125 0.5739247311827957 0.6705729166666666 0.5752688172043011 0.6614583333333334 0.5877016129032258 0.6438802083333334 0.594758064516129 0.642578125 0.602486559139785 0.646484375 0.6058467741935484 0.6588541666666666 0.6088709677419355 0.6803385416666666 0.6071908602150538 0.7018229166666666 0.6115591397849462 0.7643229166666666 0.6129032258064516 0.7884114583333334 0.6129032258064516 0.7955729166666666 0.6115591397849462 0.7994791666666666 0.6071908602150538 0.7981770833333334 0.6018145161290323 0.779296875
20 0.6129032258064516 0.69140625 0.6018145161290323 0.6666666666666666 0.6018145161290323 0.6549479166666666 0.6071908602150538 0.642578125 0.614247311827957 0.638671875 0.6199596774193549 0.63671875 0.6270161290322581 0.63671875 0.633736559139785 0.6451822916666666 0.6354166666666666 0.6549479166666666 0.636760752688172 0.6653645833333334 0.6360887096774194 0.685546875 0.6414650537634409 0.7506510416666666 0.6414650537634409 0.7805989583333334 0.6407930107526881 0.787109375 0.6381048387096774 0.787109375 0.6330645161290323 0.7779947916666666
21 0.6471774193548387 0.6868489583333334 0.6330645161290323 0.6614583333333334 0.6323924731182796 0.6477864583333334 0.6360887096774194 0.6399739583333334 0.6421370967741935 0.6341145833333334 0.6505376344086021 0.638671875 0.6626344086021505 0.6263020833333334 0.6673387096774194 0.625 0.675739247311828 0.625 0.6814516129032258 0.619140625 0.6841397849462365 0.6263020833333334 0.6854838709677419 0.6516927083333334 0.6861559139784946 0.6751302083333334 0.6945564516129032 0.7220052083333334 0.697244623655914 0.7506510416666666 0.6959005376344086 0.7545572916666666 0.6846038306451613 0.7362799479166666 0.6764112903225806 0.7102864583333334 0.6723790322580645 0.703125 0.6700268817204301 0.712890625 0.6706989247311828 0.720703125 0.6770833333333334 0.7584635416666666 0.675739247311828 0.7643229166666666 0.665994623655914 0.748046875
22 0.6965725806451613 0.6751302083333334 0.6848118279569892 0.66015625 0.6814516129032258 0.6451822916666666 0.6827956989247311 0.6315104166666666 0.6861559139784946 0.6223958333333334 0.6918682795698925 0.615234375 0.6979166666666666 0.6139322916666666 0.7049731182795699 0.6139322916666666 0.717741935483871 0.6048177083333334 0.7231182795698925 0.6048177083333334 0.727486559139785 0.6087239583333334 0.7315188172043011 0.6236979166666666 0.7328629032258065 0.65625 0.7419354838709677 0.7057291666666666 0.7442876344086021 0.720703125 0.7405913978494624 0.7233072916666666 0.7315188172043011 0.7018229166666666 0.7254704301075269 0.6940104166666666 0.7217741935483871 0.6940104166666666 0.7217741935483871 0.69921875 0.7335349462365591 0.7180989583333334 0.741263440860215 0.7291666666666666 0.7385752688172043 0.734375 0.7288306451612904 0.7278645833333334 0.7140456989247311 0.708984375
23 0.7385752688172043 0.650390625 0.7315188172043011 0.6341145833333334 0.7315188172043011 0.62109375 0.7358870967741935 0.6087239583333334 0.741263440860215 0.6048177083333334 0.7463037634408602 0.603515625 0.7553763440860215 0.607421875 0.7637768817204301 0.6002604166666666 0.7721774193548387 0.6048177083333334 0.7762096774193549 0.6236979166666666 0.7748655913978495 0.65625 0.7762096774193549 0.6940104166666666 0.7762096774193549 0.7076822916666666 0.7708333333333334 0.7180989583333334 0.761760752688172 0.7180989583333334 0.7547043010752689 0.7115885416666666 0.7442876344086021 0.6829427083333334
24 0.4724462365591398 0.7044270833333334 0.46774193548387094 0.6588541666666666 0.4734543010752688 0.65625 0.4831989247311828 0.6529947916666666 0.4899193548387097 0.6549479166666666 0.49294354838709675 0.6588541666666666 0.49294354838709675 0.6705729166666666 0.4885752688172043 0.7076822916666666 0.48588709677419356 0.748046875 0.48151881720430106 0.7747395833333334 0.47748655913978494 0.787109375 0.4747983870967742 0.7858072916666666 0.4717741935483871 0.7721354166666666
25 0.43548387096774194 0.6901041666666666 0.43716397849462363 0.6588541666666666 0.43985215053763443 0.6490885416666666 0.4469086021505376 0.6477864583333334 0.4586693548387097 0.6529947916666666 0.4620295698924731 0.6588541666666666 0.4633736559139785 0.6725260416666666 0.457997311827957 0.7018229166666666 0.4529569892473118 0.7356770833333334 0.44623655913978494 0.7805989583333334 0.4405241935483871 0.7936197916666666 0.43548387096774194 0.7994791666666666 0.4327956989247312 0.796875 0.4314516129032258 0.783203125
26 0.4022177419354839 0.6927083333333334 0.40356182795698925 0.6614583333333334 0.4049059139784946 0.650390625 0.4106182795698925 0.642578125 0.4230510752688172 0.63671875 0.42876344086021506 0.63671875 0.4327956989247312 0.6451822916666666 0.43413978494623656 0.65625 0.43413978494623656 0.6705729166666666 0.43010752688172044 0.6940104166666666 0.4264112903225806 0.7317708333333334 0.4223790322580645 0.7708333333333334 0.415994623655914 0.8020833333333334 0.40961021505376344 0.8131510416666666 0.4055779569892473 0.8131510416666666 0.4022177419354839 0.8033854166666666
27 0.37331989247311825 0.7018229166666666 0.3699596774193548 0.6666666666666666 0.3743279569892473 0.6451822916666666 0.3803763440860215 0.6399739583333334 0.3907930107526882 0.638671875 0.396505376344086 0.638671875 0.40356182795698925 0.6451822916666666 0.40625 0.6575520833333334 0.40356182795698925 0.6764322916666666 0.39986559139784944 0.6940104166666666 0.396505376344086 0.7317708333333334 0.38676075268817206 0.7936197916666666 0.384744623655914 0.7994791666666666 0.3810483870967742 0.7994791666666666 0.37701612903225806 0.7897135416666666 0.3743279569892473 0.7721354166666666
28 0.34341397849462363 0.685546875 0.34139784946236557 0.65625 0.34274193548387094 0.642578125 0.3491263440860215 0.6315104166666666 0.35618279569892475 0.6315104166666666 0.3629032258064516 0.6302083333333334 0.3713037634408602 0.63671875 0.37836021505376344 0.646484375 0.37836021505376344 0.6614583333333334 0.37701612903225806 0.6705729166666666 0.36861559139784944 0.6940104166666666 0.365255376344086 0.7291666666666666 0.3551747311827957 0.7819010416666666 0.35181451612903225 0.7858072916666666 0.3477822580645161 0.779296875
29 0.2967069892473118 0.66796875 0.2903225806451613 0.6328125 0.2916666666666667 0.62109375 0.2987231182795699 0.6178385416666666 0.3057795698924731 0.6087239583333334 0.31418010752688175 0.6048177083333334 0.3225806451612903 0.6061197916666666 0.32661290322580644 0.6126302083333334 0.3393817204301075 0.6087239583333334 0.34274193548387094 0.6223958333333334 0.34274193548387094 0.6354166666666666 0.3393817204301075 0.650390625 0.3305114247311828 0.6894837239583333 0.32526881720430106 0.7220052083333334 0.31888440860215056 0.7454427083333334 0.31418010752688175 0.7584635416666666 0.31048387096774194 0.7545572916666666 0.31048387096774194 0.748046875 0.3155241935483871 0.7265625 0.3155241935483871 0.703125 0.31283602150537637 0.6966145833333334 0.3071236559139785 0.6966145833333334 0.30443548387096775 0.7076822916666666 0.2960349462365591 0.7356770833333334 0.2933467741935484 0.7532552083333334 0.28897849462365593 0.7532552083333334 0.28696236559139787 0.7467447916666666
30 0.24049529569892475 0.7161458333333334 0.24001545698924728 0.6901041666666666 0.24193548387096775 0.6566217447916667 0.24289549731182794 0.63523046875 0.24241565860215053 0.6166295572916667 0.2448155241935484 0.6017486979166666 0.2500961021505376 0.5933782552083333 0.2568165322580645 0.5905878906250001 0.2616165994623656 0.5943079427083333 0.2668971774193548 0.5980279947916667 0.2731374327956989 0.6017486979166666 0.2779378360215054 0.6036087239583333 0.2856182795698925 0.60546875 0.2894586693548387 0.611048828125 0.2923387096774194 0.6184895833333334 0.29281888440860215 0.6324407552083333 0.28753830645161293 0.6510416666666666 0.28513810483870966 0.6575520833333334 0.2793780241935484 0.67429296875 0.2721774193548387 0.6891738281249999 0.26497681451612903 0.7059153645833334 0.2563363575268817 0.7207962239583333 0.2491360887096774 0.7310266927083333 0.2438555107526882 0.7254466145833334
31 0.23641297043010753 0.6326243489583333 0.23035719086021506 0.615732421875 0.2187765456989247 0.6049309895833334 0.20290692204301075 0.6190559895833333 0.19432896505376343 0.6431510416666667 0.18532190860215056 0.6763854166666667 0.18446102150537635 0.6924811197916667 0.19168615591397847 0.715462890625 0.1960443548387097 0.6954947916666666 0.20510416666666667 0.6924811197916667 0.1981891801075269 0.7121119791666667 0.20934072580645163 0.7154355468750001 0.22306586021505379 0.6938333333333334 0.23764885752688175 0.6888483072916666 0.24622681451612902 0.6680768229166666 0.243653561827957 0.6431510416666667
