0 0.4963037634408602 0.619140625 0.4754704301075269 0.62109375 0.46908602150537637 0.6048177083333334 0.46706989247311825 0.5885416666666666 0.4734543010752688 0.544921875 0.4788306451612903 0.4479166666666667 0.48151881720430106 0.435546875 0.4852150537634409 0.435546875 0.4885752688172043 0.4466145833333333 0.4949596774193548 0.544921875 0.5006720430107527 0.5885416666666666 0.5006720430107527 0.6100260416666666
1 0.4633736559139785 0.607421875 0.4418682795698925 0.607421875 0.43850806451612906 0.5911458333333334 0.43918010752688175 0.5774739583333334 0.4418682795698925 0.5572916666666666 0.4489247311827957 0.4654947916666667 0.4489247311827957 0.4446614583333333 0.45026881720430106 0.4342447916666667 0.4522849462365591 0.431640625 0.4566532258064516 0.435546875 0.46001344086021506 0.4544270833333333 0.4657258064516129 0.5520833333333334 0.46841397849462363 0.5774739583333334 0.46774193548387094 0.5963541666666666 0.4650537634408602 0.607421875
2 0.4230510752688172 0.5989583333333334 0.41263440860215056 0.5989583333333334 0.4055779569892473 0.5885416666666666 0.4049059139784946 0.572265625 0.40961021505376344 0.5436197916666666 0.415994623655914 0.4205729166666667 0.41801075268817206 0.4069010416666667 0.4230510752688172 0.4055989583333333 0.4270833333333333 0.4127604166666667 0.4307795698924731 0.4544270833333333 0.4321236559139785 0.5475260416666666 0.4327956989247312 0.5826822916666666 0.4307795698924731 0.59375 0.42943548387096775 0.5963541666666666
3 0.39852150537634407 0.583984375 0.3810483870967742 0.5950520833333334 0.375 0.5859375 0.375 0.5533854166666666 0.3803763440860215 0.5247395833333334 0.3834005376344086 0.42578125 0.3860887096774194 0.4114583333333333 0.3894489247311828 0.4095052083333333 0.3951612903225806 0.4231770833333333 0.40053763440860213 0.45703125 0.40625 0.5247395833333334 0.4106182795698925 0.5546875 0.4049059139784946 0.5885416666666666
4 0.3719758064516129 0.580078125 0.3575268817204301 0.5872395833333334 0.3497983870967742 0.580078125 0.3484543010752688 0.5638020833333334 0.3551747311827957 0.51953125 0.3595430107526882 0.4270833333333333 0.365255376344086 0.4153645833333333 0.36794354838709675 0.4140625 0.3706317204301075 0.4153645833333333 0.3743279569892473 0.4407552083333333 0.37768817204301075 0.5221354166666666 0.3810483870967742 0.5475260416666666 0.3803763440860215 0.568359375 0.3790322580645161 0.5774739583333334
5 0.32661290322580644 0.5638020833333334 0.31485215053763443 0.5625 0.3077956989247312 0.5520833333333334 0.3077956989247312 0.5384114583333334 0.30980577956989247 0.5236627604166667 0.3145356182795699 0.5072981770833334 0.3155490591397849 0.4974798177083333 0.31048387096774194 0.4420572916666667 0.31063575268817206 0.4315768229166667 0.31216397849462363 0.4231770833333333 0.31485215053763443 0.4192708333333333 0.31888440860215056 0.4192708333333333 0.320591061827957 0.42374088541666666 0.3245967741935484 0.4505208333333333 0.3322573924731183 0.41349414062499995 0.3338128360215054 0.4068639322916667 0.33635752688172044 0.4016927083333333 0.33941297043010754 0.399630859375 0.34341397849462363 0.4016927083333333 0.3457903225806451 0.40595963541666663 0.34781249999999997 0.4128912760416667 0.3484543010752688 0.4231770833333333 0.3473457661290323 0.5033053385416667 0.3484543010752688 0.5182291666666666 0.35114247311827956 0.5475260416666666 0.34711021505376344 0.568359375 0.3387096774193548 0.5774739583333334
6 0.28125 0.5397135416666666 0.27419354838709675 0.5384114583333334 0.2674731182795699 0.5345052083333334 0.2647355510752688 0.51749609375 0.2661290322580645 0.4993489583333333 0.2710268817204301 0.48549804687500003 0.2752016129032258 0.4772135416666667 0.28125 0.4270833333333333 0.290994623655914 0.3990885416666667 0.2967069892473118 0.396484375 0.3014112903225806 0.396484375 0.3057795698924731 0.4140625 0.3077956989247312 0.4934895833333333 0.30913978494623656 0.5182291666666666 0.3071236559139785 0.5423177083333334 0.2933467741935484 0.55078125
8 0.5299059139784946 0.6236979166666666 0.5047043010752689 0.6236979166666666 0.5006720430107527 0.615234375 0.49966397849462363 0.5950520833333334 0.5040322580645161 0.548828125 0.5073924731182796 0.4518229166666667 0.5104166666666666 0.4342447916666667 0.5151209677419355 0.4270833333333333 0.5178091397849462 0.4290364583333333 0.5228494623655914 0.4557291666666667 0.5255376344086021 0.548828125 0.53125 0.5813802083333334 0.5325940860215054 0.5989583333333334 0.5325940860215054 0.6139322916666666
9 0.5618279569892473 0.6087239583333334 0.5423387096774194 0.615234375 0.5383064516129032 0.6139322916666666 0.5332661290322581 0.6015625 0.5325940860215054 0.5872395833333334 0.5330097446236559 0.5565416666666666 0.540994623655914 0.4466145833333333 0.5480510752688172 0.4270833333333333 0.550739247311828 0.4244791666666667 0.5544354838709677 0.4244791666666667 0.5551075268817204 0.435546875 0.5564516129032258 0.453125 0.5598118279569892 0.5436197916666666 0.563508064516129 0.5774739583333334 0.563508064516129 0.5950520833333334
10 0.5772849462365591 0.6126302083333334 0.5675403225806451 0.607421875 0.563508064516129 0.5885416666666666 0.563508064516129 0.5735677083333334 0.5688844086021505 0.5358072916666666 0.5745967741935484 0.4153645833333333 0.5759408602150538 0.4029947916666667 0.5806451612903226 0.3938802083333333 0.582997311827957 0.3938802083333333 0.5877016129032258 0.4016927083333333 0.5913978494623656 0.4720052083333333 0.5913978494623656 0.5397135416666666 0.594758064516129 0.5859375 0.5913978494623656 0.603515625
11 0.602486559139785 0.5885416666666666 0.5913978494623656 0.5885416666666666 0.5870295698924731 0.572265625 0.5870295698924731 0.55078125 0.592741935483871 0.5299479166666666 0.604502688172043 0.431640625 0.6095430107526881 0.4231770833333333 0.6122311827956989 0.4231770833333333 0.6149193548387096 0.4290364583333333 0.616263440860215 0.4368489583333333 0.6206317204301075 0.53125 0.6246639784946236 0.5735677083333334 0.6226478494623656 0.5911458333333334 0.6206317204301075 0.59765625 0.6122311827956989 0.5989583333333334
12 0.6323924731182796 0.5885416666666666 0.6206317204301075 0.58984375 0.614247311827957 0.5774739583333334 0.6135752688172043 0.5625 0.6192876344086021 0.533203125 0.6233198924731183 0.41796875 0.6276881720430108 0.4095052083333333 0.6323924731182796 0.408203125 0.6354166666666666 0.4153645833333333 0.6434811827956989 0.5299479166666666 0.6478494623655914 0.5859375 0.6401209677419355 0.6087239583333334
13 0.6706989247311828 0.580078125 0.6569220430107527 0.5872395833333334 0.6498655913978495 0.5774739583333334 0.6421370967741935 0.572265625 0.6360887096774194 0.548828125 0.6374327956989247 0.5345052083333334 0.6451612903225806 0.515625 0.6512096774193549 0.4231770833333333 0.6566478494623655 0.3950123697916667 0.6592647849462365 0.388927734375 0.662143817204301 0.3843639322916667 0.6655460349462365 0.38487109375 0.6676397849462365 0.3899420572916667 0.6705188172043011 0.4046471354166667 0.6694717741935484 0.46143945312499995 0.6702570564516129 0.46752473958333335 0.6744445564516128 0.43963541666666667 0.6764112903225806 0.4342447916666667 0.6807795698924731 0.431640625 0.6838662634408602 0.43355013020833333 0.6854364919354838 0.44115690104166666 0.6861559139784946 0.4505208333333333 0.6797715053763441 0.51953125 0.6848118279569892 0.548828125 0.6848118279569892 0.5651041666666666 0.6814516129032258 0.580078125
14 0.7113575268817204 0.548828125 0.7022849462365591 0.5625 0.697244623655914 0.5611979166666666 0.6868279569892473 0.5520833333333334 0.6821236559139785 0.541015625 0.6814516129032258 0.5247395833333334 0.6875 0.49609375 0.6911962365591398 0.4231770833333333 0.697244623655914 0.3990885416666667 0.7036290322580645 0.396484375 0.7086693548387096 0.4029947916666667 0.7147177419354839 0.4342447916666667 0.719758064516129 0.4856770833333333 0.7268145161290323 0.5045572916666666 0.729502688172043 0.5299479166666666 0.7281586021505376 0.5520833333333334 0.7211021505376344 0.5559895833333334
16 0.49764784946236557 0.6529947916666666 0.49361559139784944 0.607421875 0.5144489247311828 0.607421875 0.5157930107526881 0.6100260416666666 0.511760752688172 0.6529947916666666 0.5110887096774194 0.720703125 0.508736559139785 0.7356770833333334 0.5060483870967742 0.7356770833333334 0.5026881720430108 0.7291666666666666
17 0.5188172043010753 0.6516927083333334 0.5151209677419355 0.6126302083333334 0.5171370967741935 0.6100260416666666 0.5376344086021505 0.615234375 0.5383064516129032 0.6223958333333334 0.5339381720430108 0.6614583333333334 0.5285618279569892 0.7317708333333334 0.5262096774193549 0.73828125 0.5228494623655914 0.73828125 0.5201612903225806 0.7317708333333334
18 0.5423387096774194 0.6666666666666666 0.5396505376344086 0.642578125 0.5403225806451613 0.62890625 0.5480510752688172 0.6178385416666666 0.5571236559139785 0.6178385416666666 0.5611559139784946 0.6165364583333334 0.5661962365591398 0.6236979166666666 0.5675403225806451 0.6399739583333334 0.5668682795698925 0.6627604166666666 0.5709005376344086 0.7532552083333334 0.5675403225806451 0.7747395833333334 0.5618279569892473 0.7819010416666666 0.5577956989247311 0.7805989583333334
19 0.5745967741935484 0.6575520833333334 0.5702284946236559 0.6315104166666666 0.573252688172043 0.615234375 0.5843413978494624 0.6048177083333334 0.5913978494623656 0.6048177083333334 0.5997983870967742 0.6126302083333334 0.602486559139785 0.6315104166666666 0.5997983870967742 0.6614583333333334 0.5961021505376344 0.755859375 0.5940860215053764 0.7604166666666666 0.5913978494623656 0.76171875 0.5870295698924731 0.7532552083333334
20 0.5913978494623656 0.6529947916666666 0.5806451612903226 0.6263020833333334 0.582997311827957 0.615234375 0.5890456989247311 0.6048177083333334 0.5974462365591398 0.6048177083333334 0.6095430107526881 0.6015625 0.6179435483870968 0.6015625 0.6233198924731183 0.607421875 0.6270161290322581 0.6165364583333334 0.6233198924731183 0.6490885416666666 0.6323924731182796 0.7428385416666666 0.6330645161290323 0.755859375 0.6303763440860215 0.7584635416666666 0.6246639784946236 0.755859375 0.6095430107526881 0.7154947916666666
21 0.6246639784946236 0.6451822916666666 0.6169354838709677 0.6100260416666666 0.6192876344086021 0.59375 0.6263440860215054 0.583984375 0.6344086021505376 0.583984375 0.6421370967741935 0.5872395833333334 0.6609543010752689 0.5872395833333334 0.6666666666666666 0.5885416666666666 0.6693548387096774 0.5963541666666666 0.665994623655914 0.642578125 0.6807795698924731 0.7076822916666666 0.6827956989247311 0.7265625 0.6821236559139785 0.7317708333333334 0.677755376344086 0.7317708333333334 0.6626344086021505 0.685546875 0.6549059139784946 0.6692708333333334 0.6505376344086021 0.6692708333333334 0.6485215053763441 0.677734375 0.6512096774193549 0.6953125 0.6582661290322581 0.7291666666666666 0.6569220430107527 0.744140625 0.6525537634408602 0.7454427083333334
22 0.6717069892473119 0.6341145833333334 0.6596102150537635 0.603515625 0.6596102150537635 0.5885416666666666 0.6626344086021505 0.5748697916666666 0.6673387096774194 0.56640625 0.6790994623655914 0.572265625 0.6875 0.5559895833333334 0.697244623655914 0.55078125 0.7043010752688172 0.5559895833333334 0.7120295698924731 0.5638020833333334 0.7153897849462365 0.576171875 0.7140456989247311 0.6139322916666666 0.7224462365591398 0.6751302083333334 0.7308467741935484 0.7076822916666666 0.7308467741935484 0.712890625 0.727486559139785 0.712890625 0.7224462365591398 0.7102864583333334 0.7029569892473119 0.6640625 0.7211021505376344 0.712890625 0.7211021505376344 0.7180989583333334 0.7153897849462365 0.7180989583333334 0.7043010752688172 0.7057291666666666 0.6911962365591398 0.6829427083333334
23 0.7244623655913979 0.6048177083333334 0.7120295698924731 0.568359375 0.7120295698924731 0.5533854166666666 0.7170698924731183 0.541015625 0.7237903225806451 0.5358072916666666 0.7315188172043011 0.541015625 0.7419354838709677 0.5286458333333334 0.7476478494623656 0.5299479166666666 0.7553763440860215 0.5247395833333334 0.7624327956989247 0.533203125 0.7664650537634409 0.5559895833333334 0.7651209677419355 0.580078125 0.7768817204301075 0.6399739583333334 0.7768817204301075 0.650390625 0.7755376344086021 0.6549479166666666 0.771505376344086 0.6549479166666666 0.7533602150537635 0.625 0.751008064516129 0.619140625 0.7503360215053764 0.62890625 0.7547043010752689 0.650390625 0.7600806451612904 0.6751302083333334 0.7600806451612904 0.6829427083333334 0.7560483870967742 0.6829427083333334 0.7463037634408602 0.6751302083333334 0.7365591397849462 0.6588541666666666
24 0.47681451612903225 0.6477864583333334 0.4717741935483871 0.607421875 0.4741263440860215 0.6061197916666666 0.49294354838709675 0.603515625 0.49428763440860213 0.6061197916666666 0.4949596774193548 0.6100260416666666 0.49227150537634407 0.646484375 0.4915994623655914 0.720703125 0.4899193548387097 0.7291666666666666 0.4879032258064516 0.734375 0.4845430107526882 0.7330729166666666
25 0.45161290322580644 0.6477864583333334 0.4475806451612903 0.6100260416666666 0.45026881720430106 0.603515625 0.457997311827957 0.6015625 0.46841397849462363 0.6002604166666666 0.4734543010752688 0.6048177083333334 0.4741263440860215 0.6178385416666666 0.46975806451612906 0.6451822916666666 0.4657258064516129 0.7395833333333334 0.4643817204301075 0.7467447916666666 0.46068548387096775 0.748046875 0.4586693548387097 0.7395833333333334
26 0.4217069892473118 0.646484375 0.42573924731182794 0.607421875 0.43413978494623656 0.6002604166666666 0.44321236559139787 0.6015625 0.45026881720430106 0.6139322916666666 0.4543010752688172 0.625 0.4489247311827957 0.65625 0.4327956989247312 0.751953125 0.427755376344086 0.7630208333333334 0.42439516129032256 0.7669270833333334 0.4210349462365591 0.7643229166666666 0.41801075268817206 0.751953125 0.415994623655914 0.7330729166666666
27 0.3958333333333333 0.6477864583333334 0.3951612903225806 0.6165364583333334 0.39986559139784944 0.6048177083333334 0.40826612903225806 0.6002604166666666 0.4173387096774194 0.6048177083333334 0.4223790322580645 0.6048177083333334 0.42573924731182794 0.611328125 0.4270833333333333 0.625 0.4264112903225806 0.6399739583333334 0.4166666666666667 0.6627604166666666 0.39986559139784944 0.748046875 0.3951612903225806 0.755859375 0.3914650537634409 0.755859375 0.3887768817204301 0.7428385416666666
28 0.36794354838709675 0.6302083333333334 0.36727150537634407 0.6002604166666666 0.37331989247311825 0.5885416666666666 0.3797043010752688 0.5872395833333334 0.38810483870967744 0.59375 0.39986559139784944 0.59375 0.4049059139784946 0.5963541666666666 0.40625 0.6061197916666666 0.4049059139784946 0.6178385416666666 0.3924731182795699 0.6490885416666666 0.375 0.7154947916666666 0.3665994623655914 0.7395833333333334 0.3629032258064516 0.7428385416666666 0.3595430107526882 0.7317708333333334
29 0.3213592069892473 0.6264427083333334 0.3217523521505376 0.5906347656250001 0.33030913978494625 0.576171875 0.34139784946236557 0.5696614583333334 0.3484543010752688 0.5696614583333334 0.354502688172043 0.5787760416666666 0.36861559139784944 0.583984375 0.3719758064516129 0.5885416666666666 0.37331989247311825 0.5989583333333334 0.3719758064516129 0.607421875 0.3567489919354839 0.6447272135416667 0.34139784946236557 0.7044270833333334 0.3343413978494624 0.7233072916666666 0.3286290322580645 0.7291666666666666 0.32594086021505375 0.7233072916666666 0.33568548387096775 0.6868489583333334 0.3370295698924731 0.6640625 0.33635752688172044 0.6575520833333334 0.3323252688172043 0.6549479166666666 0.324898185483871 0.6744401041666667 0.31350806451612906 0.7018229166666666 0.3064516129032258 0.7180989583333334 0.3030913978494624 0.7180989583333334 0.3024193548387097 0.708984375 0.311528561827957 0.66225
30 0.2758736559139785 0.5950520833333334 0.27352150537634407 0.5598958333333334 0.27923387096774194 0.544921875 0.2967069892473118 0.5475260416666666 0.3024193548387097 0.55859375 0.3239247311827957 0.55859375 0.3272849462365591 0.56640625 0.3286290322580645 0.580078125 0.32594086021505375 0.5989583333333334 0.31283602150537637 0.62109375 0.30376344086021506 0.65625 0.28897849462365593 0.6829427083333334 0.2758736559139785 0.6966145833333334 0.27419354838709675 0.69140625 0.2856182795698925 0.6614583333333334 0.290994623655914 0.6451822916666666 0.28897849462365593 0.63671875 0.2862903225806452 0.638671875 0.2825940860215054 0.6588541666666666 0.2752016129032258 0.6790364583333334 0.26814516129032256 0.6927083333333334 0.2651209677419355 0.6940104166666666 0.26310483870967744 0.685546875 0.2637768817204301 0.6725260416666666
