0 0.4885752688172043 0.51953125 0.4620295698924731 0.5123697916666666 0.457997311827957 0.4993489583333333 0.4566532258064516 0.4817708333333333 0.4573252688172043 0.466796875 0.4620295698924731 0.435546875 0.47110215053763443 0.3391927083333333 0.4717741935483871 0.330078125 0.4747983870967742 0.3287760416666667 0.47681451612903225 0.3287760416666667 0.4808467741935484 0.3365885416666667 0.48655913978494625 0.3626302083333333 0.4905913978494624 0.435546875 0.49428763440860213 0.4895833333333333 0.49428763440860213 0.501953125 0.49294354838709675 0.515625
1 0.43716397849462363 0.505859375 0.43010752688172044 0.5032552083333334 0.4264112903225806 0.4895833333333333 0.42573924731182794 0.4720052083333333 0.4307795698924731 0.4368489583333333 0.4418682795698925 0.337890625 0.44455645161290325 0.3216145833333333 0.4475806451612903 0.3203125 0.4495967741935484 0.3203125 0.4522849462365591 0.3287760416666667 0.45530913978494625 0.4381510416666667 0.4566532258064516 0.466796875 0.45530913978494625 0.48828125 0.4522849462365591 0.4993489583333333 0.44388440860215056 0.5045572916666666
2 0.4049059139784946 0.5123697916666666 0.3951612903225806 0.48828125 0.3924731182795699 0.4694010416666667 0.3924731182795699 0.453125 0.3951612903225806 0.42578125 0.39919354838709675 0.326171875 0.40288978494623656 0.3098958333333333 0.4049059139784946 0.3040364583333333 0.4069220430107527 0.3040364583333333 0.4106182795698925 0.3125 0.4173387096774194 0.369140625 0.4230510752688172 0.4244791666666667 0.42573924731182794 0.4694010416666667 0.4237231182795699 0.4856770833333333 0.4173387096774194 0.4993489583333333
3 0.384744623655914 0.4934895833333333 0.37264784946236557 0.5045572916666666 0.365255376344086 0.49609375 0.36155913978494625 0.4720052083333333 0.364247311827957 0.4544270833333333 0.3659274193548387 0.4368489583333333 0.3743279569892473 0.3352864583333333 0.3756720430107527 0.3235677083333333 0.37836021505376344 0.3216145833333333 0.3810483870967742 0.3248697916666667 0.3854166666666667 0.337890625 0.3894489247311828 0.3776041666666667 0.39381720430107525 0.4231770833333333 0.3978494623655914 0.4505208333333333 0.3978494623655914 0.4680989583333333 0.3951612903225806 0.4856770833333333 0.3894489247311828 0.49609375
4 0.34783602150537635 0.5065332031249999 0.33568548387096775 0.4934895833333333 0.3336693548387097 0.4720052083333333 0.3407258064516129 0.4466145833333333 0.3477822580645161 0.3743489583333333 0.35181451612903225 0.3411458333333333 0.3538306451612903 0.3365885416666667 0.35685483870967744 0.3365885416666667 0.3602150537634409 0.3463541666666667 0.3602150537634409 0.3990885416666667 0.3635752688172043 0.4446614583333333 0.36727150537634407 0.474609375 0.365255376344086 0.4908854166666667 0.36155913978494625 0.49609375
5 0.3161962365591398 0.484375 0.3071236559139785 0.484375 0.30006720430107525 0.478515625 0.29401881720430106 0.4609375 0.2933467741935484 0.4505208333333333 0.2933467741935484 0.4368489583333333 0.29939516129032256 0.4127604166666667 0.3014112903225806 0.3639322916666667 0.3014112903225806 0.34765625 0.30135483870967744 0.3379641927083334 0.3022513440860215 0.3269641927083333 0.30523958333333334 0.31480598958333333 0.31002049731182796 0.31191145833333334 0.314502688172043 0.32522721354166667 0.3168931451612903 0.36864908854166667 0.31888440860215056 0.3515625 0.31720362903225807 0.3167545572916667 0.31921471774193544 0.30784765625 0.3232372311827957 0.3045078125 0.3272597446236559 0.31341471354166667 0.3286290322580645 0.326171875 0.33501344086021506 0.4205729166666667 0.33803763440860213 0.4654947916666667 0.33803763440860213 0.4772135416666667 0.33030913978494625 0.4895833333333333 0.3245967741935484 0.4908854166666667
8 0.5248655913978495 0.5234375 0.49966397849462363 0.5208333333333334 0.4956317204301075 0.505859375 0.4963037634408602 0.4720052083333333 0.5020161290322581 0.4368489583333333 0.5067204301075269 0.35546875 0.511760752688172 0.3313802083333333 0.5151209677419355 0.3274739583333333 0.5171370967741935 0.330078125 0.5221774193548387 0.3541666666666667 0.5262096774193549 0.4420572916666667 0.5299059139784946 0.48046875 0.5292338709677419 0.5071614583333334 0.5278897849462365 0.5182291666666666
9 0.5500672043010753 0.5182291666666666 0.5362903225806451 0.5182291666666666 0.5332661290322581 0.5123697916666666 0.5299059139784946 0.49609375 0.5299059139784946 0.48046875 0.5352822580645161 0.4446614583333333 0.5403225806451613 0.3639322916666667 0.5443548387096774 0.3502604166666667 0.5473790322580645 0.3502604166666667 0.5500672043010753 0.3528645833333333 0.5557795698924731 0.3828125 0.5591397849462365 0.4420572916666667 0.5604838709677419 0.4869791666666667 0.5598118279569892 0.5006510416666666 0.5571236559139785 0.5110677083333334
10 0.5836693548387096 0.5260416666666666 0.5707617607526881 0.5108997395833333 0.5611559139784946 0.4856770833333333 0.5625 0.466796875 0.5682123655913979 0.443359375 0.571741935483871 0.4026451822916666 0.578426747311828 0.3637897135416666 0.5843413978494624 0.3248697916666667 0.5883736559139785 0.3177083333333333 0.5920698924731183 0.3235677083333333 0.5934139784946236 0.3411458333333333 0.5961021505376344 0.4446614583333333 0.5967741935483871 0.48828125 0.594758064516129 0.4993489583333333
11 0.6031586021505376 0.5045572916666666 0.594758064516129 0.5045572916666666 0.5907258064516129 0.4908854166666667 0.5897177419354839 0.4694010416666667 0.5897177419354839 0.4557291666666667 0.594758064516129 0.4368489583333333 0.6065188172043011 0.3450520833333333 0.6095430107526881 0.3235677083333333 0.6115591397849462 0.3177083333333333 0.614247311827957 0.3177083333333333 0.6186155913978495 0.3274739583333333 0.6219758064516129 0.3639322916666667 0.623991935483871 0.4466145833333333 0.6276881720430108 0.4921875 0.6253360215053764 0.5084635416666666 0.6179435483870968 0.5169270833333334 0.6102150537634409 0.5169270833333334
12 0.6354166666666666 0.5123697916666666 0.6283602150537635 0.5084635416666666 0.6226478494623656 0.4895833333333333 0.6226478494623656 0.4772135416666667 0.6253360215053764 0.4505208333333333 0.6270161290322581 0.3587239583333333 0.6303763440860215 0.3489583333333333 0.633736559139785 0.3489583333333333 0.6381048387096774 0.3639322916666667 0.6458333333333334 0.4153645833333333 0.6491935483870968 0.44921875 0.6575940860215054 0.48828125 0.6575940860215054 0.5032552083333334 0.6471774193548387 0.5260416666666666
13 0.6797715053763441 0.4856770833333333 0.6770833333333334 0.4856770833333333 0.665994623655914 0.4908854166666667 0.6575940860215054 0.4908854166666667 0.6518817204301075 0.474609375 0.6518817204301075 0.4557291666666667 0.6542338709677419 0.4270833333333333 0.6582661290322581 0.3639322916666667 0.6602822580645161 0.3528645833333333 0.6641488575268817 0.3386484375 0.6692604166666667 0.3424576822916667 0.671226814516129 0.35845703125 0.6734596774193548 0.3789427083333334 0.674372311827957 0.3668372395833333 0.675739247311828 0.34375 0.6806639784946237 0.34626692708333334 0.6861559139784946 0.3665364583333333 0.6861559139784946 0.3938802083333333 0.6848118279569892 0.4231770833333333 0.6911962365591398 0.4641927083333333 0.6881720430107527 0.4759114583333333
14 0.7093413978494624 0.4583333333333333 0.707997311827957 0.4583333333333333 0.6959005376344086 0.4596354166666667 0.6905241935483871 0.4557291666666667 0.6875 0.439453125 0.6898521505376344 0.4231770833333333 0.6925403225806451 0.404296875 0.6979166666666666 0.3216145833333333 0.7022849462365591 0.3177083333333333 0.707997311827957 0.3203125 0.7163978494623656 0.3450520833333333 0.7204301075268817 0.4029947916666667 0.7268145161290323 0.4290364583333333 0.7254704301075269 0.4479166666666667
16 0.4956317204301075 0.56640625 0.49294354838709675 0.51953125 0.5164650537634409 0.51953125 0.5178091397849462 0.5208333333333334 0.5124327956989247 0.5651041666666666 0.5110887096774194 0.63671875 0.5124327956989247 0.66015625 0.5110887096774194 0.6640625 0.5080645161290323 0.6640625 0.5053763440860215 0.6640625 0.5013440860215054 0.6549479166666666
17 0.519489247311828 0.5696614583333334 0.5164650537634409 0.5260416666666666 0.5188172043010753 0.5182291666666666 0.5352822580645161 0.5182291666666666 0.5403225806451613 0.5234375 0.5416666666666666 0.5397135416666666 0.5383064516129032 0.5748697916666666 0.5346102150537635 0.65625 0.5332661290322581 0.6653645833333334 0.5305779569892473 0.6666666666666666 0.5272177419354839 0.6666666666666666 0.5255376344086021 0.65625
18 0.5453629032258065 0.576171875 0.543010752688172 0.5397135416666666 0.5487231182795699 0.51953125 0.5584677419354839 0.5123697916666666 0.5661962365591398 0.5182291666666666 0.5739247311827957 0.5397135416666666 0.5725806451612904 0.5748697916666666 0.5668682795698925 0.6477864583333334 0.5648521505376344 0.673828125 0.5618279569892473 0.6803385416666666 0.5591397849462365 0.6842447916666666 0.5551075268817204 0.6842447916666666 0.5514112903225806 0.6790364583333334
19 0.5890456989247311 0.572265625 0.5883736559139785 0.5345052083333334 0.594758064516129 0.5208333333333334 0.6038306451612904 0.5169270833333334 0.6115591397849462 0.5208333333333334 0.6192876344086021 0.5358072916666666 0.6213037634408602 0.5475260416666666 0.6199596774193549 0.5559895833333334 0.6135752688172043 0.5748697916666666 0.6058467741935484 0.62890625 0.6038306451612904 0.6653645833333334 0.602486559139785 0.6764322916666666 0.5997983870967742 0.6803385416666666 0.5961021505376344 0.6790364583333334 0.5920698924731183 0.6692708333333334 0.5890456989247311 0.646484375
21 0.6297043010752689 0.5813802083333334 0.6155913978494624 0.5462239583333334 0.6155913978494624 0.5345052083333334 0.6186155913978495 0.5234375 0.623991935483871 0.5234375 0.6317204301075269 0.5247395833333334 0.6428091397849462 0.5110677083333334 0.6491935483870968 0.5032552083333334 0.6535618279569892 0.5032552083333334 0.6639784946236559 0.501953125 0.6686827956989247 0.505859375 0.6723790322580645 0.5182291666666666 0.6743951612903226 0.5520833333333334 0.6911962365591398 0.6354166666666666 0.6911962365591398 0.6399739583333334 0.6898521505376344 0.6438802083333334 0.6854838709677419 0.642578125 0.6673387096774194 0.5885416666666666 0.6633064516129032 0.5872395833333334 0.6575940860215054 0.5885416666666666 0.6569220430107527 0.59765625 0.6575940860215054 0.6100260416666666 0.6700268817204301 0.6477864583333334 0.6686827956989247 0.6588541666666666 0.665994623655914 0.6588541666666666 0.6602822580645161 0.65625
22 0.6797715053763441 0.5533854166666666 0.6764112903225806 0.5423177083333334 0.6646505376344086 0.5182291666666666 0.665994623655914 0.5006510416666666 0.6717069892473119 0.4856770833333333 0.6784274193548387 0.4856770833333333 0.6834677419354839 0.4856770833333333 0.6925403225806451 0.4772135416666667 0.697244623655914 0.4772135416666667 0.6995967741935484 0.4772135416666667 0.7093413978494624 0.4720052083333333 0.7153897849462365 0.4772135416666667 0.719758064516129 0.49609375 0.719758064516129 0.5299479166666666 0.7301747311827957 0.5963541666666666 0.7308467741935484 0.615234375 0.7288306451612904 0.6165364583333334 0.7244623655913979 0.6126302083333334 0.7113575268817204 0.5638020833333334 0.7063172043010753 0.5598958333333334 0.7043010752688172 0.5611979166666666 0.7043010752688172 0.5735677083333334 0.7106854838709677 0.6100260416666666 0.7147177419354839 0.62890625 0.7133736559139785 0.6341145833333334 0.7093413978494624 0.6341145833333334 0.6979166666666666 0.6100260416666666
23 0.7862903225806451 0.532923828125 0.775729502688172 0.541294921875 0.7646888440860214 0.552455078125 0.755088373655914 0.5673365885416667 0.7459677419354839 0.5840774739583333 0.7382872983870968 0.5924479166666666 0.7296468413978495 0.5877975260416667 0.7267664650537634 0.5654759114583333 0.7258064516129032 0.5478053385416667 0.7214862231182796 0.532923828125 0.7224462365591398 0.51804296875 0.7195661962365592 0.5050221354166667 0.72340625 0.49200130208333337 0.7330070564516129 0.48921158854166663 0.7445275537634408 0.48921158854166663 0.7608487903225807 0.482701171875 0.7733296370967743 0.4799108072916667 0.7786098790322581 0.4910716145833333 0.7742896505376344 0.5040924479166666 0.7689375 0.5148528645833333 0.7810100806451613 0.5189733072916667 0.7838901209677419 0.51804296875
24 0.4717741935483871 0.5611979166666666 0.46908602150537637 0.513671875 0.4724462365591398 0.509765625 0.489247311827957 0.509765625 0.49227150537634407 0.5123697916666666 0.49294354838709675 0.5286458333333334 0.4885752688172043 0.5611979166666666 0.48151881720430106 0.6438802083333334 0.4788306451612903 0.65625 0.47614247311827956 0.6575520833333334 0.4734543010752688 0.6549479166666666
25 0.44623655913978494 0.55859375 0.44388440860215056 0.5221354166666666 0.4469086021505376 0.5123697916666666 0.4593413978494624 0.5084635416666666 0.4650537634408602 0.5084635416666666 0.46841397849462363 0.513671875 0.47043010752688175 0.5260416666666666 0.46975806451612906 0.544921875 0.46639784946236557 0.5625 0.46068548387096775 0.6399739583333334 0.4566532258064516 0.6529947916666666 0.45530913978494625 0.6549479166666666 0.4522849462365591 0.6549479166666666 0.4495967741935484 0.6477864583333334
26 0.41330645161290325 0.55859375 0.41330645161290325 0.5260416666666666 0.4230510752688172 0.5123697916666666 0.4334677419354839 0.501953125 0.43985215053763443 0.513671875 0.44321236559139787 0.5260416666666666 0.44321236559139787 0.5397135416666666 0.43850806451612906 0.5651041666666666 0.4270833333333333 0.6451822916666666 0.42506720430107525 0.66015625 0.4223790322580645 0.6692708333333334 0.41801075268817206 0.6725260416666666 0.415994623655914 0.6725260416666666 0.41330645161290325 0.6640625
27 0.3756720430107527 0.5572916666666666 0.3743279569892473 0.5234375 0.3797043010752688 0.513671875 0.39381720430107525 0.5045572916666666 0.39986559139784944 0.513671875 0.40625 0.53125 0.40625 0.544921875 0.40288978494623656 0.5638020833333334 0.39919354838709675 0.6516927083333334 0.3971774193548387 0.6640625 0.3951612903225806 0.6692708333333334 0.3914650537634409 0.6666666666666666 0.3854166666666667 0.650390625
29 0.31048387096774194 0.5260416666666666 0.32123655913978494 0.4908854166666667 0.3272849462365591 0.484375 0.3336693548387097 0.4869791666666667 0.34274193548387094 0.501953125 0.3629032258064516 0.5182291666666666 0.36727150537634407 0.5299479166666666 0.365255376344086 0.5423177083333334 0.3588709677419355 0.5572916666666666 0.34610215053763443 0.576171875 0.3239247311827957 0.6399739583333334 0.3168682795698925 0.6477864583333334 0.31418010752688175 0.6477864583333334 0.31350806451612906 0.6399739583333334 0.323252688172043 0.603515625 0.32526881720430106 0.5826822916666666 0.3239247311827957 0.5748697916666666 0.31821236559139787 0.5774739583333334 0.3071236559139785 0.607421875 0.2987231182795699 0.619140625 0.29469086021505375 0.6236979166666666 0.2916666666666667 0.62109375 0.2916666666666667 0.607421875
