0 0.4949596774193548 0.5924479166666666 0.4956317204301075 0.5924479166666666 0.47681451612903225 0.59375 0.4724462365591398 0.5859375 0.4694277553763441 0.5599505208333333 0.4734543010752688 0.513671875 0.47614247311827956 0.4466145833333333 0.4801747311827957 0.4290364583333333 0.4852150537634409 0.4231770833333333 0.489247311827957 0.4270833333333333 0.49294354838709675 0.443359375 0.49764784946236557 0.4895833333333333 0.49899193548387094 0.513671875 0.5006720430107527 0.5709635416666666 0.49899193548387094 0.5885416666666666
2 0.46706989247311825 0.55859375 0.46068548387096775 0.5748697916666666 0.45530913978494625 0.5911458333333334 0.45161290322580644 0.5924479166666666 0.44321236559139787 0.5859375 0.43855913978494626 0.578283203125 0.43466666666666665 0.5634993489583333 0.43330913978494623 0.5329713541666666 0.4217069892473118 0.4055989583333333 0.4237231182795699 0.3951822916666667 0.42943548387096775 0.3951822916666667 0.44455645161290325 0.4290364583333333 0.46068548387096775 0.515625 0.46774193548387094 0.55078125
3 0.4153225806451613 0.5826822916666666 0.4106182795698925 0.58984375 0.4049059139784946 0.6015625 0.39986559139784944 0.607421875 0.3951612903225806 0.6061197916666666 0.3914650537634409 0.5963541666666666 0.3894489247311828 0.5696614583333334 0.3914650537634409 0.5475260416666666 0.3914650537634409 0.4830729166666667 0.3894489247311828 0.44921875 0.3924731182795699 0.4420572916666667 0.3958333333333333 0.4420572916666667 0.39852150537634407 0.44921875 0.4049059139784946 0.4921875 0.41263440860215056 0.537109375 0.41868279569892475 0.5572916666666666 0.41969086021505375 0.5748697916666666
4 0.384744623655914 0.5989583333333334 0.3706317204301075 0.611328125 0.365255376344086 0.6061197916666666 0.3602150537634409 0.5872395833333334 0.3602150537634409 0.572265625 0.3635752688172043 0.5533854166666666 0.36088709677419356 0.439453125 0.36223118279569894 0.431640625 0.364247311827957 0.4290364583333333 0.36794354838709675 0.4381510416666667 0.37768817204301075 0.4934895833333333 0.3860887096774194 0.5436197916666666 0.3914650537634409 0.56640625 0.3924731182795699 0.5826822916666666
5 0.3400537634408602 0.6015625 0.332997311827957 0.6087239583333334 0.3279569892473118 0.6048177083333334 0.3219086021505376 0.5963541666666666 0.32056451612903225 0.5774739583333334 0.3245967741935484 0.5572916666666666 0.32123655913978494 0.5286458333333334 0.31350806451612906 0.474609375 0.3134616935483871 0.46758138020833334 0.31589650537634406 0.46157291666666667 0.3232019489247312 0.4692975260416667 0.3238659274193548 0.45298958333333333 0.3260796370967742 0.4452643229166667 0.32851478494623654 0.44097265625 0.3313924731182796 0.44226041666666666 0.34711021505376344 0.4934895833333333 0.3517587365591398 0.5225143229166667 0.3659274193548387 0.5638020833333334 0.3665994623655914 0.5813802083333334 0.3635752688172043 0.5963541666666666 0.3595430107526882 0.6048177083333334
6 0.2903225806451613 0.5963541666666666 0.2842741935483871 0.5911458333333334 0.2765456989247312 0.5748697916666666 0.2772177419354839 0.568359375 0.27788978494623656 0.55859375 0.2820268817204301 0.5371061197916667 0.2842741935483871 0.4993489583333333 0.28326612903225806 0.466796875 0.2856182795698925 0.4505208333333333 0.28830645161290325 0.4479166666666667 0.29401881720430106 0.453125 0.30510752688172044 0.4772135416666667 0.31048387096774194 0.509765625 0.3161962365591398 0.5436197916666666 0.3225806451612903 0.572265625 0.32056451612903225 0.5859375 0.3161962365591398 0.5911458333333334 0.31149193548387094 0.6015625 0.30510752688172044 0.6048177083333334
7 0.25201612903225806 0.5638020833333334 0.2385823252688172 0.5563528645833333 0.23708837365591398 0.5461184895833333 0.23723118279569894 0.5345052083333334 0.23974495967741935 0.5238020833333333 0.24373286290322582 0.5134765625000001 0.2506720430107527 0.498046875 0.25268817204301075 0.4694010416666667 0.25336021505376344 0.443359375 0.25258434139784947 0.4259518229166666 0.25336021505376344 0.4192708333333333 0.2567906586021505 0.41565169270833335 0.26176075268817206 0.4205729166666667 0.26948924731182794 0.4446614583333333 0.2758736559139785 0.48046875 0.2772177419354839 0.5286458333333334 0.27923387096774194 0.55078125 0.2772177419354839 0.56640625 0.2728494623655914 0.5735677083333334 0.2644489247311828 0.5774739583333334
8 0.5376344086021505 0.6048177083333334 0.5383064516129032 0.6048177083333334 0.511760752688172 0.59375 0.5124327956989247 0.5774739583333334 0.5139233870967742 0.554828125 0.5171370967741935 0.537109375 0.5188172043010753 0.5286458333333334 0.5339381720430108 0.4557291666666667 0.5423387096774194 0.4342447916666667 0.5467069892473119 0.431640625 0.5500672043010753 0.435546875 0.550739247311828 0.4446614583333333 0.5436827956989247 0.537109375 0.5443548387096774 0.5611979166666666 0.5436827956989247 0.5774739583333334 0.5423387096774194 0.5963541666666666 0.5396505376344086 0.6048177083333334
10 0.5823608870967741 0.6151217447916667 0.573252688172043 0.615234375 0.5682429435483871 0.6088053385416666 0.5641706989247312 0.5951204427083333 0.5604838709677419 0.572265625 0.5611559139784946 0.5520833333333334 0.5660709005376344 0.5335384114583334 0.582997311827957 0.439453125 0.5897177419354839 0.4205729166666667 0.5934139784946236 0.4192708333333333 0.5967741935483871 0.4205729166666667 0.5987903225806451 0.431640625 0.5940860215053764 0.5423177083333334 0.5934922715053763 0.585646484375 0.5886051747311828 0.6056471354166667
11 0.6018145161290323 0.6341145833333334 0.5897177419354839 0.6178385416666666 0.5856854838709677 0.6061197916666666 0.5863575268817204 0.58984375 0.5870295698924731 0.5748697916666666 0.5954301075268817 0.5611979166666666 0.6129032258064516 0.4733072916666667 0.6186155913978495 0.45703125 0.6213037634408602 0.4557291666666667 0.623991935483871 0.4609375 0.623991935483871 0.470703125 0.6179435483870968 0.5611979166666666 0.616263440860215 0.5963541666666666 0.6135752688172043 0.6165364583333334
12 0.6339452284946236 0.6114479166666666 0.624442876344086 0.6135533854166667 0.6179435483870968 0.6061197916666666 0.6130399865591397 0.5982890625 0.6119539650537634 0.584078125 0.6130399865591397 0.570392578125 0.6192842741935484 0.5567076822916667 0.633736559139785 0.4720052083333333 0.6387768817204301 0.4557291666666667 0.6434811827956989 0.4583333333333333 0.6458333333333334 0.470703125 0.6458333333333334 0.5006510416666666 0.6434811827956989 0.55859375 0.6458333333333334 0.5885416666666666 0.6421370967741935 0.607421875
13 0.6723790322580645 0.615234375 0.6633064516129032 0.619140625 0.6542338709677419 0.619140625 0.6471774193548387 0.607421875 0.6403968413978495 0.5942259114583334 0.6399448924731184 0.5775670572916667 0.6417536962365591 0.5606158854166666 0.6485215053763441 0.5462239583333334 0.6616263440860215 0.48828125 0.6689684139784946 0.4645872395833333 0.6754842069892473 0.4514283854166667 0.6784707661290322 0.448796875 0.680914314516129 0.45248111979166666 0.6820003360215053 0.4624817708333333 0.6803713037634409 0.48774609375 0.6860725806451613 0.4709029947916667 0.6905241935483871 0.4609375 0.693612567204301 0.4580325520833333 0.6961754032258065 0.4580325520833333 0.6966609543010752 0.4666927083333334 0.6925403225806451 0.4947916666666667 0.6820003360215053 0.5551184895833333 0.6861559139784946 0.5859375 0.6827956989247311 0.6126302083333334 0.6784274193548387 0.62109375
14 0.7184139784946236 0.6015625 0.7029569892473119 0.6087239583333334 0.6932123655913979 0.6015625 0.6861559139784946 0.5911458333333334 0.6814516129032258 0.568359375 0.6861559139784946 0.5423177083333334 0.6989247311827957 0.470703125 0.7016129032258065 0.4544270833333333 0.706989247311828 0.4518229166666667 0.7133736559139785 0.4583333333333333 0.7170698924731183 0.5071614583333334 0.7217741935483871 0.537109375 0.7254704301075269 0.5625 0.7254704301075269 0.580078125
15 0.7547043010752689 0.5704114583333334 0.7463037634408602 0.5834322916666667 0.7419354838709677 0.5834322916666667 0.7335349462365591 0.5892916666666667 0.7281586021505376 0.5892916666666667 0.7224462365591398 0.5782239583333334 0.7211021505376344 0.5541354166666667 0.7231182795698925 0.5352552083333334 0.7237903225806451 0.5293958333333334 0.7254704301075269 0.5131197916666667 0.7268145161290323 0.47535937500000003 0.729502688172043 0.45387500000000003 0.7321908602150538 0.43759895833333334 0.7372311827956989 0.4389010416666667 0.7426075268817204 0.45778125000000003 0.7567204301075269 0.5079114583333334 0.7684811827956989 0.5352552083333334 0.7671370967741935 0.55934375
16 0.4990940860215054 0.6399739583333334 0.4943897849462366 0.5911458333333334 0.5152231182795699 0.5885416666666666 0.5125349462365592 0.6399739583333334 0.5152231182795699 0.7220052083333334 0.5138790322580645 0.73046875 0.5111908602150538 0.7330729166666666 0.5105188172043011 0.7330729166666666 0.5068225806451613 0.7265625
17 0.5201612903225806 0.6263020833333334 0.5208333333333334 0.5859375 0.5285618279569892 0.5859375 0.540994623655914 0.5911458333333334 0.5423387096774194 0.5963541666666666 0.5423387096774194 0.603515625 0.5369623655913979 0.6302083333333334 0.5325940860215054 0.720703125 0.5305779569892473 0.7317708333333334 0.5285618279569892 0.734375 0.5262096774193549 0.7330729166666666 0.5235215053763441 0.7233072916666666
18 0.5436827956989247 0.6412760416666666 0.5436827956989247 0.59375 0.5480510752688172 0.5924479166666666 0.563508064516129 0.6015625 0.5668682795698925 0.6087239583333334 0.5675403225806451 0.6178385416666666 0.5655241935483871 0.65625 0.5604838709677419 0.7571614583333334 0.5577956989247311 0.7721354166666666 0.552755376344086 0.7779947916666666 0.5487231182795699 0.7747395833333334
19 0.5725806451612904 0.66015625 0.5702284946236559 0.6236979166666666 0.573252688172043 0.6139322916666666 0.5786290322580645 0.6048177083333334 0.585013440860215 0.6048177083333334 0.5967741935483871 0.6126302083333334 0.5997983870967742 0.62109375 0.5997983870967742 0.6399739583333334 0.5920698924731183 0.6692708333333334 0.5843413978494624 0.7265625 0.5843413978494624 0.7545572916666666 0.5877016129032258 0.7708333333333334 0.5856854838709677 0.7747395833333334 0.5799731182795699 0.7734375 0.5745967741935484 0.751953125 0.5715725806451613 0.7291666666666666 0.5715725806451613 0.7018229166666666
20 0.6058467741935484 0.6627604166666666 0.5967741935483871 0.63671875 0.5997983870967742 0.6263020833333334 0.6088709677419355 0.615234375 0.6179435483870968 0.6139322916666666 0.6253360215053764 0.62109375 0.6290322580645161 0.6315104166666666 0.6263440860215054 0.6588541666666666 0.6330645161290323 0.76953125 0.6323924731182796 0.7747395833333334 0.6297043010752689 0.7747395833333334 0.6233198924731183 0.7630208333333334
21 0.6387768817204301 0.6705729166666666 0.6253360215053764 0.6302083333333334 0.6253360215053764 0.62109375 0.6310483870967742 0.6087239583333334 0.6387768817204301 0.6015625 0.6458333333333334 0.6048177083333334 0.6582661290322581 0.5989583333333334 0.6639784946236559 0.603515625 0.6686827956989247 0.6087239583333334 0.6750672043010753 0.6048177083333334 0.677755376344086 0.6100260416666666 0.6784274193548387 0.625 0.6737231182795699 0.6666666666666666 0.6827956989247311 0.734375 0.6827956989247311 0.7467447916666666 0.6807795698924731 0.7506510416666666 0.677755376344086 0.7532552083333334 0.6743951612903226 0.7454427083333334 0.6633064516129032 0.6940104166666666 0.6616263440860215 0.69140625 0.6575940860215054 0.69140625 0.6542338709677419 0.7005208333333334 0.6569220430107527 0.7428385416666666 0.6596102150537635 0.7545572916666666 0.6582661290322581 0.76171875 0.6525537634408602 0.7604166666666666 0.6471774193548387 0.7454427083333334 0.6428091397849462 0.7180989583333334
22 0.6848118279569892 0.6725260416666666 0.6700268817204301 0.6412760416666666 0.6700268817204301 0.6263020833333334 0.675739247311828 0.6126302083333334 0.6861559139784946 0.6048177083333334 0.6959005376344086 0.6048177083333334 0.7056451612903226 0.59375 0.7163978494623656 0.5963541666666666 0.7224462365591398 0.607421875 0.7244623655913979 0.6477864583333334 0.7315188172043011 0.7044270833333334 0.7345430107526881 0.7291666666666666 0.7345430107526881 0.7369791666666666 0.7315188172043011 0.7428385416666666 0.7281586021505376 0.7395833333333334 0.7261424731182796 0.7330729166666666 0.7170231854838709 0.6958652343749999 0.7124079301075269 0.6869173177083333 0.7163978494623656 0.712890625 0.7237903225806451 0.7369791666666666 0.7237903225806451 0.7454427083333334 0.719758064516129 0.748046875 0.7127016129032258 0.73828125 0.6936747311827958 0.6874440104166667
23 0.7321908602150538 0.6451822916666666 0.7224462365591398 0.625 0.7211021505376344 0.6100260416666666 0.7254704301075269 0.59375 0.7308467741935484 0.5859375 0.739247311827957 0.5859375 0.7496639784946236 0.572265625 0.7580645161290323 0.5735677083333334 0.7664650537634409 0.58984375 0.7708333333333334 0.607421875 0.7684811827956989 0.6223958333333334 0.7671370967741935 0.6341145833333334 0.7671370967741935 0.6614583333333334 0.7684811827956989 0.6725260416666666 0.7748655913978495 0.681640625 0.7775537634408602 0.6868489583333334 0.7775537634408602 0.6901041666666666 0.7762096774193549 0.6953125 0.771505376344086 0.6979166666666666 0.7651209677419355 0.6979166666666666 0.761760752688172 0.6979166666666666 0.7553763440860215 0.6940104166666666 0.7463037634408602 0.6829427083333334
24 0.4722086693548387 0.6375885416666667 0.4717741935483871 0.5885416666666666 0.49294354838709675 0.58984375 0.49056317204301075 0.6348932291666667 0.48655913978494625 0.7076822916666666 0.4845430107526882 0.734375 0.48151881720430106 0.7369791666666666 0.4781586021505376 0.7369791666666666 0.4754704301075269 0.7291666666666666
25 0.4489247311827957 0.6451822916666666 0.44321236559139787 0.611328125 0.44388440860215056 0.603515625 0.4475806451612903 0.5963541666666666 0.4650537634408602 0.5911458333333334 0.46841397849462363 0.59375 0.46908602150537637 0.6061197916666666 0.4657258064516129 0.6451822916666666 0.4650537634408602 0.73046875 0.4627016129032258 0.7395833333333334 0.46135752688172044 0.7395833333333334 0.4586693548387097 0.7395833333333334
26 0.41801075268817206 0.6399739583333334 0.4173387096774194 0.6399739583333334 0.4166666666666667 0.6100260416666666 0.41969086021505375 0.6002604166666666 0.4237231182795699 0.5859375 0.427755376344086 0.5787760416666666 0.43716397849462363 0.5787760416666666 0.44388440860215056 0.5924479166666666 0.4418682795698925 0.642578125 0.43783602150537637 0.7141927083333334 0.43481182795698925 0.7584635416666666 0.4307795698924731 0.7682291666666666 0.42876344086021506 0.76953125 0.42573924731182794 0.7643229166666666
27 0.39314516129032256 0.6620104166666666 0.3860887096774194 0.6346666666666666 0.3901209677419355 0.6131822916666666 0.3971774193548387 0.5956041666666666 0.40356182795698925 0.5943020833333333 0.41397849462365593 0.606671875 0.4217069892473118 0.618390625 0.4217069892473118 0.6307604166666666 0.4153225806451613 0.6633125 0.41397849462365593 0.7258125 0.41330645161290325 0.7446927083333333 0.4106182795698925 0.7525052083333333 0.4049059139784946 0.76878125 0.40288978494623656 0.7700833333333333 0.40053763440860213 0.7700833333333333 0.3971774193548387 0.7596666666666666 0.39986559139784944 0.7388333333333333
28 0.36088709677419356 0.6529947916666666 0.36088709677419356 0.6100260416666666 0.3699596774193548 0.59765625 0.3790322580645161 0.5989583333333334 0.38676075268817206 0.6100260416666666 0.3914650537634409 0.62109375 0.39314516129032256 0.6302083333333334 0.3914650537634409 0.63671875 0.3810483870967742 0.6627604166666666 0.3743279569892473 0.7141927083333334 0.36794354838709675 0.7532552083333334 0.365255376344086 0.755859375 0.36155913978494625 0.755859375 0.36088709677419356 0.7493489583333334
29 0.31485215053763443 0.6524427083333334 0.31350806451612906 0.6270520833333334 0.31485215053763443 0.6094739583333334 0.31888440860215056 0.59840625 0.3225806451612903 0.5971041666666667 0.33030913978494625 0.5997083333333334 0.33568548387096775 0.6055677083333334 0.3437100134408602 0.61091796875 0.3564344758064516 0.6062194010416667 0.36461458333333335 0.6115052083333333 0.366432123655914 0.623251953125 0.3640084005376344 0.6402851562499999 0.3581989247311828 0.651140625 0.3479516129032258 0.6813990885416666 0.3370295698924731 0.7240572916666667 0.3316532258064516 0.7461927083333334 0.3272849462365591 0.7540052083333334 0.32594086021505375 0.7514010416666667 0.32594086021505375 0.7403333333333334 0.3297738575268817 0.7054804687499999 0.3286290322580645 0.686296875 0.32526881720430106 0.686296875 0.3219086021505376 0.6934583333333334 0.31350806451612906 0.7188489583333334 0.3057795698924731 0.73903125 0.30073924731182794 0.7435885416666667 0.2987231182795699 0.7364270833333334
30 0.2637768817204301 0.6362239583333333 0.2674731182795699 0.5965104166666667 0.27856182795698925 0.5821875 0.2856182795698925 0.5821875 0.29469086021505375 0.5821875 0.3077956989247312 0.5952083333333333 0.3158377016129032 0.623251953125 0.3155241935483871 0.6401302083333333 0.3052338709677419 0.6673027343750001 0.293721438172043 0.6767005208333333 0.2752016129032258 0.7065364583333333 0.2644489247311828 0.7195572916666667 0.26176075268817206 0.7195572916666667 0.2604166666666667 0.7143489583333333 0.2661290322580645 0.7006770833333333 0.27419354838709675 0.681796875 0.27419354838709675 0.6713802083333333 0.2728494623655914 0.670078125 0.26814516129032256 0.6765885416666667 0.2560483870967742 0.705234375 0.25268817204301075 0.7065364583333333 0.2506720430107527 0.6980729166666667 0.25615423387096775 0.665541015625
31 0.22043010752688172 0.619140625 0.21841397849462366 0.59375 0.22278225806451613 0.5748697916666666 0.22748655913978494 0.5651041666666666 0.23387096774193547 0.5625 0.24092741935483872 0.5611979166666666 0.2506720430107527 0.5696614583333334 0.26176075268817206 0.5748697916666666 0.27069623655913977 0.5844876302083334 0.271505376344086 0.607421875 0.2701612903225806 0.62109375 0.2661290322580645 0.6263020833333334 0.25336021505376344 0.6399739583333334 0.24361559139784947 0.6653645833333334 0.229502688172043 0.677734375 0.21975806451612903 0.6803385416666666 0.21706989247311828 0.6725260416666666 0.2157258064516129 0.6614583333333334
