0 0.4969758064516129 0.69921875 0.4747983870967742 0.6979166666666666 0.47110215053763443 0.6868489583333334 0.46975806451612906 0.6627604166666666 0.47681451612903225 0.6236979166666666 0.4808467741935484 0.5221354166666666 0.4825268817204301 0.5084635416666666 0.4838709677419355 0.5045572916666666 0.48655913978494625 0.5032552083333334 0.489247311827957 0.5084635416666666 0.4915994623655914 0.548828125 0.49361559139784944 0.625 0.49764784946236557 0.6529947916666666 0.49899193548387094 0.66796875 0.49966397849462363 0.685546875
1 0.46774193548387094 0.7044270833333334 0.4543010752688172 0.7076822916666666 0.448252688172043 0.69921875 0.44455645161290325 0.677734375 0.44455645161290325 0.65625 0.44623655913978494 0.6315104166666666 0.44455645161290325 0.5546875 0.44623655913978494 0.537109375 0.4489247311827957 0.5345052083333334 0.4522849462365591 0.5345052083333334 0.4573252688172043 0.5533854166666666 0.4643817204301075 0.6341145833333334 0.46975806451612906 0.6640625 0.47110215053763443 0.6881510416666666 0.47110215053763443 0.69921875
2 0.4418682795698925 0.6803385416666666 0.4334677419354839 0.6966145833333334 0.4270833333333333 0.69140625 0.4173387096774194 0.6692708333333334 0.41397849462365593 0.6438802083333334 0.4230510752688172 0.603515625 0.42036290322580644 0.4772135416666667 0.4217069892473118 0.466796875 0.4237231182795699 0.466796875 0.427755376344086 0.466796875 0.4321236559139785 0.4817708333333333 0.4418682795698925 0.6048177083333334 0.44623655913978494 0.646484375 0.44623655913978494 0.6575520833333334 0.44623655913978494 0.6666666666666666
3 0.41263440860215056 0.6588541666666666 0.39852150537634407 0.6666666666666666 0.3914650537634409 0.6614583333333334 0.38810483870967744 0.6412760416666666 0.39575336021505375 0.5982005208333333 0.4015456989247312 0.5045572916666666 0.40356182795698925 0.4856770833333333 0.40625 0.4772135416666667 0.40961021505376344 0.4772135416666667 0.41330645161290325 0.4830729166666667 0.4166666666666667 0.4993489583333333 0.4223790322580645 0.5963541666666666 0.42573924731182794 0.6223958333333334 0.42439516129032256 0.6451822916666666 0.41969086021505375 0.6529947916666666
5 0.3520282258064516 0.6355358072916667 0.33959543010752685 0.6420462239583333 0.3298508064516129 0.627072265625 0.3274986559139785 0.6003795572916667 0.3352271505376344 0.5730358072916667 0.3291787634408602 0.5229055989583333 0.32761122311827956 0.5009427083333333 0.3279929435483871 0.4942884114583333 0.3291787634408602 0.49165559895833333 0.33091969086021505 0.49182421875 0.33270094086021507 0.49453515625 0.33486424731182796 0.4997102864583333 0.3409395161290322 0.5242076822916667 0.34097211021505375 0.5036536458333333 0.34415322580645163 0.46570052083333335 0.3456801075268817 0.45584244791666667 0.34746169354838713 0.44918815104166665 0.3506774193548387 0.4465032552083333 0.35471639784946235 0.44868684895833333 0.3577405913978495 0.45975455729166664 0.3727002688172043 0.564564453125 0.37797110215053764 0.5849811197916667 0.37820026881720425 0.6005149739583333 0.3765961021505376 0.6160494791666666 0.3727002688172043 0.6249264322916667 0.36479704301075266 0.6381399739583333
6 0.3024193548387097 0.6126302083333334 0.29469086021505375 0.62109375 0.28897849462365593 0.615234375 0.28696236559139787 0.5963541666666666 0.28696236559139787 0.5859375 0.29401881720430106 0.5638020833333334 0.29939516129032256 0.5384114583333334 0.29939516129032256 0.4921875 0.3024193548387097 0.4720052083333333 0.30510752688172044 0.466796875 0.3077956989247312 0.466796875 0.31216397849462363 0.4733072916666667 0.32661290322580644 0.5611979166666666 0.3316532258064516 0.5826822916666666 0.3286290322580645 0.603515625 0.32526881720430106 0.615234375 0.31485215053763443 0.6302083333333334
7 0.2584005376344086 0.5709635416666666 0.25772849462365593 0.5709635416666666 0.25268817204301075 0.56640625 0.2506720430107527 0.5462239583333334 0.2604166666666667 0.5234375 0.271505376344086 0.4830729166666667 0.2758736559139785 0.4479166666666667 0.27788978494623656 0.4303385416666667 0.28125 0.4231770833333333 0.28763440860215056 0.42578125 0.2916666666666667 0.4420572916666667 0.29401881720430106 0.48046875 0.290994623655914 0.537109375 0.2903225806451613 0.5696614583333334 0.2825940860215054 0.5911458333333334 0.271505376344086 0.5963541666666666 0.2651209677419355 0.5911458333333334
8 0.5164650537634409 0.6966145833333334 0.5033602150537635 0.6953125 0.49899193548387094 0.6901041666666666 0.4956317204301075 0.6751302083333334 0.4963037634408602 0.650390625 0.5006720430107527 0.6263020833333334 0.5131048387096774 0.55078125 0.5221774193548387 0.5286458333333334 0.5241935483870968 0.5260416666666666 0.5272177419354839 0.5299479166666666 0.5292338709677419 0.541015625 0.5248655913978495 0.583984375 0.521505376344086 0.6412760416666666 0.5228494623655914 0.677734375 0.5201612903225806 0.69140625
9 0.5453629032258065 0.6868489583333334 0.5325940860215054 0.6901041666666666 0.5262096774193549 0.681640625 0.521505376344086 0.65625 0.5248655913978495 0.6438802083333334 0.5319220430107527 0.62109375 0.5467069892473119 0.5423177083333334 0.5520833333333334 0.5234375 0.5534274193548387 0.5208333333333334 0.5557795698924731 0.5234375 0.5564516129032258 0.5358072916666666 0.550739247311828 0.6263020833333334 0.5520833333333334 0.6614583333333334 0.5514112903225806 0.6725260416666666 0.5493951612903226 0.6790364583333334
10 0.5591397849462365 0.6953125 0.5520833333333334 0.6692708333333334 0.5520833333333334 0.6490885416666666 0.5577956989247311 0.6178385416666666 0.5688844086021505 0.5286458333333334 0.5752688172043011 0.4934895833333333 0.5779569892473119 0.4869791666666667 0.5806451612903226 0.48828125 0.585013440860215 0.498046875 0.5856854838709677 0.5182291666666666 0.5816532258064516 0.625 0.5806451612903226 0.6692708333333334 0.5779569892473119 0.6803385416666666 0.5739247311827957 0.685546875
11 0.592741935483871 0.6692708333333334 0.5863575268817204 0.6614583333333334 0.5816532258064516 0.6438802083333334 0.5759408602150538 0.6399739583333334 0.573252688172043 0.6263020833333334 0.5766129032258065 0.6100260416666666 0.5843413978494624 0.58984375 0.5954301075268817 0.5084635416666666 0.5997983870967742 0.5045572916666666 0.602486559139785 0.5045572916666666 0.6051747311827957 0.509765625 0.6071908602150538 0.5345052083333334 0.6038306451612904 0.5963541666666666 0.6065188172043011 0.6315104166666666 0.604502688172043 0.6490885416666666 0.6018145161290323 0.6588541666666666
12 0.6169354838709677 0.66796875 0.6065188172043011 0.646484375 0.6011424731182796 0.6451822916666666 0.5981182795698925 0.625 0.5987903225806451 0.615234375 0.6071908602150538 0.5911458333333334 0.616263440860215 0.505859375 0.6233198924731183 0.4830729166666667 0.6253360215053764 0.4830729166666667 0.6283602150537635 0.4908854166666667 0.6290322580645161 0.5963541666666666 0.6317204301075269 0.6341145833333334 0.6317204301075269 0.650390625 0.6290322580645161 0.6614583333333334
13 0.6525537634408602 0.6477864583333334 0.6401209677419355 0.65625 0.6317204301075269 0.646484375 0.6246639784946236 0.6315104166666666 0.6233198924731183 0.6178385416666666 0.6233198924731183 0.6048177083333334 0.6330645161290323 0.583984375 0.6387768817204301 0.5234375 0.644489247311828 0.5071614583333334 0.6464915994623656 0.5029388020833333 0.6485215053763441 0.501953125 0.6499627016129033 0.5019042968749999 0.6512096774193549 0.5045572916666666 0.6512096774193549 0.5110677083333334 0.6498655913978495 0.5462239583333334 0.6498655913978495 0.5475260416666666 0.6518817204301075 0.5423177083333334 0.6542338709677419 0.5123697916666666 0.6546354166666667 0.5060416666666666 0.6563709677419355 0.5026803385416666 0.6586407930107527 0.5026803385416666 0.6601092069892472 0.5068177083333333 0.6615779569892473 0.513798828125 0.6639784946236559 0.537109375 0.6626344086021505 0.58984375 0.668010752688172 0.6263020833333334 0.668010752688172 0.6438802083333334 0.6626344086021505 0.6516927083333334
14 0.6945564516129032 0.62109375 0.6848118279569892 0.6341145833333334 0.6764112903225806 0.6328125 0.668010752688172 0.6165364583333334 0.6639784946236559 0.5989583333333334 0.665994623655914 0.5748697916666666 0.6682930107526881 0.526474609375 0.6693548387096774 0.478515625 0.6723790322580645 0.4694010416666667 0.677755376344086 0.4694010416666667 0.6848118279569892 0.484375 0.6995967741935484 0.568359375 0.7049731182795699 0.5911458333333334 0.7049731182795699 0.6087239583333334 0.7029569892473119 0.6178385416666666
15 0.7232862903225806 0.4158528645833333 0.7174059139784946 0.4264322916666667 0.7106854838709677 0.43701171875 0.7052251344086021 0.4524739583333333 0.7006048387096774 0.4671223958333333 0.6917842741935484 0.4752604166666667 0.6888440860215054 0.4915364583333333 0.6880040322580645 0.5192057291666666 0.6930443548387096 0.5354817708333334 0.7018649193548387 0.5387369791666666 0.7073252688172043 0.5379231770833334 0.7144657258064516 0.5314127604166666 0.7211861559139785 0.5265299479166666 0.7249663978494624 0.5208333333333334 0.7262264784946236 0.50048828125 0.727486559139785 0.4777018229166667 0.7316868279569892 0.4484049479166667 0.7350470430107527 0.42236328125 0.7337869623655914 0.4093424479166667 0.730426747311828 0.4044596354166667
16 0.5104166666666666 0.7532552083333334 0.5047043010752689 0.6868489583333334 0.5033602150537635 0.6529947916666666 0.5060483870967742 0.6451822916666666 0.5178091397849462 0.6477864583333334 0.5228494623655914 0.6529947916666666 0.5241935483870968 0.6666666666666666 0.521505376344086 0.6868489583333334 0.5188172043010753 0.7467447916666666 0.5164650537634409 0.7571614583333334 0.5144489247311828 0.7604166666666666 0.5131048387096774 0.7604166666666666
17 0.5325940860215054 0.7747395833333334 0.5188172043010753 0.6705729166666666 0.5104166666666666 0.6341145833333334 0.5137768817204301 0.62109375 0.5208333333333334 0.615234375 0.5319220430107527 0.6178385416666666 0.5362903225806451 0.62109375 0.5383064516129032 0.6341145833333334 0.5352822580645161 0.6725260416666666 0.5396505376344086 0.755859375 0.5383064516129032 0.7734375 0.5362903225806451 0.7805989583333334 0.5339381720430108 0.779296875
18 0.5715725806451613 0.818359375 0.5564516129032258 0.7532552083333334 0.5453629032258065 0.6803385416666666 0.5383064516129032 0.6490885416666666 0.5389784946236559 0.63671875 0.5453629032258065 0.6276041666666666 0.550739247311828 0.6276041666666666 0.563508064516129 0.6328125 0.5661962365591398 0.6399739583333334 0.5661962365591398 0.6803385416666666 0.5816532258064516 0.8072916666666666 0.5816532258064516 0.814453125 0.5786290322580645 0.8196614583333334 0.5739247311827957 0.8209635416666666
19 0.5725806451612904 0.69921875 0.5661962365591398 0.66796875 0.5682123655913979 0.65625 0.5739247311827957 0.6516927083333334 0.5823252688172043 0.6399739583333334 0.5907258064516129 0.6399739583333334 0.5967741935483871 0.6451822916666666 0.5981182795698925 0.6575520833333334 0.5967741935483871 0.6953125 0.6095430107526881 0.8059895833333334 0.6095430107526881 0.8157552083333334 0.6065188172043011 0.818359375 0.5981182795698925 0.8072916666666666 0.5863575268817204 0.7721354166666666
20 0.5987903225806451 0.6940104166666666 0.5920698924731183 0.6705729166666666 0.5920698924731183 0.65625 0.5961021505376344 0.642578125 0.6004704301075269 0.6412760416666666 0.6095430107526881 0.646484375 0.6206317204301075 0.6438802083333334 0.6233198924731183 0.6490885416666666 0.623991935483871 0.6881510416666666 0.6303763440860215 0.744140625 0.6428091397849462 0.80078125 0.6407930107526881 0.8072916666666666 0.6374327956989247 0.8072916666666666 0.6276881720430108 0.7897135416666666
22 0.6821236559139785 0.6842447916666666 0.6693548387096774 0.6764322916666666 0.6646505376344086 0.66015625 0.6646505376344086 0.6516927083333334 0.668010752688172 0.6399739583333334 0.6764112903225806 0.6328125 0.6881720430107527 0.611328125 0.6989247311827957 0.6061197916666666 0.7043010752688172 0.6087239583333334 0.710013440860215 0.619140625 0.7140456989247311 0.6451822916666666 0.7365591397849462 0.69921875 0.7426075268817204 0.720703125 0.7426075268817204 0.7252604166666666 0.7405913978494624 0.7265625 0.7372311827956989 0.7265625 0.719758064516129 0.69921875 0.7147177419354839 0.6940104166666666 0.7127016129032258 0.6940104166666666 0.7127016129032258 0.7005208333333334 0.717741935483871 0.7076822916666666 0.7288306451612904 0.7265625 0.7321908602150538 0.7317708333333334 0.7321908602150538 0.7356770833333334 0.7308467741935484 0.7395833333333334 0.7237903225806451 0.7395833333333334 0.7153897849462365 0.7317708333333334
23 0.719758064516129 0.6328125 0.7063172043010753 0.6126302083333334 0.7043010752688172 0.5989583333333334 0.706989247311828 0.5872395833333334 0.7127016129032258 0.5774739583333334 0.719758064516129 0.5813802083333334 0.7231182795698925 0.5748697916666666 0.7268145161290323 0.5748697916666666 0.7301747311827957 0.5748697916666666 0.7352150537634409 0.56640625 0.7419354838709677 0.5696614583333334 0.7483198924731183 0.583984375 0.7503360215053764 0.6100260416666666 0.7553763440860215 0.6399739583333334 0.7691532258064516 0.6764322916666666 0.7708333333333334 0.6790364583333334 0.7698252688172043 0.685546875 0.7671370967741935 0.6927083333333334 0.7516801075268817 0.6881510416666666 0.7385752688172043 0.6725260416666666
24 0.489247311827957 0.751953125 0.48588709677419356 0.6803385416666666 0.48588709677419356 0.6549479166666666 0.4879032258064516 0.6438802083333334 0.4963037634408602 0.6341145833333334 0.5006720430107527 0.6341145833333334 0.5033602150537635 0.642578125 0.5047043010752689 0.6529947916666666 0.5047043010752689 0.6940104166666666 0.5060483870967742 0.751953125 0.5047043010752689 0.7643229166666666 0.5020161290322581 0.7708333333333334 0.49764784946236557 0.7721354166666666 0.49361559139784944 0.7708333333333334 0.4899193548387097 0.7643229166666666
25 0.47110215053763443 0.76953125 0.46831821236559135 0.6881178385416667 0.4643817204301075 0.6354166666666666 0.46706989247311825 0.6263020833333334 0.479502688172043 0.6236979166666666 0.4879032258064516 0.6263020833333334 0.4905913978494624 0.6341145833333334 0.49227150537634407 0.6451822916666666 0.48631418010752686 0.6892415364583333 0.4825268817204301 0.7532552083333334 0.47681451612903225 0.7779947916666666 0.4747983870967742 0.783203125 0.4724462365591398 0.7819010416666666 0.47110215053763443 0.7760416666666666
26 0.41801075268817206 0.80078125 0.43481182795698925 0.69140625 0.43716397849462363 0.6529947916666666 0.4405241935483871 0.6341145833333334 0.45161290322580644 0.6302083333333334 0.4593413978494624 0.6341145833333334 0.46639784946236557 0.646484375 0.46774193548387094 0.6705729166666666 0.4657258064516129 0.6901041666666666 0.4566532258064516 0.7057291666666666 0.4411962365591398 0.783203125 0.43010752688172044 0.814453125 0.4237231182795699 0.8235677083333334 0.4223790322580645 0.8235677083333334 0.41969086021505375 0.8235677083333334 0.4166666666666667 0.8157552083333334
27 0.40288978494623656 0.7057291666666666 0.40053763440860213 0.677734375 0.40423387096774194 0.6588541666666666 0.4112903225806452 0.6477864583333334 0.4166666666666667 0.646484375 0.41969086021505375 0.6490885416666666 0.4237231182795699 0.6549479166666666 0.4327956989247312 0.65625 0.4361559139784946 0.6666666666666666 0.43548387096774194 0.6790364583333334 0.42506720430107525 0.7076822916666666 0.41397849462365593 0.7845052083333334 0.40423387096774194 0.8131510416666666 0.39986559139784944 0.8157552083333334 0.3971774193548387 0.814453125 0.3958333333333333 0.8046875
28 0.3763440860215054 0.6966145833333334 0.3803763440860215 0.6477864583333334 0.38743279569892475 0.6354166666666666 0.3951612903225806 0.6341145833333334 0.3958333333333333 0.6341145833333334 0.40625 0.6399739583333334 0.41196236559139787 0.6412760416666666 0.41330645161290325 0.650390625 0.41397849462365593 0.6640625 0.40893817204301075 0.69140625 0.39923622311827955 0.7139687499999999 0.3790322580645161 0.7747395833333334 0.3665994623655914 0.796875 0.3629032258064516 0.7981770833333334 0.3629032258064516 0.791015625
29 0.332997311827957 0.6642408854166667 0.3387096774193548 0.6199700520833333 0.34274193548387094 0.6141106770833333 0.35181451612903225 0.6141106770833333 0.3595430107526882 0.6212721354166667 0.36794354838709675 0.6277825520833333 0.384744623655914 0.6355950520833333 0.3887768817204301 0.6603346354166667 0.384744623655914 0.6740065104166666 0.36788844086021505 0.7083489583333332 0.35685483870967744 0.7521315104166666 0.3393817204301075 0.7736158854166666 0.332997311827957 0.7794752604166666 0.3286290322580645 0.7794752604166666 0.32963709677419356 0.7684075520833332 0.34139784946236557 0.7508294270833332 0.3484543010752688 0.72804296875 0.3477822580645161 0.7169752604166666 0.34274193548387094 0.7156731770833332 0.33568548387096775 0.7306471354166666 0.323252688172043 0.75733984375 0.3155241935483871 0.7684075520833332 0.31350806451612906 0.7658033854166666 0.31216397849462363 0.7547356770833332
30 0.28326612903225806 0.6529947916666666 0.2980510752688172 0.6178385416666666 0.30510752688172044 0.615234375 0.31283602150537637 0.615234375 0.3175403225806452 0.6276041666666666 0.32661290322580644 0.6328125 0.33098118279569894 0.6477864583333334 0.3370295698924731 0.6588541666666666 0.33803763440860213 0.6692708333333334 0.3286290322580645 0.6803385416666666 0.31485215053763443 0.6940104166666666 0.2896505376344086 0.73046875 0.26881720430107525 0.748046875 0.26310483870967744 0.7532552083333334 0.2604166666666667 0.7493489583333334 0.26176075268817206 0.7395833333333334 0.2819220430107527 0.7180989583333334 0.2862903225806452 0.7044270833333334 0.2856182795698925 0.703125 0.2799059139784946 0.7115885416666666 0.2674731182795699 0.7278645833333334 0.26176075268817206 0.7428385416666666 0.25772849462365593 0.7428385416666666 0.2547043010752688 0.7395833333333334 0.2547043010752688 0.7317708333333334
31 0.24630376344086022 0.6100260416666666 0.2513440860215054 0.5911458333333334 0.2644489247311828 0.580078125 0.26881720430107525 0.583984375 0.2842741935483871 0.5924479166666666 0.2896505376344086 0.5989583333333334 0.2933467741935484 0.6165364583333334 0.2973790322580645 0.6328125 0.2960349462365591 0.646484375 0.290994623655914 0.65625 0.2708333333333333 0.6692708333333334 0.24865591397849462 0.703125 0.24025537634408603 0.7102864583333334 0.23319892473118278 0.712890625 0.22815860215053763 0.708984375 0.22748655913978494 0.6979166666666666 0.23521505376344087 0.6881510416666666 0.24630376344086022 0.6751302083333334 0.24798387096774194 0.66796875 0.24630376344086022 0.6614583333333334 0.24092741935483872 0.6627604166666666 0.23319892473118278 0.6751302083333334 0.22143817204301075 0.6881510416666666 0.21841397849462366 0.6881510416666666 0.2163978494623656 0.677734375
