0 0.4838709677419355 0.5826822916666666 0.4717741935483871 0.5813802083333334 0.46841397849462363 0.580078125 0.4650537634408602 0.5696614583333334 0.4627016129032258 0.5520833333333334 0.46639784946236557 0.505859375 0.4643817204301075 0.4069010416666667 0.46774193548387094 0.3977864583333333 0.46908602150537637 0.396484375 0.47043010752688175 0.3990885416666667 0.4747983870967742 0.4205729166666667 0.48588709677419356 0.5071614583333334 0.489247311827957 0.5436197916666666 0.4885752688172043 0.5611979166666666 0.4885752688172043 0.5735677083333334
1 0.4586693548387097 0.5774739583333334 0.4495967741935484 0.580078125 0.4425403225806452 0.5748697916666666 0.43783602150537637 0.5638020833333334 0.43783602150537637 0.5423177083333334 0.4411962365591398 0.5110677083333334 0.44522849462365593 0.41796875 0.4475806451612903 0.3990885416666667 0.45026881720430106 0.3951822916666667 0.4536290322580645 0.3938802083333333 0.4573252688172043 0.3990885416666667 0.46001344086021506 0.4231770833333333 0.4593413978494624 0.509765625 0.46135752688172044 0.544921875 0.46135752688172044 0.5651041666666666 0.46001344086021506 0.572265625
2 0.4314516129032258 0.5696614583333334 0.42036290322580644 0.576171875 0.41397849462365593 0.5696614583333334 0.4069220430107527 0.5423177083333334 0.4069220430107527 0.5234375 0.4106182795698925 0.4934895833333333 0.4106182795698925 0.3776041666666667 0.41330645161290325 0.3678385416666667 0.4166666666666667 0.3665364583333333 0.41801075268817206 0.369140625 0.42439516129032256 0.3893229166666667 0.4361559139784946 0.4921875 0.43985215053763443 0.5358072916666666 0.43716397849462363 0.5533854166666666
4 0.40288978494623656 0.5345052083333334 0.39381720430107525 0.55078125 0.38743279569892475 0.55078125 0.3797043010752688 0.533203125 0.3790322580645161 0.5208333333333334 0.3810483870967742 0.4817708333333333 0.3756720430107527 0.4055989583333333 0.37768817204301075 0.390625 0.38239247311827956 0.38671875 0.38676075268817206 0.3938802083333333 0.3951612903225806 0.4290364583333333 0.40288978494623656 0.478515625 0.4106182795698925 0.5045572916666666 0.4106182795698925 0.5221354166666666
5 0.3588709677419355 0.53125 0.35114247311827956 0.533203125 0.34610215053763443 0.5299479166666666 0.34274193548387094 0.5247395833333334 0.34139784946236557 0.5084635416666666 0.34610215053763443 0.4720052083333333 0.33635752688172044 0.4205729166666667 0.33635752688172044 0.4127604166666667 0.33803763440860213 0.4069010416666667 0.3407258064516129 0.408203125 0.3477822580645161 0.431640625 0.35181451612903225 0.443359375 0.3538306451612903 0.4479166666666667 0.3534301075268817 0.4039817708333333 0.3521542338709677 0.3636041666666667 0.35462936827956987 0.3512962239583333 0.3585077284946237 0.34691276041666663 0.3635752688172043 0.361328125 0.36928763440860213 0.390625 0.384744623655914 0.5006510416666666 0.38239247311827956 0.5182291666666666 0.36861559139784944 0.537109375
6 0.31821236559139787 0.5208333333333334 0.3057795698924731 0.5208333333333334 0.29939516129032256 0.5123697916666666 0.2960349462365591 0.498046875 0.2960349462365591 0.48046875 0.30006720430107525 0.4641927083333333 0.3014112903225806 0.4016927083333333 0.3022711693548387 0.38573697916666666 0.3032409274193549 0.37258723958333334 0.3061495295698925 0.3613157552083333 0.3106743951612903 0.35943684895833333 0.31418010752688175 0.369140625 0.32586458333333335 0.4082799479166667 0.3407258064516129 0.4720052083333333 0.34206989247311825 0.4947916666666667 0.34206989247311825 0.5084635416666666 0.33501344086021506 0.5208333333333334 0.32963709677419356 0.5247395833333334
7 0.27027452956989245 0.4940690104166667 0.26208333333333333 0.49296028645833334 0.25569892473118283 0.48514778645833334 0.25502688172043014 0.46366341145833334 0.2580510752688172 0.44999153645833334 0.26611559139784946 0.43762174479166666 0.27182795698924733 0.40637174479166666 0.27754032258064515 0.37381966145833334 0.2802284946236559 0.36730924479166666 0.2842607526881721 0.36730924479166666 0.2886290322580645 0.37707486979166666 0.2983736559139785 0.452595703125 0.30173387096774196 0.47668424479166666 0.2997177419354839 0.48905403645833334 0.2943413978494624 0.5027259114583333 0.28661290322580646 0.509236328125
8 0.5110887096774194 0.5774739583333334 0.49428763440860213 0.5774739583333334 0.4905913978494624 0.5735677083333334 0.4885752688172043 0.5638020833333334 0.4885752688172043 0.5475260416666666 0.49294354838709675 0.5084635416666666 0.4956317204301075 0.4114583333333333 0.4969758064516129 0.3951822916666667 0.5006720430107527 0.3893229166666667 0.5013440860215054 0.3893229166666667 0.5033602150537635 0.3938802083333333 0.5080645161290323 0.435546875 0.5110887096774194 0.501953125 0.5137768817204301 0.541015625 0.5144489247311828 0.5638020833333334 0.5137768817204301 0.5748697916666666
9 0.5329680779569893 0.5711106770833333 0.5245675403225807 0.57371484375 0.5205352822580646 0.56980859375 0.5141508736559139 0.54637109375 0.5141508736559139 0.5333502604166667 0.5168390456989248 0.49949609375 0.5191911962365592 0.40704817708333335 0.5225514112903226 0.39272526041666667 0.5232234543010753 0.38816796875 0.5252395833333333 0.38686588541666667 0.5275917338709678 0.38686588541666667 0.5302799059139786 0.39532942708333335 0.5349842069892473 0.49493880208333335 0.5380084005376344 0.5300950520833333 0.5386804435483871 0.55223046875 0.5366643145161291 0.56394921875
10 0.552755376344086 0.5611979166666666 0.5416666666666666 0.533203125 0.5416666666666666 0.5123697916666666 0.5436827956989247 0.48046875 0.5500672043010753 0.361328125 0.5534274193548387 0.3489583333333333 0.5571236559139785 0.34765625 0.5591397849462365 0.3502604166666667 0.5618279569892473 0.3665364583333333 0.5675403225806451 0.474609375 0.5709005376344086 0.5123697916666666 0.5715725806451613 0.5286458333333334 0.5709005376344086 0.5397135416666666 0.5668682795698925 0.55078125
11 0.585013440860215 0.52734375 0.5766129032258065 0.5345052083333334 0.5739247311827957 0.5345052083333334 0.5688844086021505 0.5247395833333334 0.5682123655913979 0.5169270833333334 0.5739247311827957 0.4720052083333333 0.5745967741935484 0.3938802083333333 0.5752688172043011 0.3743489583333333 0.5786290322580645 0.3665364583333333 0.5823252688172043 0.3665364583333333 0.5856854838709677 0.3665364583333333 0.5883736559139785 0.3743489583333333 0.594758064516129 0.4641927083333333 0.6004704301075269 0.498046875 0.6004704301075269 0.513671875 0.5897177419354839 0.533203125
13 0.6216777553763441 0.5182291666666666 0.6085729166666667 0.5234375 0.6028605510752688 0.5234375 0.5984922715053763 0.5169270833333334 0.5944600134408602 0.5045572916666666 0.5937879704301076 0.4934895833333333 0.5953252688172044 0.4739830729166667 0.6001723790322581 0.4420572916666667 0.5984922715053763 0.404296875 0.6001723790322581 0.3951822916666667 0.6040003360215054 0.38658203124999996 0.6060245295698925 0.36697265625 0.6097836021505376 0.35408658854166664 0.6152778897849462 0.3456829427083334 0.6196152553763441 0.3501647135416666 0.6225070564516129 0.36921354166666664 0.6236938844086022 0.3951822916666667 0.6267180779569893 0.396484375 0.6294062500000001 0.3977864583333333 0.6307503360215054 0.4114583333333333 0.6307503360215054 0.4694010416666667 0.6357906586021506 0.4895833333333333 0.6357906586021506 0.5045572916666666 0.6351186155913978 0.515625 0.6280621639784947 0.51953125
14 0.6683847446236559 0.5052819010416667 0.6546078629032258 0.5130944010416667 0.6515836693548387 0.5150475260416667 0.6448632392473118 0.5065839843750001 0.638122311827957 0.49919466145833336 0.6334385080645162 0.4877037760416667 0.6334385080645162 0.4727298177083334 0.6404949596774194 0.4414798177083334 0.6404949596774194 0.387443359375 0.6418390456989248 0.379630859375 0.6462073252688172 0.375724609375 0.6482234543010753 0.3770266927083334 0.6522557123655914 0.397208984375 0.6532637768817204 0.4199954427083334 0.6546078629032258 0.4212975260416667 0.6566239919354839 0.3848391927083334 0.6593121639784947 0.3646569010416667 0.6630084005376344 0.3548912760416667 0.6643524865591398 0.3548912760416667 0.6663686155913978 0.3548912760416667 0.6697288306451613 0.3633548177083334 0.6762923387096774 0.43756575520833335 0.6781293682795699 0.4486412760416667 0.6824976478494624 0.4766360677083334 0.6824976478494624 0.492912109375 0.6754411962365592 0.5039798177083333
15 0.7147177419354839 0.4680989583333333 0.7043010752688172 0.4830729166666667 0.6979166666666666 0.48828125 0.6938844086021505 0.4856770833333333 0.6841397849462365 0.4720052083333333 0.6821236559139785 0.4641927083333333 0.6814516129032258 0.439453125 0.6770833333333334 0.3776041666666667 0.6807795698924731 0.3600260416666667 0.6841397849462365 0.3587239583333333 0.6854838709677419 0.3587239583333333 0.6918682795698925 0.3665364583333333 0.707997311827957 0.41796875 0.7163978494623656 0.4270833333333333 0.7204301075268817 0.44921875 0.7190860215053764 0.4694010416666667
16 0.5060483870967742 0.607421875 0.5060483870967742 0.572265625 0.5110887096774194 0.572265625 0.5235215053763441 0.5748697916666666 0.5262096774193549 0.576171875 0.5221774193548387 0.611328125 0.5164650537634409 0.6901041666666666 0.5151209677419355 0.6953125 0.5124327956989247 0.69921875 0.508736559139785 0.69921875 0.5073924731182796 0.6940104166666666
17 0.5241935483870968 0.6126302083333334 0.5228494623655914 0.5748697916666666 0.5235215053763441 0.56640625 0.5305779569892473 0.5651041666666666 0.5389784946236559 0.5651041666666666 0.543010752688172 0.56640625 0.5443548387096774 0.5774739583333334 0.5389784946236559 0.6126302083333334 0.5362903225806451 0.6881510416666666 0.5339381720430108 0.69921875 0.53125 0.7018229166666666 0.5292338709677419 0.69921875 0.5255376344086021 0.6901041666666666
18 0.5394280913978494 0.6126302083333334 0.5374119623655914 0.5735677083333334 0.5407721774193548 0.5638020833333334 0.557573252688172 0.5533854166666666 0.5626135752688172 0.5572916666666666 0.567317876344086 0.5748697916666666 0.5679899193548387 0.5885416666666666 0.5659737903225807 0.6178385416666666 0.5653017473118279 0.7233072916666666 0.5646297043010753 0.7369791666666666 0.5632856182795699 0.7428385416666666 0.5602614247311828 0.7454427083333334 0.5582452956989247 0.7454427083333334 0.5548850806451613 0.7408854166666666 0.5518608870967742 0.7317708333333334
20 0.5752688172043011 0.6236979166666666 0.5688844086021505 0.5885416666666666 0.5709005376344086 0.5774739583333334 0.5793010752688172 0.5611979166666666 0.5870295698924731 0.5611979166666666 0.594758064516129 0.5748697916666666 0.5981182795698925 0.583984375 0.594758064516129 0.62109375 0.5961021505376344 0.6751302083333334 0.5997983870967742 0.7057291666666666 0.6004704301075269 0.712890625 0.5981182795698925 0.7180989583333334 0.5954301075268817 0.7180989583333334 0.5920698924731183 0.712890625 0.5863575268817204 0.7057291666666666
21 0.5987903225806451 0.6079993489583333 0.5920698924731183 0.5930253906249999 0.5877016129032258 0.5728430989583333 0.5877016129032258 0.5630774739583333 0.5890456989247311 0.5513587239583333 0.5961021505376344 0.5513587239583333 0.6031586021505376 0.5578691406249999 0.6192876344086021 0.5441972656249999 0.6226478494623656 0.5428951822916667 0.6297043010752689 0.5481035156249999 0.633736559139785 0.5513587239583333 0.6374327956989247 0.5591712239583333 0.6394489247311828 0.5741451822916667 0.6374327956989247 0.6066972656249999 0.6525537634408602 0.6906816406249999 0.6535618279569892 0.6971920572916667 0.6518817204301075 0.6997962239583333 0.646505376344086 0.6997962239583333 0.6421370967741935 0.6874264322916667 0.623991935483871 0.6307858072916667 0.6226478494623656 0.6268795572916667 0.6206317204301075 0.6268795572916667 0.6192876344086021 0.6346920572916667 0.6192876344086021 0.6470618489583333 0.6213037634408602 0.6607337239583333 0.623991935483871 0.6783118489583333 0.6297043010752689 0.7024003906249999 0.6323924731182796 0.7082597656249999 0.6317204301075269 0.7160722656249999 0.6276881720430108 0.7160722656249999 0.6169354838709677 0.7010983072916667 0.6071908602150538 0.6672441406249999
22 0.6452368951612903 0.6100260416666666 0.6324680779569892 0.5774739583333334 0.6317960349462365 0.56640625 0.6317960349462365 0.5533854166666666 0.636164314516129 0.544921875 0.6452368951612903 0.55078125 0.6543094758064516 0.53125 0.6596858198924731 0.52734375 0.667414314516129 0.53125 0.6737987231182795 0.5260416666666666 0.677158938172043 0.5234375 0.6821992607526881 0.5345052083333334 0.6862315188172042 0.5559895833333334 0.6862315188172042 0.5826822916666666 0.696648185483871 0.6399739583333334 0.7010164650537634 0.6588541666666666 0.7010164650537634 0.6614583333333334 0.7003444220430107 0.6653645833333334 0.6953040994623656 0.66796875 0.6899277553763441 0.6614583333333334 0.6751428091397849 0.619140625 0.6717825940860215 0.615234375 0.6694304435483871 0.619140625 0.6694304435483871 0.62890625 0.6724546370967741 0.642578125 0.6764868951612903 0.6614583333333334 0.6848874327956989 0.677734375 0.6848874327956989 0.6803385416666666 0.6848874327956989 0.685546875 0.6808551747311827 0.6881510416666666 0.6694304435483871 0.677734375
23 0.6881720430107527 0.5789231770833333 0.6770833333333334 0.5398606770833333 0.6807795698924731 0.5183763020833333 0.6854838709677419 0.5125169270833333 0.6965725806451613 0.51707421875 0.7043010752688172 0.5060065104166667 0.7093413978494624 0.5086106770833333 0.7140456989247311 0.5125169270833333 0.7184139784946236 0.5086106770833333 0.7224462365591398 0.5060065104166667 0.7261424731182796 0.5144700520833333 0.729502688172043 0.5300950520833333 0.7288306451612904 0.5672044270833333 0.7301747311827957 0.6140794270833333 0.727486559139785 0.6290533854166667 0.7224462365591398 0.63035546875 0.7163978494623656 0.63035546875 0.7106854838709677 0.63035546875 0.7016129032258065 0.62254296875 0.6989247311827957 0.61668359375
24 0.4899193548387097 0.6126302083333334 0.4879032258064516 0.5748697916666666 0.5067204301075269 0.5774739583333334 0.5033602150537635 0.6139322916666666 0.5026881720430108 0.6901041666666666 0.5013440860215054 0.6966145833333334 0.49899193548387094 0.6966145833333334 0.4969758064516129 0.6966145833333334
25 0.46975806451612906 0.6165364583333334 0.46639784946236557 0.5813802083333334 0.47043010752688175 0.576171875 0.4845430107526882 0.5748697916666666 0.4885752688172043 0.5774739583333334 0.4899193548387097 0.583984375 0.48655913978494625 0.6178385416666666 0.48588709677419356 0.703125 0.4845430107526882 0.7102864583333334 0.4825268817204301 0.7102864583333334 0.4788306451612903 0.7044270833333334
26 0.4405241935483871 0.625 0.43783602150537637 0.59375 0.43850806451612906 0.5774739583333334 0.44388440860215056 0.56640625 0.4543010752688172 0.56640625 0.46001344086021506 0.56640625 0.46639784946236557 0.5774739583333334 0.46908602150537637 0.5885416666666666 0.4657258064516129 0.6178385416666666 0.4643817204301075 0.7076822916666666 0.4586693548387097 0.73828125 0.4566532258064516 0.7454427083333334 0.4536290322580645 0.748046875 0.45026881720430106 0.744140625 0.4475806451612903 0.7356770833333334
28 0.41196236559139787 0.6179856770833333 0.41263440860215056 0.5860846354166667 0.415994623655914 0.5763190104166667 0.4270833333333333 0.5672044270833333 0.4334677419354839 0.5652513020833333 0.43716397849462363 0.5685065104166667 0.4411962365591398 0.5847825520833333 0.4411962365591398 0.6004075520833333 0.4334677419354839 0.62644921875 0.4230510752688172 0.6902513020833334 0.41868279569892475 0.7091315104166668 0.41397849462365593 0.71433984375 0.40961021505376344 0.7156419270833334 0.40826612903225806 0.71433984375 0.4075940860215054 0.6993658854166668
29 0.36727150537634407 0.6094485677083333 0.36727150537634407 0.5781985677083333 0.37331989247311825 0.5619225260416667 0.3834005376344086 0.5528079427083333 0.39381720430107525 0.5469485677083333 0.39852150537634407 0.5502037760416667 0.40625 0.5580162760416667 0.4146505376344086 0.5528079427083333 0.41868279569892475 0.5606204427083333 0.42036290322580644 0.5690839843750001 0.42036290322580644 0.5866621093750001 0.4069220430107527 0.6185631510416667 0.396505376344086 0.6875735677083333 0.38743279569892475 0.7071048177083333 0.3803763440860215 0.7188235677083333 0.37701612903225806 0.7201256510416667 0.3756720430107527 0.7149173177083333 0.3756720430107527 0.7123131510416667 0.3829986559139785 0.6883782552083333 0.3894489247311828 0.6543704427083333 0.3894489247311828 0.6433027343750001 0.3860887096774194 0.6348391927083333 0.3834005376344086 0.6335371093750001 0.3763440860215054 0.6582766927083333 0.365255376344086 0.6986412760416667 0.36155913978494625 0.7071048177083333 0.3588709677419355 0.7084069010416667 0.3551747311827957 0.7012454427083333
30 0.31955645161290325 0.6015625 0.31888440860215056 0.572265625 0.32526881720430106 0.5520833333333334 0.32963709677419356 0.5475260416666666 0.34341397849462363 0.5423177083333334 0.3477822580645161 0.5423177083333334 0.3595430107526882 0.5546875 0.36727150537634407 0.55078125 0.37264784946236557 0.5546875 0.37701612903225806 0.56640625 0.375 0.58984375 0.36155913978494625 0.6236979166666666 0.3504704301075269 0.6666666666666666 0.3370295698924731 0.6940104166666666 0.3323252688172043 0.69921875 0.32963709677419356 0.69921875 0.3272849462365591 0.6979166666666666 0.32661290322580644 0.6901041666666666 0.3393817204301075 0.6490885416666666 0.3393817204301075 0.6354166666666666 0.33803763440860213 0.6315104166666666 0.3336693548387097 0.6399739583333334 0.32526881720430106 0.6751302083333334 0.31955645161290325 0.6842447916666666 0.3168682795698925 0.6868489583333334 0.31418010752688175 0.6868489583333334 0.31149193548387094 0.6751302083333334
31 0.27419354838709675 0.572265625 0.2765456989247312 0.541015625 0.2799059139784946 0.5286458333333334 0.2849462365591398 0.5260416666666666 0.2896505376344086 0.5286458333333334 0.2987231182795699 0.5286458333333334 0.30443548387096775 0.5286458333333334 0.31149193548387094 0.5345052083333334 0.32123655913978494 0.533203125 0.32594086021505375 0.5384114583333334 0.32963709677419356 0.55078125 0.33030913978494625 0.56640625 0.3272849462365591 0.580078125 0.3175403225806452 0.6002604166666666 0.31048387096774194 0.62890625 0.30073924731182794 0.646484375 0.2916666666666667 0.6575520833333334 0.2842741935483871 0.6614583333333334 0.2825940860215054 0.6614583333333334 0.2819220430107527 0.65625 0.2849462365591398 0.6490885416666666 0.2933467741935484 0.6263020833333334 0.2960349462365591 0.6126302083333334 0.2960349462365591 0.607421875 0.29469086021505375 0.607421875 0.2903225806451613 0.6126302083333334 0.28326612903225806 0.63671875 0.2758736559139785 0.6575520833333334 0.2728494623655914 0.6588541666666666 0.2708333333333333 0.65625 0.26948924731182794 0.6438802083333334
