0 0.49966397849462363 0.6041061197916667 0.4724462365591398 0.609314453125 0.46841397849462363 0.599548828125 0.46639784946236557 0.5767623697916667 0.47075739247311826 0.5312395833333333 0.4717741935483871 0.42962695312500004 0.4734543010752688 0.41725716145833336 0.4754704301075269 0.41595507812500004 0.4781586021505376 0.41595507812500004 0.48151881720430106 0.4263717447916667 0.4949596774193548 0.525330078125 0.5013440860215054 0.564392578125 0.5033602150537635 0.5930384114583334 0.5026881720430108 0.6008509114583334
1 0.4586693548387097 0.5963541666666666 0.4469086021505376 0.6015625 0.43918010752688175 0.59765625 0.4334677419354839 0.583984375 0.4321236559139785 0.56640625 0.43918010752688175 0.533203125 0.4469086021505376 0.4407552083333333 0.4489247311827957 0.4342447916666667 0.45161290322580644 0.4342447916666667 0.4543010752688172 0.4446614583333333 0.4566532258064516 0.5345052083333334 0.4627016129032258 0.572265625 0.4620295698924731 0.583984375 0.46001344086021506 0.5911458333333334
2 0.415994623655914 0.603515625 0.40356182795698925 0.580078125 0.40053763440860213 0.5625 0.40356182795698925 0.5436197916666666 0.40826612903225806 0.5286458333333334 0.4146505376344086 0.4016927083333333 0.41868279569892475 0.396484375 0.4223790322580645 0.396484375 0.42573924731182794 0.4127604166666667 0.42943548387096775 0.453125 0.42943548387096775 0.53125 0.4321236559139785 0.5598958333333334 0.4321236559139785 0.5787760416666666 0.42943548387096775 0.58984375
3 0.39986559139784944 0.5748697916666666 0.39852150537634407 0.5748697916666666 0.38810483870967744 0.5963541666666666 0.3803763440860215 0.5963541666666666 0.37331989247311825 0.5787760416666666 0.37331989247311825 0.5559895833333334 0.37768817204301075 0.5208333333333334 0.3790322580645161 0.4205729166666667 0.3810483870967742 0.400390625 0.3834005376344086 0.3951822916666667 0.3860887096774194 0.3951822916666667 0.3901209677419355 0.408203125 0.39852150537634407 0.4596354166666667 0.4049059139784946 0.5169270833333334 0.40826612903225806 0.5423177083333334 0.40893817204301075 0.5611979166666666 0.4069220430107527 0.5774739583333334
4 0.3719758064516129 0.5638020833333334 0.3659274193548387 0.5748697916666666 0.36155913978494625 0.5813802083333334 0.35114247311827956 0.580078125 0.34543010752688175 0.5598958333333334 0.34711021505376344 0.544921875 0.35181451612903225 0.5208333333333334 0.35248655913978494 0.435546875 0.3538306451612903 0.4231770833333333 0.35685483870967744 0.41796875 0.3595430107526882 0.41796875 0.3635752688172043 0.431640625 0.37331989247311825 0.515625 0.3790322580645161 0.5475260416666666 0.37701612903225806 0.55859375
5 0.32526881720430106 0.572265625 0.3161962365591398 0.5787760416666666 0.30981182795698925 0.5748697916666666 0.30510752688172044 0.5533854166666666 0.3033477822580645 0.5438704427083333 0.3077288306451613 0.514365234375 0.3111878360215054 0.47949544270833333 0.30913978494623656 0.4518229166666667 0.31257157258064516 0.42361458333333335 0.31326310483870967 0.39992122395833335 0.3146468413978495 0.38740364583333337 0.3169526209677419 0.3833802083333333 0.32594086021505375 0.3938802083333333 0.332997311827957 0.4153645833333333 0.3370295698924731 0.4466145833333333 0.34139784946236557 0.4908854166666667 0.3460077284946237 0.522859375 0.3484543010752688 0.5475260416666666 0.34543010752688175 0.56640625 0.3323252688172043 0.580078125
6 0.2752016129032258 0.55078125 0.271505376344086 0.548828125 0.2644489247311828 0.541015625 0.26176075268817206 0.5208333333333334 0.2635806451612903 0.50701953125 0.268630376344086 0.49124609375 0.271997311827957 0.4705774739583333 0.27856182795698925 0.4140625 0.2821330645161291 0.40170898437499997 0.28882022849462363 0.37712109375 0.291817876344086 0.3722037760416667 0.2964297715053763 0.3722037760416667 0.29919690860215054 0.37756835937500005 0.29939516129032256 0.3854166666666667 0.30006720430107525 0.4329427083333333 0.30510752688172044 0.5247395833333334 0.3014112903225806 0.5475260416666666 0.29939516129032256 0.5559895833333334 0.2842741935483871 0.5638020833333334
7 0.2323780241935484 0.4910364583333333 0.22666565860215054 0.4871302083333333 0.22666565860215054 0.47476041666666663 0.2293538306451613 0.46434375 0.2401065188172043 0.450671875 0.26161189516129035 0.39403125 0.2649721102150538 0.384265625 0.26866834677419354 0.37905729166666663 0.27270060483870967 0.3816614583333333 0.2763968413978495 0.39272916666666663 0.27337264784946236 0.42202604166666663 0.2643000672043011 0.4832239583333333 0.26295598118279573 0.5060104166666667 0.25757963709677417 0.5235885416666667 0.24145060483870967 0.5248906249999999 0.23876243279569892 0.5222864583333333 0.23372211021505376 0.5112187499999999
8 0.5383064516129032 0.6087239583333334 0.5201612903225806 0.615234375 0.508736559139785 0.6100260416666666 0.5047043010752689 0.59765625 0.5047043010752689 0.576171875 0.5073924731182796 0.5345052083333334 0.5073924731182796 0.4153645833333333 0.5080645161290323 0.4069010416666667 0.5104166666666666 0.4055989583333333 0.5151209677419355 0.4127604166666667 0.5241935483870968 0.4641927083333333 0.5305779569892473 0.53125 0.5389784946236559 0.5638020833333334 0.5423387096774194 0.5859375 0.5423387096774194 0.6002604166666666
9 0.5557795698924731 0.5989583333333334 0.5487231182795699 0.6015625 0.5467069892473119 0.603515625 0.543010752688172 0.5989583333333334 0.5369623655913979 0.5787760416666666 0.5352822580645161 0.5651041666666666 0.5396505376344086 0.53125 0.5453629032258065 0.4466145833333333 0.5467069892473119 0.435546875 0.5480510752688172 0.431640625 0.5520833333333334 0.431640625 0.5551075268817204 0.439453125 0.5591397849462365 0.4856770833333333 0.5618279569892473 0.5286458333333334 0.563508064516129 0.5651041666666666 0.5618279569892473 0.5859375
10 0.582997311827957 0.5963541666666666 0.5759408602150538 0.6002604166666666 0.5709005376344086 0.6002604166666666 0.5648521505376344 0.5911458333333334 0.5618279569892473 0.572265625 0.5655241935483871 0.52734375 0.573252688172043 0.41796875 0.5772849462365591 0.4016927083333333 0.5799731182795699 0.4016927083333333 0.5836693548387096 0.4069010416666667 0.5863575268817204 0.439453125 0.5890456989247311 0.5208333333333334 0.5940860215053764 0.5625 0.5913978494623656 0.580078125
11 0.5997983870967742 0.583984375 0.5940860215053764 0.5774739583333334 0.5897177419354839 0.576171875 0.582997311827957 0.5651041666666666 0.5823252688172043 0.5423177083333334 0.5877016129032258 0.5123697916666666 0.6031586021505376 0.408203125 0.6071908602150538 0.400390625 0.6102150537634409 0.4016927083333333 0.614247311827957 0.4231770833333333 0.6186155913978495 0.5182291666666666 0.6206317204301075 0.5546875 0.6192876344086021 0.5696614583333334 0.6102150537634409 0.5924479166666666
12 0.6394489247311828 0.5779440104166667 0.6317204301075269 0.5766419270833333 0.6219758064516129 0.5629700520833333 0.616263440860215 0.5603658854166667 0.6115591397849462 0.54018359375 0.6149193548387096 0.5160950520833333 0.6179435483870968 0.50502734375 0.6303763440860215 0.42104296874999997 0.6354166666666666 0.41062630208333334 0.6387768817204301 0.41062630208333334 0.6414650537634409 0.41843880208333334 0.6451612903225806 0.46205859374999997 0.646505376344086 0.5160950520833333 0.6498655913978495 0.5466940104166667 0.6485215053763441 0.5590638020833333
13 0.6753010752688172 0.5706321614583333 0.6666666666666666 0.580078125 0.6575940860215054 0.572265625 0.6535618279569892 0.56640625 0.6478494623655914 0.5651041666666666 0.6434811827956989 0.5533854166666666 0.6428091397849462 0.537109375 0.6451394489247312 0.5155130208333333 0.6498655913978495 0.501953125 0.6525537634408602 0.421875 0.6542338709677419 0.4127604166666667 0.6579952956989247 0.39281380208333333 0.6634341397849463 0.38035221354166665 0.6673897849462366 0.37508007812500005 0.6713454301075269 0.3769973958333333 0.6764112903225806 0.390625 0.6827956989247311 0.4205729166666667 0.6848118279569892 0.439453125 0.6848118279569892 0.48046875 0.6861559139784946 0.501953125 0.6905241935483871 0.5345052083333334 0.6932123655913979 0.5520833333333334 0.689887432795699 0.566318359375 0.6842012768817204 0.5739869791666666
14 0.7237903225806451 0.544921875 0.7184139784946236 0.5559895833333334 0.7127016129032258 0.55859375 0.7056451612903226 0.55859375 0.6995967741935484 0.5533854166666666 0.6918682795698925 0.5358072916666666 0.6896404569892473 0.5164720052083334 0.6911236559139785 0.4953828125 0.7022849462365591 0.4192708333333333 0.7036290322580645 0.4127604166666667 0.7056451612903226 0.4069010416666667 0.7069462365591397 0.4009622395833334 0.7121381048387097 0.39664843749999995 0.7170826612903226 0.40144140625 0.7227688172043011 0.41821679687499996 0.72721875 0.4431399739583333 0.7269717741935483 0.46422851562499995 0.7301854838709678 0.484359375 0.7358870967741935 0.5045572916666666 0.7365591397849462 0.51953125 0.7365591397849462 0.53125 0.7328629032258065 0.544921875
15 0.7698252688172043 0.4934895833333333 0.7600806451612904 0.515625 0.7516801075268817 0.515625 0.7442876344086021 0.515625 0.739247311827957 0.5071614583333334 0.7341411290322581 0.48867252604166667 0.732163306451613 0.4752526041666667 0.7254704301075269 0.3815104166666667 0.7268145161290323 0.369140625 0.7301747311827957 0.369140625 0.7372311827956989 0.3815104166666667 0.7640557795698925 0.447453125 0.7729559811827957 0.4608736979166667 0.776169690860215 0.4680631510416667 0.7771586021505377 0.48052473958333336 0.7754280913978494 0.49058984375000003
16 0.4886727150537634 0.621744140625 0.4893447580645161 0.572916015625 0.5145463709677419 0.580728515625 0.5065063844086022 0.6354388020833334 0.49774529569892473 0.7122389322916667 0.495057123655914 0.7226555989583333 0.4937130376344086 0.7259108072916667 0.4923689516129032 0.7259108072916667 0.4900168010752688 0.7226555989583333
17 0.521849126344086 0.6551399739583333 0.5131048387096774 0.6178385416666666 0.5131048387096774 0.6048177083333334 0.521505376344086 0.5924479166666666 0.5352822580645161 0.5924479166666666 0.5396505376344086 0.5924479166666666 0.5423387096774194 0.59765625 0.543010752688172 0.6087239583333334 0.5404280913978495 0.6531412760416667 0.540994623655914 0.7220052083333334 0.5396505376344086 0.73046875 0.5376344086021505 0.7330729166666666 0.5369623655913979 0.734375 0.5346102150537635 0.7317708333333334 0.5319220430107527 0.7252604166666666
18 0.5479566532258064 0.6710019531250001 0.5422909946236559 0.6341145833333334 0.5422909946236559 0.625 0.5473313172043011 0.6126302083333334 0.5550598118279569 0.6048177083333334 0.5661485215053763 0.607421875 0.5701807795698924 0.6139322916666666 0.5721969086021506 0.6236979166666666 0.5695087365591398 0.65625 0.5721969086021506 0.73046875 0.5721969086021506 0.751953125 0.5695087365591398 0.7584635416666666 0.5654764784946237 0.7584635416666666 0.5611081989247312 0.7506510416666666 0.5577479838709677 0.73828125
19 0.5738629032258065 0.6639602864583333 0.5675403225806451 0.6236979166666666 0.5682123655913979 0.6100260416666666 0.5772849462365591 0.5989583333333334 0.592741935483871 0.59375 0.5967741935483871 0.5989583333333334 0.6011424731182796 0.6087239583333334 0.602486559139785 0.6341145833333334 0.5987903225806451 0.65625 0.5997983870967742 0.708984375 0.602486559139785 0.7454427083333334 0.6031586021505376 0.7584635416666666 0.6011424731182796 0.76171875 0.5974462365591398 0.7584635416666666 0.5897177419354839 0.7428385416666666 0.5816532258064516 0.708984375
20 0.602486559139785 0.6477864583333334 0.5897177419354839 0.615234375 0.5920698924731183 0.6015625 0.5940860215053764 0.5911458333333334 0.6018145161290323 0.5924479166666666 0.6078629032258065 0.5885416666666666 0.616263440860215 0.5885416666666666 0.6246639784946236 0.5885416666666666 0.6283602150537635 0.5989583333333334 0.6297043010752689 0.6087239583333334 0.6276881720430108 0.6399739583333334 0.6290322580645161 0.7076822916666666 0.6323924731182796 0.7454427083333334 0.6317204301075269 0.7506510416666666 0.6290322580645161 0.7532552083333334 0.6233198924731183 0.7467447916666666 0.616263440860215 0.7278645833333334 0.6088709677419355 0.6979166666666666
21 0.6360887096774194 0.63671875 0.6233198924731183 0.6048177083333334 0.6226478494623656 0.59375 0.6233198924731183 0.5774739583333334 0.6297043010752689 0.5696614583333334 0.6421370967741935 0.5787760416666666 0.6485215053763441 0.568359375 0.6512096774193549 0.568359375 0.6582661290322581 0.5748697916666666 0.6673387096774194 0.5748697916666666 0.6737231182795699 0.580078125 0.6764112903225806 0.5885416666666666 0.6784274193548387 0.6015625 0.675739247311828 0.6341145833333334 0.6911962365591398 0.720703125 0.6905241935483871 0.73046875 0.6881720430107527 0.73046875 0.6834677419354839 0.7233072916666666 0.6686827956989247 0.6790364583333334 0.6596102150537635 0.6640625 0.6549059139784946 0.6653645833333334 0.6591008064516128 0.6990826822916666 0.6639784946236559 0.7265625 0.6639784946236559 0.7317708333333334 0.6639784946236559 0.7369791666666666 0.6626344086021505 0.7395833333333334 0.6582661290322581 0.73828125 0.6518817204301075 0.7265625
22 0.6881720430107527 0.6315104166666666 0.675739247311828 0.6087239583333334 0.6737231182795699 0.5872395833333334 0.6764112903225806 0.5696614583333334 0.6814516129032258 0.5696614583333334 0.6932123655913979 0.568359375 0.7016129032258065 0.5559895833333334 0.7120295698924731 0.5533854166666666 0.7237903225806451 0.5611979166666666 0.729502688172043 0.580078125 0.7315188172043011 0.6100260416666666 0.751008064516129 0.6829427083333334 0.751008064516129 0.6966145833333334 0.7483198924731183 0.7018229166666666 0.7426075268817204 0.6940104166666666 0.7217741935483871 0.6451822916666666 0.7184139784946236 0.6451822916666666 0.7170698924731183 0.6529947916666666 0.7299385080645161 0.689017578125 0.7341411290322581 0.6995618489583334 0.7372311827956989 0.7102864583333334 0.7372311827956989 0.7141927083333334 0.7335349462365591 0.7154947916666666 0.7140456989247311 0.685546875 0.6950793010752688 0.644443359375
23 0.7379032258064516 0.60016796875 0.7281586021505376 0.57477734375 0.7259828629032259 0.5572115885416666 0.72721875 0.5461881510416667 0.7304327956989247 0.5404361979166666 0.741263440860215 0.53571484375 0.7476478494623656 0.53571484375 0.7503360215053764 0.5370169270833333 0.7560483870967742 0.5370169270833333 0.7637768817204301 0.5370169270833333 0.7698252688172043 0.5383190104166666 0.7776532258064516 0.53995703125 0.7805779569892473 0.55329296875 0.7819220430107527 0.5760794270833333 0.7782258064516129 0.5936575520833333 0.7825940860215054 0.6249075520833333 0.7846102150537635 0.63532421875 0.7832661290322581 0.6398815104166666 0.7782258064516129 0.64118359375 0.7684811827956989 0.6249075520833333 0.7644489247311828 0.6262096354166666 0.7631048387096774 0.6301158854166666 0.7657930107526881 0.63532421875 0.7698252688172043 0.6476940104166666 0.7698252688172043 0.6542044270833333 0.7684811827956989 0.6600638020833333 0.7657930107526881 0.6613658854166666 0.7547043010752689 0.6542044270833333
24 0.4657258064516129 0.63532421875 0.46135752688172044 0.58258984375 0.489247311827957 0.5838919270833333 0.4850211693548387 0.6354440104166666 0.4808467741935484 0.7180065104166666 0.4808467741935484 0.7303763020833333 0.479502688172043 0.7355846354166666 0.47614247311827956 0.7381888020833333 0.4734543010752688 0.7342825520833333
25 0.43961391129032257 0.6407740885416667 0.4375977822580645 0.606919921875 0.4389418682795699 0.601060546875 0.4520467069892473 0.5919459635416667 0.4597752016129032 0.5919459635416667 0.46246337365591395 0.593248046875 0.4648155241935484 0.6043157552083334 0.46133669354838713 0.6544661458333333 0.4604472446236559 0.708482421875 0.4604472446236559 0.724107421875 0.45775907258064513 0.7364772135416667 0.4520467069892473 0.7449407552083334 0.4486864919354839 0.7449407552083334 0.44599831989247307 0.7364772135416667 0.44678797043010754 0.7043183593750001
26 0.41906653225806456 0.6627604166666666 0.41906653225806456 0.6399739583333334 0.4230987903225807 0.6302083333333334 0.4281391129032258 0.62890625 0.4341875 0.6236979166666666 0.44191599462365594 0.6263020833333334 0.44695631720430107 0.6328125 0.44830040322580644 0.6451822916666666 0.44695631720430107 0.6640625 0.4396824596774193 0.6859518229166667 0.43082728494623657 0.7291666666666666 0.4230987903225807 0.7584635416666666 0.41604233870967744 0.7747395833333334 0.41469825268817206 0.7779947916666666 0.412682123655914 0.7779947916666666 0.41066599462365594 0.7734375
27 0.38960719086021506 0.6623372395833333 0.3899875672043011 0.6356477864583333 0.3906596102150538 0.6200227864583333 0.39502788978494624 0.608955078125 0.39906014784946237 0.6063509114583333 0.407460685483871 0.6037467447916667 0.40880477150537636 0.6037467447916667 0.4151891801075269 0.616767578125 0.42022950268817205 0.6200227864583333 0.42090154569892474 0.6291373697916667 0.42090154569892474 0.6428092447916667 0.41342439516129037 0.6699446614583334 0.40880477150537636 0.696845703125 0.3983881048387097 0.735908203125 0.3913316532258065 0.7547884114583333 0.38864348118279574 0.763251953125 0.3866273521505377 0.763251953125 0.3852832661290323 0.7606477864583333 0.3852832661290323 0.749580078125
28 0.36549596774193543 0.6341145833333334 0.36415188172043006 0.6100260416666666 0.36852016129032256 0.5950520833333334 0.38095295698924725 0.5911458333333334 0.3886814516129032 0.5911458333333334 0.39573790322580643 0.603515625 0.3984260752688172 0.6126302083333334 0.3977540322580645 0.6236979166666666 0.3873373655913978 0.646484375 0.37557661290322575 0.7076822916666666 0.36482392473118275 0.7506510416666666 0.362135752688172 0.7584635416666666 0.35944758064516125 0.76171875 0.3564233870967742 0.7604166666666666
29 0.31888440860215056 0.6399739583333334 0.3161962365591398 0.6015625 0.31955645161290325 0.59375 0.32661290322580644 0.5911458333333334 0.332997311827957 0.5826822916666666 0.33803763440860213 0.5813802083333334 0.34711021505376344 0.5911458333333334 0.365255376344086 0.5885416666666666 0.36861559139784944 0.59375 0.36928763440860213 0.6048177083333334 0.36794354838709675 0.62109375 0.35248655913978494 0.65625 0.34543010752688175 0.6966145833333334 0.33803763440860213 0.73046875 0.3286290322580645 0.7454427083333334 0.3279569892473118 0.7454427083333334 0.3272849462365591 0.7395833333333334 0.332997311827957 0.720703125 0.3370295698924731 0.69140625 0.3370295698924731 0.677734375 0.3336693548387097 0.673828125 0.33098118279569894 0.673828125 0.323252688172043 0.685546875 0.3161962365591398 0.716796875 0.3077956989247312 0.7330729166666666 0.3064516129032258 0.7330729166666666 0.3057795698924731 0.7252604166666666
30 0.2661290322580645 0.62109375 0.2668010752688172 0.5911458333333334 0.2721774193548387 0.572265625 0.2772177419354839 0.5651041666666666 0.2862903225806452 0.5611979166666666 0.2916666666666667 0.5651041666666666 0.2987231182795699 0.580078125 0.31216397849462363 0.5774739583333334 0.3161962365591398 0.580078125 0.31888440860215056 0.5924479166666666 0.31888440860215056 0.6087239583333334 0.31485215053763443 0.6236979166666666 0.3077956989247312 0.6354166666666666 0.29828494623655916 0.652193359375 0.2903225806451613 0.6790364583333334 0.2765456989247312 0.7057291666666666 0.2701612903225806 0.7154947916666666 0.26881720430107525 0.7154947916666666 0.2668010752688172 0.7115885416666666 0.2721774193548387 0.6940104166666666 0.2799059139784946 0.6666666666666666 0.2799059139784946 0.6588541666666666 0.2772177419354839 0.6588541666666666 0.26310483870967744 0.6881510416666666 0.2553763440860215 0.7057291666666666 0.25268817204301075 0.7076822916666666 0.2513440860215054 0.7018229166666666
31 0.22211021505376344 0.5788684895833334 0.22043010752688172 0.5547799479166667 0.22547043010752688 0.53850390625 0.23387096774193547 0.5319934895833334 0.23958333333333334 0.53850390625 0.2547043010752688 0.54631640625 0.2610887096774194 0.5450143229166667 0.2701612903225806 0.5547799479166667 0.2701612903225806 0.57366015625 0.2627331989247312 0.595279296875 0.2513440860215054 0.61662890625 0.23387096774193547 0.65373828125 0.22278225806451613 0.66155078125 0.22043010752688172 0.6628528645833334 0.21774193548387097 0.6602486979166667 0.22043010752688172 0.6550403645833334 0.229502688172043 0.6413684895833334 0.23319892473118278 0.6289986979166667 0.23118279569892472 0.6276966145833334 0.2241263440860215 0.6413684895833334 0.21908602150537634 0.6550403645833334 0.2157258064516129 0.6628528645833334 0.21438172043010753 0.6628528645833334 0.21303763440860216 0.6563424479166667
