0 0.4905913978494624 0.6516927083333334 0.46908602150537637 0.6529947916666666 0.4643817204301075 0.642578125 0.4633736559139785 0.6276041666666666 0.468080309139785 0.5742389322916667 0.4741263440860215 0.4583333333333333 0.47681451612903225 0.4518229166666667 0.479502688172043 0.453125 0.4808467741935484 0.4694010416666667 0.48892204301075265 0.5723170572916666 0.49294354838709675 0.6165364583333334 0.49361559139784944 0.6341145833333334 0.49361559139784944 0.6438802083333334
1 0.4543010752688172 0.6529947916666666 0.44388440860215056 0.6516927083333334 0.43783602150537637 0.63671875 0.43783602150537637 0.6236979166666666 0.44388440860215056 0.580078125 0.45598118279569894 0.4817708333333333 0.457997311827957 0.4772135416666667 0.46068548387096775 0.4772135416666667 0.46135752688172044 0.4934895833333333 0.46135752688172044 0.5774739583333334 0.46135752688172044 0.6236979166666666 0.46001344086021506 0.6399739583333334 0.457997311827957 0.646484375
2 0.4307795698924731 0.62890625 0.42036290322580644 0.62890625 0.41263440860215056 0.625 0.40893817204301075 0.6126302083333334 0.4075940860215054 0.5963541666666666 0.41397849462365593 0.5611979166666666 0.4223790322580645 0.4420572916666667 0.42439516129032256 0.4303385416666667 0.4264112903225806 0.42578125 0.43010752688172044 0.42578125 0.4334677419354839 0.4466145833333333 0.4361559139784946 0.5625 0.43918010752688175 0.5963541666666666 0.43918010752688175 0.6100260416666666 0.4361559139784946 0.62109375
3 0.41397849462365593 0.59375 0.4015456989247312 0.6178385416666666 0.3951612903225806 0.6139322916666666 0.38743279569892475 0.6002604166666666 0.3854166666666667 0.5859375 0.3914650537634409 0.5397135416666666 0.3958333333333333 0.4479166666666667 0.39852150537634407 0.435546875 0.40288978494623656 0.4342447916666667 0.4069220430107527 0.439453125 0.415994623655914 0.5345052083333334 0.41969086021505375 0.5696614583333334 0.41868279569892475 0.5826822916666666
4 0.384744623655914 0.583984375 0.37836021505376344 0.5989583333333334 0.3713037634408602 0.5989583333333334 0.3635752688172043 0.583984375 0.36088709677419356 0.5709635416666666 0.3706317204301075 0.53125 0.3860887096774194 0.4303385416666667 0.3894489247311828 0.42578125 0.3914650537634409 0.4290364583333333 0.39448924731182794 0.4446614583333333 0.3901209677419355 0.5345052083333334 0.3901209677419355 0.5709635416666666 0.3901209677419355 0.5787760416666666
5 0.34274193548387094 0.5572916666666666 0.3343413978494624 0.5598958333333334 0.3272849462365591 0.5559895833333334 0.3239247311827957 0.544921875 0.3239247311827957 0.5286458333333334 0.33030913978494625 0.4993489583333333 0.33081955645161293 0.4768040364583333 0.3284778225806452 0.424833984375 0.3279569892473118 0.4069010416666667 0.32826512096774196 0.3992610677083333 0.3293293010752688 0.39554947916666666 0.3314583333333333 0.39554947916666666 0.3343413978494624 0.3990885416666667 0.3361418010752688 0.40503580729166666 0.33805745967741935 0.41452213541666666 0.3399734543010753 0.43225846354166664 0.3477822580645161 0.3776041666666667 0.3521078629032258 0.3666770833333333 0.3551747311827957 0.3665364583333333 0.3572170698924731 0.3712141927083333 0.35870732526881716 0.38028841145833336 0.3601972446236559 0.392662109375 0.3659274193548387 0.49609375 0.36861559139784944 0.537109375 0.36861559139784944 0.5533854166666666 0.35114247311827956 0.5696614583333334
6 0.30073924731182794 0.5286458333333334 0.290994623655914 0.5345052083333334 0.2862903225806452 0.5260416666666666 0.2856182795698925 0.5169270833333334 0.2856182795698925 0.5045572916666666 0.29536290322580644 0.4733072916666667 0.2923387096774194 0.396484375 0.29401881720430106 0.3854166666666667 0.2980510752688172 0.3802083333333333 0.30006720430107525 0.3802083333333333 0.30376344086021506 0.3893229166666667 0.3057795698924731 0.42578125 0.31350806451612906 0.3743489583333333 0.31489012096774194 0.3714954427083333 0.3164405241935484 0.37049414062499997 0.31917237903225804 0.3707805989583333 0.32136055107526884 0.3753450520833333 0.3235157930107527 0.385087890625 0.32594086021505375 0.4055989583333333 0.3280655241935484 0.48205598958333334 0.32661290322580644 0.5208333333333334 0.323252688172043 0.53125 0.3064516129032258 0.544921875
7 0.271505376344086 0.505859375 0.2644489247311828 0.4934895833333333 0.26176075268817206 0.4856770833333333 0.26176075268817206 0.48046875 0.2644489247311828 0.4583333333333333 0.27352150537634407 0.3880208333333333 0.2772177419354839 0.3763020833333333 0.28125 0.369140625 0.2856182795698925 0.369140625 0.28830645161290325 0.3802083333333333 0.2923387096774194 0.408203125 0.290994623655914 0.4609375 0.290994623655914 0.4908854166666667 0.2856182795698925 0.5045572916666666 0.2728494623655914 0.5084635416666666
8 0.5248655913978495 0.6490885416666666 0.5020161290322581 0.650390625 0.49764784946236557 0.6451822916666666 0.4949596774193548 0.62890625 0.4949596774193548 0.611328125 0.49966397849462363 0.5748697916666666 0.5006720430107527 0.4772135416666667 0.5047043010752689 0.4583333333333333 0.5073924731182796 0.4583333333333333 0.5104166666666666 0.466796875 0.5208800403225806 0.576369140625 0.5272177419354839 0.62109375 0.5272177419354839 0.6315104166666666 0.5272177419354839 0.6399739583333334
9 0.5480510752688172 0.62890625 0.5383064516129032 0.6399739583333334 0.5332661290322581 0.6399739583333334 0.5299059139784946 0.6341145833333334 0.5272177419354839 0.619140625 0.5285618279569892 0.572265625 0.53125 0.4694010416666667 0.5339381720430108 0.4583333333333333 0.5369623655913979 0.4583333333333333 0.5396505376344086 0.466796875 0.5473790322580645 0.5638020833333334 0.5520833333333334 0.6100260416666666 0.5520833333333334 0.6165364583333334
12 0.6004704301075269 0.5826822916666666 0.5897177419354839 0.5859375 0.585013440860215 0.580078125 0.582997311827957 0.5611979166666666 0.5890456989247311 0.53125 0.604502688172043 0.431640625 0.6088709677419355 0.4231770833333333 0.6129032258064516 0.4231770833333333 0.614247311827957 0.431640625 0.6169354838709677 0.544921875 0.6206317204301075 0.5826822916666666 0.6213037634408602 0.5924479166666666 0.6186155913978495 0.6048177083333334 0.6108870967741935 0.607421875
14 0.6883024193548387 0.5349973958333333 0.6790994623655914 0.55078125 0.6743951612903226 0.55078125 0.6653225806451613 0.541015625 0.6582661290322581 0.5286458333333334 0.6582661290322581 0.515625 0.6597288306451613 0.484912109375 0.6666666666666666 0.4166666666666667 0.6693548387096774 0.390625 0.6711599462365592 0.3663248697916666 0.6788907930107526 0.34548502604166664 0.6866216397849463 0.34808984375 0.6933444220430107 0.36176627604166667 0.7022849462365591 0.515625 0.7016129032258065 0.5345052083333334 0.6932123655913979 0.5397135416666666
15 0.6993944892473118 0.33571679687499995 0.6960332661290323 0.36827864583333336 0.6941243279569892 0.38876497395833337 0.693164314516129 0.4027154947916667 0.696044690860215 0.41945703124999995 0.7037641129032258 0.432751953125 0.7094855510752689 0.4417779947916667 0.7276290322580645 0.4379615885416666 0.7310866935483871 0.4175970052083333 0.7291666666666666 0.385044921875 0.7258064516129032 0.35342252604166663 0.7205705645161291 0.33115755208333336 0.7118854166666666 0.29296875 0.7066051747311828 0.28273828125 0.6994049059139785 0.297619140625
16 0.5033602150537635 0.6927083333333334 0.5006720430107527 0.6341145833333334 0.5073924731182796 0.6341145833333334 0.5272177419354839 0.6341145833333334 0.5299059139784946 0.63671875 0.5248655913978495 0.6868489583333334 0.5278897849462365 0.76953125 0.5278897849462365 0.7819010416666666 0.5255376344086021 0.787109375 0.5241935483870968 0.7884114583333334 0.519489247311828 0.7884114583333334 0.5144489247311828 0.7819010416666666 0.5124327956989247 0.7779947916666666
17 0.5255376344086021 0.673828125 0.5171370967741935 0.62890625 0.5188172043010753 0.6178385416666666 0.53125 0.6139322916666666 0.543010752688172 0.615234375 0.5467069892473119 0.6178385416666666 0.5480510752688172 0.6276041666666666 0.5493951612903226 0.6341145833333334 0.543010752688172 0.6705729166666666 0.5436827956989247 0.765625 0.5423387096774194 0.7760416666666666 0.5403225806451613 0.779296875 0.5369623655913979 0.7760416666666666
18 0.5460349462365591 0.677734375 0.540994623655914 0.642578125 0.5453629032258065 0.625 0.5591397849462365 0.62109375 0.5661962365591398 0.6263020833333334 0.5702284946236559 0.6341145833333334 0.5739247311827957 0.6451822916666666 0.5702284946236559 0.6803385416666666 0.5715725806451613 0.7630208333333334 0.5766129032258065 0.8209635416666666 0.5759408602150538 0.826171875 0.5715725806451613 0.83203125 0.5668682795698925 0.826171875 0.5547570564516129 0.7574368489583333
19 0.5688844086021505 0.6692708333333334 0.5618279569892473 0.6354166666666666 0.5618279569892473 0.62890625 0.5675403225806451 0.6165364583333334 0.5725806451612904 0.6048177083333334 0.5806451612903226 0.6048177083333334 0.5877016129032258 0.6100260416666666 0.5913978494623656 0.6223958333333334 0.594758064516129 0.6438802083333334 0.5934139784946236 0.6627604166666666 0.5974462365591398 0.7233072916666666 0.6051747311827957 0.7682291666666666 0.604502688172043 0.7747395833333334 0.602486559139785 0.7779947916666666 0.5997983870967742 0.7760416666666666 0.5883736559139785 0.7545572916666666 0.5799731182795699 0.7278645833333334
20 0.5997983870967742 0.66796875 0.5883736559139785 0.6438802083333334 0.5877016129032258 0.6315104166666666 0.5897177419354839 0.62109375 0.5997983870967742 0.62109375 0.6135752688172043 0.6126302083333334 0.6199596774193549 0.6139322916666666 0.6226478494623656 0.6223958333333334 0.623991935483871 0.65625 0.6323924731182796 0.712890625 0.644489247311828 0.744140625 0.644489247311828 0.7506510416666666 0.6421370967741935 0.7532552083333334 0.6381048387096774 0.7532552083333334 0.6290322580645161 0.7395833333333334 0.616263440860215 0.7154947916666666
21 0.6263440860215054 0.642578125 0.6115591397849462 0.6126302083333334 0.6115591397849462 0.5950520833333334 0.6122311827956989 0.5859375 0.6226478494623656 0.580078125 0.6330645161290323 0.580078125 0.6401209677419355 0.5638020833333334 0.644489247311828 0.5611979166666666 0.6498655913978495 0.5611979166666666 0.6575940860215054 0.572265625 0.6639784946236559 0.580078125 0.6666666666666666 0.5911458333333334 0.6653225806451613 0.6263020833333334 0.6834677419354839 0.703125 0.6848118279569892 0.712890625 0.6848118279569892 0.720703125 0.6834677419354839 0.7252604166666666 0.6807795698924731 0.7252604166666666 0.6750672043010753 0.7154947916666666 0.6582661290322581 0.6640625 0.6555779569892473 0.6614583333333334 0.6498655913978495 0.6529947916666666 0.6471774193548387 0.65625 0.6471774193548387 0.6751302083333334 0.6535618279569892 0.6979166666666666 0.6626344086021505 0.7180989583333334 0.6633064516129032 0.7233072916666666 0.6596102150537635 0.7252604166666666 0.6549059139784946 0.7220052083333334 0.6458333333333334 0.7102864583333334
22 0.6750672043010753 0.62109375 0.6616263440860215 0.5989583333333334 0.6582661290322581 0.58984375 0.6582661290322581 0.5787760416666666 0.6633064516129032 0.56640625 0.6784274193548387 0.5611979166666666 0.6814516129032258 0.55078125 0.6848118279569892 0.544921875 0.6938844086021505 0.544921875 0.7016129032258065 0.5384114583333334 0.7063172043010753 0.5436197916666666 0.710013440860215 0.5559895833333334 0.7127016129032258 0.5813802083333334 0.7385752688172043 0.6529947916666666 0.7399193548387096 0.6627604166666666 0.739247311827957 0.6705729166666666 0.7358870967741935 0.6705729166666666 0.7140456989247311 0.6341145833333334 0.7049731182795699 0.6236979166666666 0.7043010752688172 0.6236979166666666 0.7043010752688172 0.6328125 0.707997311827957 0.6477864583333334 0.7231182795698925 0.6751302083333334 0.7237903225806451 0.6803385416666666 0.7237903225806451 0.685546875 0.7190860215053764 0.6868489583333334 0.706989247311828 0.6751302083333334
23 0.7140456989247311 0.5559895833333334 0.7009408602150538 0.5384114583333334 0.7002688172043011 0.5247395833333334 0.7002688172043011 0.5182291666666666 0.7016129032258065 0.5084635416666666 0.7049731182795699 0.5006510416666666 0.706989247311828 0.4993489583333333 0.7184139784946236 0.5032552083333334 0.7268145161290323 0.4908854166666667 0.7352150537634409 0.4908854166666667 0.7399193548387096 0.49609375 0.7449596774193549 0.505859375 0.7483198924731183 0.5358072916666666 0.7573924731182796 0.5911458333333334 0.7573924731182796 0.5963541666666666 0.7560483870967742 0.6002604166666666 0.7533602150537635 0.6015625 0.7385752688172043 0.5709635416666666 0.7345430107526881 0.5696614583333334 0.7335349462365591 0.576171875 0.7399193548387096 0.59375 0.7476478494623656 0.6100260416666666 0.7476478494623656 0.615234375 0.7449596774193549 0.62109375 0.7379032258064516 0.6178385416666666 0.7281586021505376 0.6061197916666666
24 0.4781586021505376 0.6751302083333334 0.47748655913978494 0.6451822916666666 0.4781586021505376 0.63671875 0.479502688172043 0.6315104166666666 0.4879032258064516 0.62890625 0.5060483870967742 0.6328125 0.508736559139785 0.6412760416666666 0.508736559139785 0.650390625 0.5006720430107527 0.6881510416666666 0.49227150537634407 0.7779947916666666 0.4879032258064516 0.7923177083333334 0.4831989247311828 0.796875 0.479502688172043 0.7936197916666666 0.4781586021505376 0.7845052083333334
25 0.4612147177419355 0.6650872395833333 0.46491095430107526 0.62081640625 0.4689432123655914 0.6162591145833333 0.48574428763440863 0.62472265625 0.48910450268817207 0.6351393229166666 0.4884324596774194 0.6449049479166666 0.47841397849462364 0.6844557291666667 0.4642389112903226 0.7588372395833334 0.4612147177419355 0.76534765625 0.45852654569892476 0.7679518229166667 0.4571824596774194 0.76534765625
26 0.4334677419354839 0.6751302083333334 0.4334677419354839 0.6451822916666666 0.43918010752688175 0.62890625 0.4489247311827957 0.62109375 0.45530913978494625 0.62109375 0.46135752688172044 0.6315104166666666 0.4643817204301075 0.6451822916666666 0.4643817204301075 0.66015625 0.4573252688172043 0.6868489583333334 0.4425403225806452 0.7747395833333334 0.42943548387096775 0.8170572916666666 0.4237231182795699 0.8235677083333334 0.4210349462365591 0.8209635416666666 0.4210349462365591 0.8098958333333334
27 0.40288978494623656 0.6627604166666666 0.4055779569892473 0.6302083333333334 0.4112903225806452 0.6178385416666666 0.4217069892473118 0.615234375 0.42943548387096775 0.6165364583333334 0.43548387096774194 0.6341145833333334 0.43716397849462363 0.6451822916666666 0.43548387096774194 0.6588541666666666 0.427755376344086 0.681640625 0.41397849462365593 0.7467447916666666 0.39852150537634407 0.7845052083333334 0.39448924731182794 0.7884114583333334 0.3914650537634409 0.7858072916666666 0.3914650537634409 0.7779947916666666 0.39852150537634407 0.7395833333333334
28 0.3743279569892473 0.63671875 0.3756720430107527 0.6139322916666666 0.3810483870967742 0.607421875 0.3894489247311828 0.6100260416666666 0.40356182795698925 0.6100260416666666 0.40893817204301075 0.6100260416666666 0.4106182795698925 0.615234375 0.4106182795698925 0.6276041666666666 0.40961021505376344 0.6412760416666666 0.39852150537634407 0.65625 0.3790322580645161 0.712890625 0.36088709677419356 0.7506510416666666 0.35685483870967744 0.7545572916666666 0.3538306451612903 0.7506510416666666 0.354502688172043 0.7454427083333334 0.36151377688172043 0.72233203125 0.3699596774193548 0.685546875
29 0.3316532258064516 0.6100260416666666 0.33568548387096775 0.5638020833333334 0.34408602150537637 0.5572916666666666 0.3531586021505376 0.5572916666666666 0.36155913978494625 0.5638020833333334 0.36928763440860213 0.580078125 0.3834005376344086 0.576171875 0.38743279569892475 0.5826822916666666 0.38810483870967744 0.59765625 0.3860887096774194 0.6139322916666666 0.3810483870967742 0.6302083333333334 0.365255376344086 0.6529947916666666 0.3538306451612903 0.69140625 0.34139784946236557 0.7154947916666666 0.3343413978494624 0.7233072916666666 0.33098118279569894 0.7233072916666666 0.33098118279569894 0.716796875 0.34543010752688175 0.6842447916666666 0.3491263440860215 0.66015625 0.3477822580645161 0.650390625 0.34475806451612906 0.6477864583333334 0.3400537634408602 0.6549479166666666 0.32526881720430106 0.681640625 0.3161962365591398 0.7154947916666666 0.31216397849462363 0.720703125 0.31048387096774194 0.7076822916666666 0.31048387096774194 0.6940104166666666
30 0.2825940860215054 0.5748697916666666 0.290994623655914 0.5397135416666666 0.3024193548387097 0.5345052083333334 0.3071236559139785 0.5345052083333334 0.3175403225806452 0.5520833333333334 0.33098118279569894 0.56640625 0.3336693548387097 0.572265625 0.3400423387096774 0.581912109375 0.33622513440860213 0.60316015625 0.31888440860215056 0.6236979166666666 0.3014112903225806 0.6529947916666666 0.28763440860215056 0.66796875 0.27788978494623656 0.6790364583333334 0.27352150537634407 0.6790364583333334 0.2708333333333333 0.6764322916666666 0.271505376344086 0.6692708333333334 0.28696236559139787 0.6516927083333334 0.2923387096774194 0.6315104166666666 0.2916666666666667 0.6236979166666666 0.28830645161290325 0.62109375 0.2825940860215054 0.6341145833333334 0.2637768817204301 0.65625 0.2604166666666667 0.65625 0.2590725806451613 0.650390625 0.259744623655914 0.6412760416666666
31 0.24630376344086022 0.53125 0.2493279569892473 0.5110677083333334 0.2584005376344086 0.501953125 0.2644489247311828 0.5045572916666666 0.2674731182795699 0.509765625 0.2772177419354839 0.509765625 0.2849462365591398 0.5182291666666666 0.2903225806451613 0.52734375 0.2933467741935484 0.5397135416666666 0.2903225806451613 0.5559895833333334 0.2772177419354839 0.5774739583333334 0.2604166666666667 0.615234375 0.2493279569892473 0.6263020833333334 0.2422715053763441 0.6263020833333334 0.23521505376344087 0.6178385416666666 0.23319892473118278 0.6002604166666666 0.23319892473118278 0.583984375
