0 0.489247311827957 0.541015625 0.489247311827957 0.5423177083333334 0.4734543010752688 0.5462239583333334 0.46706989247311825 0.5462239583333334 0.4627016129032258 0.537109375 0.4620295698924731 0.51953125 0.4620295698924731 0.5006510416666666 0.464638440860215 0.46912109375000005 0.4650537634408602 0.3678385416666667 0.46706989247311825 0.3502604166666667 0.46975806451612906 0.34375 0.4734543010752688 0.3489583333333333 0.4808467741935484 0.3717447916666667 0.4879032258064516 0.462890625 0.49361559139784944 0.509765625 0.49361559139784944 0.53125 0.49361559139784944 0.5397135416666666
1 0.4593413978494624 0.53125 0.44522849462365593 0.537109375 0.43985215053763443 0.537109375 0.4334677419354839 0.5208333333333334 0.4334677419354839 0.4993489583333333 0.4361559139784946 0.466796875 0.43985215053763443 0.3587239583333333 0.4405241935483871 0.3489583333333333 0.44321236559139787 0.34375 0.4475806451612903 0.34375 0.4529569892473118 0.3541666666666667 0.4566532258064516 0.4641927083333333 0.46135752688172044 0.501953125 0.4620295698924731 0.5260416666666666
2 0.41801075268817206 0.5397135416666666 0.40625 0.52734375 0.40356182795698925 0.5006510416666666 0.4049059139784946 0.4817708333333333 0.4060853494623656 0.46290885416666666 0.40423387096774194 0.3190104166666667 0.4049059139784946 0.3014322916666667 0.4069220430107527 0.2975260416666667 0.4112903225806452 0.2962239583333333 0.4153225806451613 0.3098958333333333 0.4217069892473118 0.3515625 0.42876344086021506 0.462890625 0.4334677419354839 0.4934895833333333 0.4334677419354839 0.5110677083333334 0.43010752688172044 0.5234375
3 0.3978494623655914 0.5182291666666666 0.3860887096774194 0.53125 0.37701612903225806 0.5247395833333334 0.3719758064516129 0.5045572916666666 0.3719758064516129 0.48828125 0.3790322580645161 0.4557291666666667 0.3817204301075269 0.3391927083333333 0.3840725806451613 0.330078125 0.38810483870967744 0.330078125 0.39314516129032256 0.3424479166666667 0.40423387096774194 0.4479166666666667 0.4075940860215054 0.4830729166666667 0.4069220430107527 0.5045572916666666 0.40423387096774194 0.5169270833333334
4 0.3706317204301075 0.51953125 0.3581989247311828 0.5260416666666666 0.3504704301075269 0.5221354166666666 0.3497983870967742 0.5045572916666666 0.3497983870967742 0.48828125 0.3531586021505376 0.4505208333333333 0.35685483870967744 0.34765625 0.3588709677419355 0.3287760416666667 0.36155913978494625 0.3274739583333333 0.365255376344086 0.3313802083333333 0.3706317204301075 0.365234375 0.37701612903225806 0.453125 0.3790322580645161 0.478515625 0.3797043010752688 0.4934895833333333 0.37701612903225806 0.5123697916666666
5 0.33030913978494625 0.5071614583333334 0.3225806451612903 0.509765625 0.31485215053763443 0.5110677083333334 0.3084677419354839 0.5006510416666666 0.3058746639784946 0.4838723958333333 0.30733131720430107 0.46128190104166666 0.31048387096774194 0.4420572916666667 0.30791397849462365 0.356802734375 0.31111827956989246 0.327435546875 0.3178185483870968 0.3121868489583333 0.32306216397849463 0.30879817708333335 0.3316532258064516 0.3203125 0.34112331989247313 0.386734375 0.3497983870967742 0.4694010416666667 0.352192876344086 0.4866959635416667 0.3495712365591398 0.503638671875 0.3431622983870968 0.51098046875
6 0.2825940860215054 0.48828125 0.27419354838709675 0.48828125 0.2674731182795699 0.474609375 0.2651209677419355 0.4557291666666667 0.2651209677419355 0.4446614583333333 0.271505376344086 0.4270833333333333 0.27923387096774194 0.3463541666666667 0.2842741935483871 0.326171875 0.28830645161290325 0.3216145833333333 0.290994623655914 0.3216145833333333 0.29536290322580644 0.3248697916666667 0.2987231182795699 0.337890625 0.3014112903225806 0.3828125 0.30510752688172044 0.4368489583333333 0.3064516129032258 0.470703125 0.3064516129032258 0.4856770833333333 0.30510752688172044 0.4908854166666667 0.2960349462365591 0.4869791666666667 0.2842741935483871 0.4934895833333333
7 0.24495967741935484 0.4583333333333333 0.23958333333333334 0.4557291666666667 0.23790322580645162 0.4479166666666667 0.229502688172043 0.4407552083333333 0.22815860215053763 0.4290364583333333 0.2288306451612903 0.4192708333333333 0.2325268817204301 0.4069010416666667 0.23654334677419353 0.3912526041666667 0.2493279569892473 0.333984375 0.2560483870967742 0.3125 0.26176075268817206 0.30859375 0.2644489247311828 0.3125 0.2674731182795699 0.326171875 0.26948924731182794 0.361328125 0.2674731182795699 0.4153645833333333 0.26814516129032256 0.4368489583333333 0.2661290322580645 0.453125 0.259744623655914 0.4641927083333333 0.2493279569892473 0.4557291666666667
8 0.519489247311828 0.544921875 0.49764784946236557 0.5423177083333334 0.4949596774193548 0.5299479166666666 0.4949596774193548 0.5071614583333334 0.49831989247311825 0.4557291666666667 0.5020161290322581 0.35546875 0.5067204301075269 0.3424479166666667 0.5124327956989247 0.3391927083333333 0.5157930107526881 0.34765625 0.5201612903225806 0.3828125 0.5235215053763441 0.4609375 0.5272177419354839 0.5045572916666666 0.5272177419354839 0.5247395833333334 0.5255376344086021 0.5397135416666666
9 0.5534274193548387 0.5241751302083334 0.5396505376344086 0.530685546875 0.5346102150537635 0.530685546875 0.5299059139784946 0.5241751302083334 0.5272177419354839 0.5065970052083334 0.5262096774193549 0.48901888020833334 0.5281438172043011 0.45896679687499997 0.5299059139784946 0.3672740885416667 0.5305779569892473 0.354904296875 0.5325940860215054 0.347091796875 0.5352822580645161 0.3457897135416667 0.5396505376344086 0.3496959635416667 0.5453629032258065 0.378341796875 0.550739247311828 0.456466796875 0.5551075268817204 0.49292513020833334 0.5557795698924731 0.5065970052083334 0.5557795698924731 0.5202688802083334
10 0.5745967741935484 0.53125 0.5641801075268817 0.52734375 0.5577956989247311 0.5123697916666666 0.5564516129032258 0.48046875 0.5578575268817204 0.45953320312499996 0.5625 0.333984375 0.5682123655913979 0.291015625 0.5725806451612904 0.2799479166666667 0.5759408602150538 0.2799479166666667 0.5786290322580645 0.28515625 0.5799731182795699 0.3040364583333333 0.5816532258064516 0.4544270833333333 0.585013440860215 0.478515625 0.5870295698924731 0.49609375 0.5870295698924731 0.5084635416666666 0.5836693548387096 0.5182291666666666
11 0.5940860215053764 0.5071614583333334 0.5856854838709677 0.5110677083333334 0.5799731182795699 0.501953125 0.5772849462365591 0.474609375 0.582997311827957 0.4420572916666667 0.5890456989247311 0.337890625 0.5940860215053764 0.3216145833333333 0.5967741935483871 0.31640625 0.6018145161290323 0.3177083333333333 0.6065188172043011 0.3274739583333333 0.6078629032258065 0.35546875 0.6108870967741935 0.439453125 0.616263440860215 0.4947916666666667 0.6135752688172043 0.5084635416666666 0.6078629032258065 0.5234375
12 0.6206317204301075 0.5006510416666666 0.6135752688172043 0.4947916666666667 0.6065188172043011 0.4772135416666667 0.6065188172043011 0.4609375 0.6108870967741935 0.4381510416666667 0.6155913978494624 0.3502604166666667 0.6179435483870968 0.3138020833333333 0.6226478494623656 0.3040364583333333 0.6263440860215054 0.3040364583333333 0.6303763440860215 0.3177083333333333 0.633736559139785 0.361328125 0.6360887096774194 0.4329427083333333 0.6428091397849462 0.4772135416666667 0.6434811827956989 0.498046875 0.6389317876344086 0.50279296875
13 0.6677194220430107 0.47551953125 0.6552866263440861 0.48528515625 0.6475581317204301 0.48137890625 0.6379674059139785 0.47514518229166663 0.6351253360215053 0.45924348958333333 0.6351253360215053 0.44752473958333333 0.6368020833333333 0.4231875 0.640501680107527 0.35833203125 0.6411720430107527 0.31249544270833335 0.6455416666666667 0.2961178385416667 0.6493286290322581 0.2842578125 0.6559586693548387 0.2808580729166667 0.6606895161290323 0.2842578125 0.6630201612903226 0.29103515625 0.6670984543010753 0.3441217447916667 0.6697355510752688 0.30950390625 0.672759744623656 0.30950390625 0.6774640456989247 0.3160143229166667 0.6811602822580646 0.3433580729166667 0.6811602822580646 0.37721223958333333 0.679042002688172 0.4135865885416667 0.6839942876344086 0.43787109375000005 0.6878807123655915 0.4624986979166667 0.6858645833333333 0.47291536458333333 0.6804882392473118 0.48137890625 0.672759744623656 0.48137890625
14 0.7127016129032258 0.4505208333333333 0.7009408602150538 0.462890625 0.6895292338709678 0.4576373697916667 0.6857422715053764 0.44803645833333333 0.6848118279569892 0.4329427083333333 0.6842856182795699 0.4079388020833334 0.6790994623655914 0.3177083333333333 0.6792772177419355 0.30468424479166667 0.6821505376344086 0.289830078125 0.6855026881720431 0.2837962239583333 0.6910094086021505 0.2824036458333333 0.693164314516129 0.28658138020833335 0.6967560483870967 0.34135546875 0.6991502016129032 0.34924609375 0.6989247311827957 0.298828125 0.7010658602150537 0.289830078125 0.7053756720430107 0.2902942708333333 0.7093413978494624 0.2962239583333333 0.7133736559139785 0.3072916666666667 0.7170698924731183 0.330078125 0.7209388440860216 0.3859173177083333 0.7254704301075269 0.404296875 0.7281586021505376 0.4270833333333333 0.7254704301075269 0.4420572916666667 0.719758064516129 0.4557291666666667
15 0.7594086021505376 0.4114583333333333 0.748991935483871 0.42578125 0.7345430107526881 0.431640625 0.729502688172043 0.421875 0.7261424731182796 0.3828125 0.7211021505376344 0.3463541666666667 0.7224462365591398 0.2923177083333333 0.7261424731182796 0.2747395833333333 0.7301747311827957 0.2688802083333333 0.7335349462365591 0.2688802083333333 0.7405913978494624 0.2799479166666667 0.7476478494623656 0.298828125 0.7594086021505376 0.361328125 0.7684811827956989 0.3828125 0.7698252688172043 0.396484375 0.7684811827956989 0.4114583333333333
16 0.4915994623655914 0.5748697916666666 0.48723118279569894 0.53125 0.5104166666666666 0.53125 0.511760752688172 0.537109375 0.5095 0.5809537760416666 0.5047043010752689 0.6451822916666666 0.5033602150537635 0.6549479166666666 0.5013440860215054 0.6588541666666666 0.49764784946236557 0.6614583333333334 0.4949596774193548 0.66015625 0.49294354838709675 0.6529947916666666
17 0.5144489247311828 0.580078125 0.5104166666666666 0.537109375 0.5137768817204301 0.533203125 0.5299059139784946 0.5345052083333334 0.5346102150537635 0.5384114583333334 0.5362903225806451 0.544921875 0.5362903225806451 0.55078125 0.5319220430107527 0.5859375 0.5292338709677419 0.6692708333333334 0.5262096774193549 0.6751302083333334 0.5248655913978495 0.6751302083333334 0.521505376344086 0.673828125 0.5171370967741935 0.6653645833333334
18 0.5352822580645161 0.5859375 0.5332661290322581 0.548828125 0.5362903225806451 0.53125 0.5396505376344086 0.5221354166666666 0.5436827956989247 0.5260416666666666 0.5534274193548387 0.53125 0.5598118279569892 0.5436197916666666 0.5611559139784946 0.5625 0.5604838709677419 0.5950520833333334 0.5675403225806451 0.6842447916666666 0.5725806451612904 0.7115885416666666 0.5725806451612904 0.720703125 0.5702284946236559 0.7233072916666666 0.563508064516129 0.720703125 0.5514112903225806 0.69921875 0.5460349462365591 0.6751302083333334
19 0.573252688172043 0.5885416666666666 0.5641801075268817 0.5533854166666666 0.5675403225806451 0.5423177083333334 0.5766129032258065 0.53125 0.5836693548387096 0.53125 0.5897177419354839 0.5345052083333334 0.5934139784946236 0.541015625 0.5940860215053764 0.5475260416666666 0.5954301075268817 0.5826822916666666 0.5997983870967742 0.6451822916666666 0.6051747311827957 0.685546875 0.6051747311827957 0.6940104166666666 0.6038306451612904 0.7005208333333334 0.5997983870967742 0.7018229166666666 0.594758064516129 0.69921875
20 0.5997983870967742 0.5748697916666666 0.5883736559139785 0.544921875 0.5883736559139785 0.537109375 0.592741935483871 0.5208333333333334 0.6038306451612904 0.5084635416666666 0.6088709677419355 0.509765625 0.6115591397849462 0.513671875 0.6192876344086021 0.5169270833333334 0.6233198924731183 0.5247395833333334 0.623991935483871 0.5423177083333334 0.6233198924731183 0.5611979166666666 0.6401209677419355 0.6692708333333334 0.6407930107526881 0.6803385416666666 0.6394489247311828 0.6842447916666666 0.6374327956989247 0.685546875 0.6323924731182796 0.6829427083333334 0.6253360215053764 0.6751302083333334
21 0.6330645161290323 0.5611979166666666 0.6199596774193549 0.537109375 0.6179435483870968 0.5247395833333334 0.6179435483870968 0.509765625 0.6219758064516129 0.49609375 0.6270161290322581 0.49609375 0.6344086021505376 0.49609375 0.6401209677419355 0.4856770833333333 0.6434811827956989 0.4856770833333333 0.6505376344086021 0.4856770833333333 0.6596102150537635 0.4817708333333333 0.6646505376344086 0.4817708333333333 0.6693548387096774 0.48828125 0.6723790322580645 0.505859375 0.6730510752688172 0.5358072916666666 0.6932123655913979 0.5911458333333334 0.7043010752688172 0.6223958333333334 0.7056451612903226 0.63671875 0.7056451612903226 0.642578125 0.7049731182795699 0.642578125 0.7002688172043011 0.642578125 0.6911962365591398 0.62109375 0.6807795698924731 0.5963541666666666 0.668010752688172 0.5774739583333334 0.6633064516129032 0.5748697916666666 0.6609543010752689 0.5748697916666666 0.6602822580645161 0.580078125 0.6602822580645161 0.59765625 0.6653225806451613 0.6178385416666666 0.6737231182795699 0.63671875 0.6827956989247311 0.6529947916666666 0.6821236559139785 0.6588541666666666 0.6790994623655914 0.6627604166666666 0.6686827956989247 0.65625 0.6575940860215054 0.63671875
22 0.6807795698924731 0.53125 0.668010752688172 0.5006510416666666 0.665994623655914 0.48828125 0.665994623655914 0.478515625 0.6706989247311828 0.466796875 0.6764112903225806 0.462890625 0.6821236559139785 0.462890625 0.6932123655913979 0.4694010416666667 0.7009408602150538 0.4609375 0.7120295698924731 0.4641927083333333 0.7184139784946236 0.474609375 0.7224462365591398 0.49609375 0.719758064516129 0.5260416666666666 0.7345430107526881 0.583984375 0.7335349462365591 0.5963541666666666 0.7308467741935484 0.6015625 0.7281586021505376 0.6061197916666666 0.7224462365591398 0.6061197916666666 0.7211021505376344 0.5989583333333334 0.7211021505376344 0.5963541666666666 0.7211021505376344 0.580078125 0.7163978494623656 0.5611979166666666 0.7127016129032258 0.5533854166666666 0.7086693548387096 0.5475260416666666 0.706989247311828 0.55078125 0.706989247311828 0.5638020833333334 0.707997311827957 0.5787760416666666 0.7140456989247311 0.5963541666666666 0.7163978494623656 0.6048177083333334 0.7163978494623656 0.6100260416666666 0.7133736559139785 0.615234375 0.7086693548387096 0.615234375 0.7009408602150538 0.611328125 0.6959381720430108 0.6030234375
23 0.7242819220430108 0.534771484375 0.7221559139784947 0.5242786458333334 0.7240097446236559 0.508900390625 0.7287274865591399 0.4951744791666666 0.730142809139785 0.48785351562499996 0.7258968413978494 0.47412760416666666 0.7263686155913978 0.465892578125 0.7287274865591399 0.45582682291666665 0.7362762096774194 0.44301562499999997 0.7475987903225806 0.4475911458333333 0.7579778225806453 0.4567415364583333 0.7702442876344086 0.45857161458333334 0.7862846102150538 0.45857161458333334 0.7952486559139784 0.46863736979166665 0.7961922043010752 0.4759576822916667 0.7938333333333333 0.48785351562499996 0.7806233198924732 0.49883463541666667 0.7740184811827956 0.5034101562500001 0.7876999327956989 0.5098151041666666 0.7943051075268817 0.514390625 0.7966639784946236 0.5244563802083334 0.7900591397849462 0.5409270833333334 0.765998319892473 0.5455026041666667 0.7565625 0.5418424479166667 0.7471270161290322 0.5427578125 0.7314778225806452 0.5491276041666667
24 0.46328024193548384 0.5688118489583334 0.4620295698924731 0.5397135416666666 0.47681451612903225 0.5384114583333334 0.4801747311827957 0.5384114583333334 0.4825268817204301 0.5436197916666666 0.4823753360215054 0.5768053385416666 0.479502688172043 0.6549479166666666 0.47748655913978494 0.6627604166666666 0.47614247311827956 0.6640625 0.4734543010752688 0.6614583333333334
25 0.4405241935483871 0.5859375 0.43481182795698925 0.544921875 0.4361559139784946 0.5397135416666666 0.4489247311827957 0.5345052083333334 0.46001344086021506 0.5345052083333334 0.4627016129032258 0.5397135416666666 0.4573252688172043 0.5826822916666666 0.4586693548387097 0.6477864583333334 0.4573252688172043 0.6692708333333334 0.4543010752688172 0.677734375 0.4529569892473118 0.6790364583333334 0.45026881720430106 0.677734375 0.4475806451612903 0.6725260416666666
26 0.41196236559139787 0.5826822916666666 0.4112903225806452 0.544921875 0.415994623655914 0.53125 0.4223790322580645 0.5260416666666666 0.42876344086021506 0.5260416666666666 0.43481182795698925 0.537109375 0.43716397849462363 0.544921875 0.43716397849462363 0.5611979166666666 0.43548387096774194 0.583984375 0.43010752688172044 0.677734375 0.41969086021505375 0.7180989583333334 0.41263440860215056 0.7278645833333334 0.4106182795698925 0.7265625 0.40826612903225806 0.716796875 0.41263440860215056 0.6881510416666666
27 0.38288575268817204 0.5749954427083334 0.38154166666666667 0.5470006510416666 0.38590994623655916 0.5320266927083334 0.3899422043010753 0.5320266927083334 0.3943104838709678 0.5294225260416666 0.3996868279569893 0.5320266927083334 0.4047271505376344 0.5411412760416666 0.40808736559139785 0.542443359375 0.4107755376344086 0.5535110677083334 0.40808736559139785 0.5723912760416666 0.40271102150537635 0.5938756510416666 0.3885981182795699 0.685021484375 0.3801975806451613 0.702599609375 0.3788534946236559 0.702599609375 0.37616532258064517 0.6993444010416666 0.37616532258064517 0.6915319010416666 0.3795255376344086 0.6700475260416666
28 0.34711021505376344 0.568359375 0.3484543010752688 0.5345052083333334 0.3538306451612903 0.5260416666666666 0.36223118279569894 0.5169270833333334 0.36861559139784944 0.5182291666666666 0.3756720430107527 0.5286458333333334 0.3834005376344086 0.5345052083333334 0.384744623655914 0.544921875 0.3803763440860215 0.5611979166666666 0.3699596774193548 0.5885416666666666 0.35248655913978494 0.677734375 0.3491263440860215 0.6940104166666666 0.34610215053763443 0.6979166666666666 0.34341397849462363 0.6966145833333334 0.34139784946236557 0.69140625
29 0.3034317876344086 0.5553997395833333 0.3075043682795699 0.511240234375 0.31456081989247314 0.503427734375 0.3229613575268817 0.503427734375 0.32833770161290327 0.5099381510416666 0.33976243279569895 0.511240234375 0.34681888440860215 0.5125423177083334 0.35219522849462365 0.5197037760416666 0.3548834005376344 0.5333756510416666 0.3542113575268817 0.5411881510416666 0.34681888440860215 0.5574641927083334 0.33539415322580646 0.5848079427083334 0.32833770161290327 0.634287109375 0.3197120295698925 0.6631165364583333 0.3118726478494624 0.6805110677083334 0.30481619623655914 0.6889746093750001 0.3021280241935484 0.6844173177083334 0.30347211021505377 0.6766048177083334 0.3106814516129032 0.6552102864583333 0.3159049059139785 0.6290787760416666 0.3159049059139785 0.6004329427083334 0.31321673387096777 0.5939225260416666 0.30952049731182796 0.5939225260416666 0.29775974462365595 0.616708984375 0.2809586693548387 0.6603287760416666 0.27894254032258065 0.661630859375 0.27759845430107527 0.6603287760416666 0.27759845430107527 0.6505631510416666 0.27827049731182796 0.6388444010416666
30 0.2560483870967742 0.5436197916666666 0.2560483870967742 0.5169270833333334 0.2604166666666667 0.4947916666666667 0.2668010752688172 0.484375 0.27419354838709675 0.4817708333333333 0.28125 0.4895833333333333 0.290994623655914 0.4856770833333333 0.2967069892473118 0.4895833333333333 0.30510752688172044 0.5084635416666666 0.30510752688172044 0.5208333333333334 0.3024193548387097 0.5345052083333334 0.29401881720430106 0.55859375 0.2819220430107527 0.6100260416666666 0.2701612903225806 0.6341145833333334 0.25772849462365593 0.650390625 0.2547043010752688 0.650390625 0.2547043010752688 0.6412760416666666 0.2661290322580645 0.6178385416666666 0.271505376344086 0.5963541666666666 0.271505376344086 0.5859375 0.26881720430107525 0.580078125 0.2644489247311828 0.5989583333333334 0.25772849462365593 0.6263020833333334 0.25201612903225806 0.6399739583333334 0.24798387096774194 0.6399739583333334 0.24630376344086022 0.6276041666666666
31 0.19018380376344085 0.5281829427083333 0.18920530913978495 0.5134596354166666 0.19301444892473116 0.4998157552083333 0.20480880376344085 0.48791992187500005 0.21282930107526882 0.47968424479166666 0.22556720430107527 0.46870377604166663 0.23930208333333333 0.4579010416666667 0.24807526881720432 0.46489583333333334 0.25323622311827954 0.48388020833333334 0.25212836021505375 0.4993411458333334 0.2530020161290322 0.5112005208333333 0.25434576612903226 0.5217773437500001 0.25633266129032256 0.54383203125 0.25478427419354843 0.555822265625 0.24726915322580648 0.5620403645833333 0.24019254032258064 0.562955078125 0.22273655913978496 0.566615234375 0.21282930107526882 0.5693606770833334 0.20339348118279568 0.5675305989583334 0.19442977150537635 0.5583795572916667 0.1941575940860215 0.5467805989583333 0.20260551075268815 0.53040234375 0.19301444892473116 0.5373333333333333
