0 0.4687563844086022 0.5689290364583334 0.4781586021505376 0.4479166666666667 0.48151881720430106 0.4290364583333333 0.4852150537634409 0.42578125 0.48723118279569894 0.42578125 0.4915994623655914 0.4420572916666667 0.4963037634408602 0.5625 0.5006720430107527 0.6015625 0.5006720430107527 0.625 0.4969758064516129 0.62890625 0.4808467741935484 0.6328125 0.46841397849462363 0.6263020833333334 0.4633736559139785 0.6139322916666666 0.465023185483871 0.5899700520833333
1 0.43918010752688175 0.5735677083333334 0.44455645161290325 0.4544270833333333 0.4475806451612903 0.443359375 0.4495967741935484 0.4407552083333333 0.45161290322580644 0.4446614583333333 0.45530913978494625 0.4609375 0.46001344086021506 0.5774739583333334 0.4643817204301075 0.607421875 0.4650537634408602 0.62890625 0.4643817204301075 0.6315104166666666 0.46068548387096775 0.63671875 0.4495967741935484 0.6451822916666666 0.4425403225806452 0.6477864583333334 0.43783602150537637 0.6399739583333334 0.43548387096774194 0.619140625 0.43481182795698925 0.603515625
2 0.4022177419354839 0.501953125 0.4055779569892473 0.4342447916666667 0.40826612903225806 0.4205729166666667 0.41196236559139787 0.4192708333333333 0.4153225806451613 0.4270833333333333 0.4237231182795699 0.51953125 0.427755376344086 0.55859375 0.4327956989247312 0.5885416666666666 0.4334677419354839 0.6178385416666666 0.4307795698924731 0.6341145833333334 0.4166666666666667 0.6438802083333334 0.4075940860215054 0.6328125 0.40288978494623656 0.6048177083333334
3 0.37768817204301075 0.5182291666666666 0.3790322580645161 0.462890625 0.3797043010752688 0.45703125 0.3834005376344086 0.4518229166666667 0.38676075268817206 0.453125 0.39314516129032256 0.4720052083333333 0.40423387096774194 0.5546875 0.40961021505376344 0.5748697916666666 0.41263440860215056 0.6061197916666666 0.39919354838709675 0.615234375 0.39448924731182794 0.62890625 0.38810483870967744 0.6341145833333334 0.37768817204301075 0.62890625 0.3756720430107527 0.6126302083333334 0.3803763440860215 0.5611979166666666
4 0.35248655913978494 0.5572916666666666 0.354502688172043 0.474609375 0.354502688172043 0.4544270833333333 0.3575268817204301 0.4446614583333333 0.36088709677419356 0.4446614583333333 0.3665994623655914 0.4609375 0.37768817204301075 0.55078125 0.384744623655914 0.5774739583333334 0.38676075268817206 0.5963541666666666 0.384744623655914 0.6100260416666666 0.3719758064516129 0.6165364583333334 0.36088709677419356 0.62890625 0.35248655913978494 0.6263020833333334 0.3497983870967742 0.6165364583333334 0.3497983870967742 0.5924479166666666
5 0.3084677419354839 0.5475260416666666 0.3176720430107527 0.47790494791666666 0.31987768817204304 0.448865234375 0.3229657258064516 0.43434505208333335 0.3282594086021505 0.43349088541666664 0.34543010752688175 0.5358072916666666 0.3484543010752688 0.5559895833333334 0.35181451612903225 0.5774739583333334 0.35248655913978494 0.59765625 0.3484543010752688 0.6126302083333334 0.33501344086021506 0.62109375 0.323252688172043 0.615234375 0.31350806451612906 0.6178385416666666 0.3077956989247312 0.6126302083333334 0.30376344086021506 0.5989583333333334 0.3030913978494624 0.5911458333333334
6 0.27788978494623656 0.5989583333333334 0.26814516129032256 0.5963541666666666 0.26310483870967744 0.5911458333333334 0.2584005376344086 0.576171875 0.2584005376344086 0.5611979166666666 0.26176075268817206 0.5345052083333334 0.26814516129032256 0.513671875 0.2709287634408602 0.487783203125 0.271505376344086 0.4641927083333333 0.2744677419354839 0.43140559895833336 0.28326612903225806 0.4205729166666667 0.2882301747311828 0.426072265625 0.29098286290322584 0.43521484375 0.2925557795698925 0.4534993489583334 0.2967069892473118 0.4934895833333333 0.30073924731182794 0.544921875 0.3030913978494624 0.5638020833333334 0.30376344086021506 0.5911458333333334 0.2987231182795699 0.6002604166666666 0.290994623655914 0.6087239583333334 0.2772177419354839 0.5963541666666666
8 0.503372311827957 0.5728743489583333 0.511760752688172 0.4544270833333333 0.5144489247311828 0.4329427083333333 0.519489247311828 0.4231770833333333 0.521505376344086 0.4231770833333333 0.5241935483870968 0.4290364583333333 0.5272177419354839 0.4479166666666667 0.5278067876344086 0.5649837239583334 0.5319220430107527 0.5950520833333334 0.5305779569892473 0.62109375 0.5255376344086021 0.63671875 0.5144489247311828 0.6412760416666666 0.5040322580645161 0.638671875 0.49966397849462363 0.62890625
9 0.540994623655914 0.4895833333333333 0.543010752688172 0.466796875 0.5460349462365591 0.4596354166666667 0.5493951612903226 0.4596354166666667 0.5520833333333334 0.470703125 0.5557795698924731 0.572265625 0.5598118279569892 0.5885416666666666 0.5604838709677419 0.6126302083333334 0.5584677419354839 0.6276041666666666 0.5500672043010753 0.6341145833333334 0.540994623655914 0.6341145833333334 0.5339381720430108 0.62890625 0.5319220430107527 0.6178385416666666 0.5332661290322581 0.5924479166666666 0.5369217069892472 0.5590462239583334
10 0.5648521505376344 0.5559895833333334 0.5823252688172043 0.435546875 0.5856854838709677 0.4205729166666667 0.5883736559139785 0.41796875 0.5920698924731183 0.421875 0.5940860215053764 0.435546875 0.5934139784946236 0.4583333333333333 0.5934139784946236 0.501953125 0.5920698924731183 0.5638020833333334 0.5940860215053764 0.6048177083333334 0.5913978494623656 0.62109375 0.5816532258064516 0.6438802083333334 0.5688844086021505 0.6354166666666666 0.5625 0.6139322916666666 0.5591397849462365 0.5911458333333334
11 0.5981182795698925 0.5208333333333334 0.6038306451612904 0.4641927083333333 0.6071908602150538 0.4544270833333333 0.6108870967741935 0.4505208333333333 0.6129032258064516 0.453125 0.616263440860215 0.466796875 0.6169354838709677 0.509765625 0.616263440860215 0.5748697916666666 0.6213037634408602 0.5950520833333334 0.6226478494623656 0.6165364583333334 0.6206317204301075 0.6315104166666666 0.6115591397849462 0.6438802083333334 0.5997983870967742 0.625 0.592741935483871 0.6263020833333334 0.5883736559139785 0.5963541666666666 0.5897177419354839 0.580078125 0.5931723790322581 0.5607317708333334
12 0.6226478494623656 0.5696614583333334 0.6317204301075269 0.4830729166666667 0.6360887096774194 0.466796875 0.6401209677419355 0.4609375 0.6428091397849462 0.4694010416666667 0.644489247311828 0.4947916666666667 0.6458333333333334 0.5709635416666666 0.6518817204301075 0.6015625 0.6498655913978495 0.6223958333333334 0.6407930107526881 0.642578125 0.6303763440860215 0.638671875 0.6253360215053764 0.6263020833333334 0.6169354838709677 0.6263020833333334 0.6155913978494624 0.6100260416666666 0.616263440860215 0.5963541666666666
13 0.6515618279569892 0.5502011718750001 0.6609543010752689 0.46929036458333334 0.665994623655914 0.4471549479166667 0.668010752688172 0.43804036458333334 0.6730510752688172 0.43673828125 0.6750672043010753 0.44585286458333334 0.6750672043010753 0.48686848958333334 0.6750672043010753 0.4881705729166667 0.6743951612903226 0.5220247395833334 0.6743951612903226 0.5337434895833334 0.6767980510752688 0.5131438802083333 0.6784274193548387 0.49468098958333334 0.6807795698924731 0.48947265625 0.6841397849462365 0.4920768229166667 0.6861559139784946 0.4998893229166667 0.6848118279569892 0.5337434895833334 0.6834677419354839 0.55392578125 0.6905241935483871 0.5838736979166667 0.6881720430107527 0.6014518229166667 0.6834677419354839 0.61642578125 0.6729963037634409 0.6193951822916667 0.6651317204301075 0.6285377604166666 0.6568739919354839 0.626251953125 0.6478299731182796 0.6224427083333334 0.644489247311828 0.6001497395833334 0.6451612903225806 0.58126953125
14 0.6881720430107527 0.5423177083333334 0.6935336021505377 0.4971888020833333 0.697252688172043 0.46991015625000004 0.7007063172043011 0.4529251302083333 0.7028313172043011 0.4416022135416667 0.7065504032258064 0.43336718750000003 0.7120295698924731 0.439453125 0.7153165322580646 0.4534401041666667 0.7184139784946236 0.4759114583333333 0.7198326612903226 0.5059381510416666 0.7237903225806451 0.5345052083333334 0.7275362903225807 0.5543190104166666 0.7315188172043011 0.5709635416666666 0.7309895833333334 0.5949791666666667 0.7244623655913979 0.6015625 0.7153897849462365 0.6100260416666666 0.707997311827957 0.6100260416666666 0.7009408602150538 0.615234375 0.6945564516129032 0.6100260416666666 0.6875 0.603515625 0.6861559139784946 0.5826822916666666
16 0.5013719758064517 0.646322265625 0.4956596102150538 0.601400390625 0.5151488575268818 0.5961920572916667 0.514476814516129 0.640462890625 0.5158209005376344 0.681478515625 0.5171649865591398 0.7355149739583333 0.5164929435483872 0.751791015625 0.514476814516129 0.7543951822916667 0.5111165994623657 0.7543951822916667
17 0.521505376344086 0.650390625 0.5188172043010753 0.6100260416666666 0.521505376344086 0.6015625 0.5285618279569892 0.6015625 0.5339381720430108 0.6015625 0.5403225806451613 0.607421875 0.543010752688172 0.6223958333333334 0.5383064516129032 0.6529947916666666 0.5352822580645161 0.69921875 0.5339381720430108 0.7571614583333334 0.5325940860215054 0.76171875 0.5299059139784946 0.765625 0.5255376344086021 0.755859375
18 0.5460349462365591 0.65625 0.5423387096774194 0.6178385416666666 0.5453629032258065 0.5989583333333334 0.5500672043010753 0.5885416666666666 0.5514112903225806 0.5859375 0.5577956989247311 0.5859375 0.5682123655913979 0.5963541666666666 0.5702284946236559 0.6015625 0.573252688172043 0.607421875 0.5725806451612904 0.673828125 0.5702284946236559 0.7180989583333334 0.5591397849462365 0.7708333333333334 0.5551075268817204 0.7805989583333334 0.5520833333333334 0.7805989583333334 0.5460349462365591 0.76953125
19 0.5779569892473119 0.6725260416666666 0.5709005376344086 0.63671875 0.5745967741935484 0.6263020833333334 0.585013440860215 0.6165364583333334 0.5883736559139785 0.615234375 0.5940860215053764 0.6178385416666666 0.602486559139785 0.62890625 0.6038306451612904 0.6399739583333334 0.5997983870967742 0.673828125 0.5997983870967742 0.7428385416666666 0.5997983870967742 0.7884114583333334 0.5981182795698925 0.7936197916666666 0.592741935483871 0.7897135416666666 0.5870295698924731 0.76953125
20 0.609440188172043 0.680875 0.6031586021505376 0.650390625 0.6018145161290323 0.638671875 0.6038306451612904 0.625 0.6095430107526881 0.62109375 0.6192876344086021 0.625 0.6253360215053764 0.625 0.6317204301075269 0.625 0.6344086021505376 0.6302083333333334 0.6354166666666666 0.6477864583333334 0.6318158602150538 0.6770045572916666 0.6303763440860215 0.73828125 0.6290322580645161 0.783203125 0.6283602150537635 0.796875 0.6263440860215054 0.8020833333333334 0.6246639784946236 0.80078125 0.6206317204301075 0.7936197916666666
21 0.6381048387096774 0.673828125 0.6276881720430108 0.638671875 0.6303763440860215 0.6276041666666666 0.6374327956989247 0.6236979166666666 0.644489247311828 0.6236979166666666 0.6518817204301075 0.6263020833333334 0.6569220430107527 0.6126302083333334 0.6626344086021505 0.6087239583333334 0.6706989247311828 0.615234375 0.6770833333333334 0.615234375 0.6797715053763441 0.62890625 0.6790994623655914 0.650390625 0.677755376344086 0.6764322916666666 0.6875 0.7291666666666666 0.6905241935483871 0.76171875 0.6888440860215054 0.76953125 0.6854838709677419 0.7669270833333334 0.6730510752688172 0.712890625 0.6639784946236559 0.6966145833333334 0.6616263440860215 0.69921875 0.6596102150537635 0.7076822916666666 0.6633064516129032 0.7454427083333334 0.6706989247311828 0.779296875 0.6706989247311828 0.787109375 0.6626344086021505 0.7805989583333334 0.6512096774193549 0.7454427083333334 0.6428091397849462 0.6940104166666666
22 0.6875 0.6705729166666666 0.677755376344086 0.6451822916666666 0.677755376344086 0.6328125 0.6790994623655914 0.6223958333333334 0.6841397849462365 0.6100260416666666 0.6905241935483871 0.6100260416666666 0.7009408602150538 0.6126302083333334 0.7127016129032258 0.603515625 0.7211021505376344 0.6002604166666666 0.7254704301075269 0.6002604166666666 0.7280013440860216 0.610419921875 0.7288306451612904 0.619140625 0.7295950940860215 0.6376985677083333 0.7281586021505376 0.6588541666666666 0.7335349462365591 0.7194010416666666 0.7335349462365591 0.7506510416666666 0.7335349462365591 0.7584635416666666 0.7308467741935484 0.7630208333333334 0.7268145161290323 0.7571614583333334 0.7190860215053764 0.7018229166666666 0.7153897849462365 0.6979166666666666 0.7127016129032258 0.7044270833333334 0.7163978494623656 0.7233072916666666 0.7224462365591398 0.7493489583333334 0.7224462365591398 0.7584635416666666 0.7184139784946236 0.7604166666666666 0.7049731182795699 0.73046875 0.6952284946236559 0.685546875 0.6888440860215054 0.6725260416666666
24 0.47757157258064514 0.63292578125 0.4754704301075269 0.611328125 0.4825268817204301 0.6048177083333334 0.49294354838709675 0.5963541666666666 0.4949596774193548 0.615234375 0.4969758064516129 0.6490885416666666 0.5020161290322581 0.6979166666666666 0.5040322580645161 0.73046875 0.5020161290322581 0.7454427083333334 0.49899193548387094 0.7467447916666666 0.4949596774193548 0.7428385416666666 0.4841888440860215 0.663673828125
25 0.4579694220430107 0.6477864583333334 0.4579694220430107 0.5989583333333334 0.46267372311827953 0.59375 0.47174630376344084 0.5911458333333334 0.47880275537634404 0.5911458333333334 0.4821629704301075 0.59375 0.4845151209677419 0.6087239583333334 0.48317103494623653 0.63671875 0.4801468413978494 0.6529947916666666 0.47880275537634404 0.7076822916666666 0.4747704973118279 0.7545572916666666 0.47040221774193547 0.7630208333333334 0.46704200268817203 0.76171875 0.4633457661290322 0.7506510416666666 0.46132963709677416 0.73828125
26 0.43010752688172044 0.650390625 0.4270833333333333 0.62109375 0.42876344086021506 0.607421875 0.4334677419354839 0.5950520833333334 0.43985215053763443 0.58984375 0.44388440860215056 0.5885416666666666 0.45026881720430106 0.59765625 0.4529569892473118 0.6100260416666666 0.4543010752688172 0.6236979166666666 0.4529569892473118 0.6516927083333334 0.4522849462365591 0.7076822916666666 0.4522849462365591 0.7643229166666666 0.4495967741935484 0.783203125 0.4475806451612903 0.7884114583333334 0.44455645161290325 0.7884114583333334 0.43918010752688175 0.7805989583333334
27 0.3978494623655914 0.6790364583333334 0.3914650537634409 0.642578125 0.3971774193548387 0.6263020833333334 0.40288978494623656 0.6165364583333334 0.40625 0.6126302083333334 0.4106182795698925 0.615234375 0.4173387096774194 0.625 0.4223790322580645 0.62890625 0.42573924731182794 0.6341145833333334 0.427755376344086 0.650390625 0.4223790322580645 0.6842447916666666 0.4223790322580645 0.7467447916666666 0.41969086021505375 0.7805989583333334 0.4146505376344086 0.791015625 0.40893817204301075 0.791015625 0.40625 0.7734375
28 0.36928763440860213 0.6614583333333334 0.3665994623655914 0.6354166666666666 0.3665994623655914 0.6276041666666666 0.3699596774193548 0.6178385416666666 0.3834005376344086 0.6015625 0.3894489247311828 0.6061197916666666 0.39986559139784944 0.6236979166666666 0.4015456989247312 0.6341145833333334 0.39852150537634407 0.6477864583333334 0.3921801075268817 0.6693131510416667 0.38676075268817206 0.7252604166666666 0.3803763440860215 0.7805989583333334 0.37701612903225806 0.7884114583333334 0.3706317204301075 0.796875 0.3665994623655914 0.796875 0.364247311827957 0.7884114583333334 0.36794354838709675 0.7708333333333334
29 0.31216397849462363 0.6640625 0.3084677419354839 0.6178385416666666 0.31283602150537637 0.607421875 0.32123655913978494 0.603515625 0.3272849462365591 0.611328125 0.332997311827957 0.607421875 0.3387096774193548 0.607421875 0.34543010752688175 0.615234375 0.3538306451612903 0.607421875 0.36223118279569894 0.6100260416666666 0.36794354838709675 0.6100260416666666 0.36928763440860213 0.6165364583333334 0.3659274193548387 0.638671875 0.35685483870967744 0.6692708333333334 0.3538306451612903 0.6966145833333334 0.34206989247311825 0.755859375 0.332997311827957 0.76953125 0.33098118279569894 0.7682291666666666 0.33030913978494625 0.765625 0.33568548387096775 0.7395833333333334 0.3393817204301075 0.703125 0.3387096774193548 0.6940104166666666 0.3370295698924731 0.6881510416666666 0.3343413978494624 0.6881510416666666 0.3286290322580645 0.6927083333333334 0.3219086021505376 0.7291666666666666 0.31350806451612906 0.751953125 0.3084677419354839 0.7584635416666666 0.30443548387096775 0.76171875 0.3024193548387097 0.7584635416666666 0.31149193548387094 0.7076822916666666 0.31149193548387094 0.6725260416666666
30 0.2590725806451613 0.6451822916666666 0.2604166666666667 0.6139322916666666 0.2637768817204301 0.5989583333333334 0.2708333333333333 0.59375 0.2772177419354839 0.59375 0.28696236559139787 0.6048177083333334 0.2987231182795699 0.603515625 0.3071236559139785 0.6087239583333334 0.30913978494623656 0.6165364583333334 0.30913978494623656 0.6276041666666666 0.3077956989247312 0.6399739583333334 0.30073924731182794 0.6614583333333334 0.290994623655914 0.69921875 0.2805779569892473 0.734375 0.27352150537634407 0.7506510416666666 0.2674731182795699 0.7571614583333334 0.2661290322580645 0.7506510416666666 0.2758736559139785 0.6979166666666666 0.2758736559139785 0.6842447916666666 0.27352150537634407 0.6829427083333334 0.26881720430107525 0.7141927083333334 0.2651209677419355 0.755859375 0.26310483870967744 0.76171875 0.259744623655914 0.7604166666666666 0.25705645161290325 0.7545572916666666 0.259744623655914 0.6627604166666666
