0 0.4825268817204301 0.5397135416666666 0.46135752688172044 0.5358072916666666 0.4573252688172043 0.5234375 0.4573252688172043 0.505859375 0.46331888440860214 0.4614140625 0.46706989247311825 0.3828125 0.46908602150537637 0.3639322916666667 0.4717741935483871 0.3567708333333333 0.4754704301075269 0.3567708333333333 0.4808467741935484 0.369140625 0.4845430107526882 0.466796875 0.4885752688172043 0.509765625 0.4885752688172043 0.5260416666666666 0.48655913978494625 0.5345052083333334
1 0.4581905241935484 0.53125 0.43802923387096776 0.533203125 0.43433299731182795 0.5234375 0.43366095430107526 0.5045572916666666 0.4373571908602151 0.4720052083333333 0.43802923387096776 0.4016927083333333 0.4407174059139785 0.373046875 0.4427335349462366 0.3678385416666667 0.44710181451612907 0.3678385416666667 0.4511340725806452 0.3802083333333333 0.45483030913978495 0.4680989583333333 0.45953461021505376 0.4993489583333333 0.46020665322580645 0.515625 0.45953461021505376 0.5286458333333334
2 0.428544690860215 0.532650390625 0.417792002688172 0.540462890625 0.4144317876344086 0.5391608072916666 0.4087194220430107 0.518978515625 0.40737533602150533 0.49749414062499997 0.4093914650537634 0.47015039062499997 0.4093914650537634 0.38877018229166665 0.41039952956989245 0.36077539062499997 0.41107157258064514 0.35100976562499997 0.4130877016129032 0.34710351562499997 0.41510383064516126 0.34710351562499997 0.41947211021505376 0.3659837239583333 0.4292167338709677 0.46624414062499997 0.4339210349462365 0.49619205729166665 0.4339210349462365 0.5137701822916666 0.43257694892473114 0.5280930989583333
3 0.4055779569892473 0.5358072916666666 0.39381720430107525 0.548828125 0.38810483870967744 0.55078125 0.3810483870967742 0.544921875 0.3797043010752688 0.53125 0.38743279569892475 0.48046875 0.3860887096774194 0.3854166666666667 0.38743279569892475 0.3743489583333333 0.3887768817204301 0.3704427083333333 0.3914650537634409 0.3704427083333333 0.3958333333333333 0.3828125 0.40826612903225806 0.4694010416666667 0.41263440860215056 0.4934895833333333 0.4112903225806452 0.5169270833333334
4 0.38239247311827956 0.5260416666666666 0.3706317204301075 0.5397135416666666 0.365255376344086 0.5397135416666666 0.3595430107526882 0.5384114583333334 0.35685483870967744 0.5208333333333334 0.36088709677419356 0.484375 0.3575268817204301 0.3743489583333333 0.3575268817204301 0.3639322916666667 0.3595430107526882 0.3567708333333333 0.36223118279569894 0.3567708333333333 0.365255376344086 0.3639322916666667 0.3706317204301075 0.38671875 0.3790322580645161 0.4733072916666667 0.384744623655914 0.501953125 0.3854166666666667 0.513671875 0.384744623655914 0.5260416666666666
5 0.3400537634408602 0.5260416666666666 0.3279569892473118 0.533203125 0.3219086021505376 0.52734375 0.31955645161290325 0.501953125 0.32123655913978494 0.4869791666666667 0.32483064516129034 0.4611022135416667 0.32278158602150536 0.424763671875 0.32120564516129035 0.4125494791666667 0.3193141801075269 0.39819726562499996 0.3194717741935484 0.39117382812499996 0.3218360215053763 0.3890364583333333 0.3243578629032258 0.3917845052083333 0.3272849462365591 0.400390625 0.3286290322580645 0.3639322916666667 0.3316532258064516 0.34765625 0.3341293682795699 0.3426204427083333 0.3370295698924731 0.3424479166666667 0.3383847446236559 0.34506380208333337 0.3393817204301075 0.3502604166666667 0.35509139784946236 0.4644615885416667 0.36088709677419356 0.49609375 0.36223118279569894 0.5208333333333334 0.3595430107526882 0.5260416666666666 0.3551747311827957 0.52734375 0.3497983870967742 0.5345052083333334 0.34475806451612906 0.5358072916666666
6 0.3014112903225806 0.513671875 0.28696236559139787 0.515625 0.2819220430107527 0.505859375 0.2805779569892473 0.48828125 0.2849462365591398 0.4596354166666667 0.28326612903225806 0.4368489583333333 0.27788978494623656 0.3854166666666667 0.2805779569892473 0.3815104166666667 0.2849462365591398 0.3841145833333333 0.2896505376344086 0.4016927083333333 0.2923387096774194 0.3515625 0.2939391801075269 0.34323111979166665 0.2974065860215054 0.33987239583333334 0.3024193548387097 0.34375 0.3057795698924731 0.3567708333333333 0.31821236559139787 0.4544270833333333 0.3219086021505376 0.4921875 0.31485215053763443 0.5182291666666666
7 0.2637768817204301 0.4830729166666667 0.2560483870967742 0.48046875 0.24495967741935484 0.4759114583333333 0.24318951612903225 0.456216796875 0.24366229838709677 0.44400195312499996 0.2472872983870968 0.4241529947916667 0.2540322580645161 0.3587239583333333 0.2572167338709677 0.3334596354166666 0.2604166666666667 0.3287760416666667 0.2632056451612903 0.33071158854166666 0.2668306451612903 0.34506380208333337 0.2805779569892473 0.4270833333333333 0.2856182795698925 0.4505208333333333 0.2862903225806452 0.466796875 0.28326612903225806 0.48046875 0.2721774193548387 0.48828125
8 0.5166582661290323 0.5423177083333334 0.4938088037634409 0.5436197916666666 0.4901125672043011 0.533203125 0.4887684811827957 0.5123697916666666 0.49649697580645163 0.4680989583333333 0.49649697580645163 0.4641927083333333 0.497841061827957 0.3880208333333333 0.4971690188172043 0.3717447916666667 0.4991851478494624 0.3587239583333333 0.5028813844086022 0.3528645833333333 0.507585685483871 0.3528645833333333 0.5119539650537634 0.3743489583333333 0.5166582661290323 0.466796875 0.5223706317204301 0.5260416666666666 0.5210265456989247 0.5384114583333334
9 0.540994623655914 0.5423177083333334 0.5241935483870968 0.5423177083333334 0.5201612903225806 0.541015625 0.5201612903225806 0.5208333333333334 0.5201612903225806 0.505859375 0.5228494623655914 0.4817708333333333 0.5272177419354839 0.390625 0.5272177419354839 0.3802083333333333 0.5272177419354839 0.3776041666666667 0.5285618279569892 0.3717447916666667 0.53125 0.3704427083333333 0.5362903225806451 0.3743489583333333 0.5396505376344086 0.3951822916666667 0.5423387096774194 0.4817708333333333 0.5453629032258065 0.509765625 0.5460349462365591 0.5260416666666666 0.5436827956989247 0.537109375
10 0.5695564516129032 0.55078125 0.5577956989247311 0.5462239583333334 0.550739247311828 0.5358072916666666 0.5473790322580645 0.515625 0.5473790322580645 0.5006510416666666 0.5520833333333334 0.4733072916666667 0.5618279569892473 0.3704427083333333 0.5648521505376344 0.3515625 0.5675403225806451 0.34375 0.5702284946236559 0.34375 0.5739247311827957 0.3541666666666667 0.5759408602150538 0.4733072916666667 0.5786290322580645 0.509765625 0.5786290322580645 0.5221354166666666 0.5779569892473119 0.5286458333333334
11 0.5981182795698925 0.5546875 0.5897177419354839 0.5546875 0.5843413978494624 0.5423177083333334 0.5745967741935484 0.5345052083333334 0.5715725806451613 0.5208333333333334 0.5715725806451613 0.4993489583333333 0.5772849462365591 0.48046875 0.5913978494623656 0.3880208333333333 0.594758064516129 0.3802083333333333 0.5981182795698925 0.3802083333333333 0.6004704301075269 0.3815104166666667 0.6011424731182796 0.3938802083333333 0.6004704301075269 0.4830729166666667 0.604502688172043 0.5286458333333334 0.6038306451612904 0.537109375
12 0.6108870967741935 0.5436197916666666 0.6038306451612904 0.5436197916666666 0.5997983870967742 0.5358072916666666 0.5987903225806451 0.5182291666666666 0.5997983870967742 0.5071614583333334 0.6038306451612904 0.4856770833333333 0.6135752688172043 0.3919270833333333 0.6169354838709677 0.3828125 0.6219758064516129 0.3815104166666667 0.623991935483871 0.3828125 0.6263440860215054 0.3990885416666667 0.6290322580645161 0.4856770833333333 0.6310483870967742 0.515625 0.6310483870967742 0.537109375 0.6290322580645161 0.5462239583333334 0.6246639784946236 0.5546875 0.6199596774193549 0.55859375
13 0.6512096774193549 0.5397135416666666 0.6374327956989247 0.5475260416666666 0.6283602150537635 0.5345052083333334 0.6270161290322581 0.515625 0.6270161290322581 0.5032552083333334 0.633736559139785 0.4772135416666667 0.6394489247311828 0.4479166666666667 0.6488729838709678 0.394837890625 0.6528131720430107 0.3759055989583333 0.6596102150537635 0.3502604166666667 0.6622698252688172 0.34292578125 0.6649489247311827 0.34048307291666663 0.6671555779569892 0.34017773437500004 0.6685739247311828 0.34323111979166665 0.6688891129032258 0.35025455729166666 0.6643185483870968 0.41590820312500004 0.6668403897849463 0.410412109375 0.6700268817204301 0.3938802083333333 0.6730510752688172 0.3938802083333333 0.6750672043010753 0.3938802083333333 0.6764112903225806 0.4029947916666667 0.6743951612903226 0.42578125 0.6666666666666666 0.4654947916666667 0.668010752688172 0.48828125 0.6706989247311828 0.5260416666666666 0.6693548387096774 0.537109375 0.6653225806451613 0.5436197916666666
14 0.6955527553763441 0.5397135416666666 0.6871522177419355 0.5423177083333334 0.6831199596774193 0.537109375 0.6774075940860215 0.53125 0.6733753360215053 0.5182291666666666 0.6733753360215053 0.498046875 0.6755742607526882 0.478982421875 0.6794237231182796 0.4290364583333333 0.681775873655914 0.41796875 0.6851360887096773 0.4166666666666667 0.688496303763441 0.42578125 0.6908484543010753 0.4420572916666667 0.6844640456989247 0.3977864583333333 0.6878242607526881 0.3776041666666667 0.6913141801075269 0.3728515625 0.6948807123655915 0.3717447916666667 0.6990369623655913 0.38140234375 0.7026092069892473 0.4069010416666667 0.7116817876344087 0.4694010416666667 0.7163860887096775 0.4934895833333333 0.7143699596774195 0.515625 0.7073135080645162 0.5286458333333334
15 0.7431367607526881 0.49609375 0.7323840725806451 0.5071614583333334 0.726335685483871 0.5123697916666666 0.7206233198924731 0.5084635416666666 0.7122227822580645 0.48828125 0.7108786962365591 0.474609375 0.7135668682795698 0.4505208333333333 0.7149109543010752 0.404296875 0.7192792338709677 0.3828125 0.7256636424731182 0.3717447916666667 0.7290238575268817 0.3665364583333333 0.7340641801075268 0.369140625 0.7367523521505376 0.3776041666666667 0.7367523521505376 0.3951822916666667 0.747841061827957 0.435546875 0.7528813844086021 0.4505208333333333 0.7555695564516128 0.4733072916666667 0.7528813844086021 0.4895833333333333 0.749857190860215 0.498046875
16 0.49361559139784944 0.5638020833333334 0.49227150537634407 0.5234375 0.508736559139785 0.5234375 0.511760752688172 0.5234375 0.5124327956989247 0.5286458333333334 0.5067204301075269 0.56640625 0.5006720430107527 0.6438802083333334 0.49899193548387094 0.6477864583333334 0.49764784946236557 0.6477864583333334 0.4949596774193548 0.6438802083333334
17 0.5110887096774194 0.5638020833333334 0.508736559139785 0.5299479166666666 0.5131048387096774 0.5234375 0.5255376344086021 0.5234375 0.5292338709677419 0.5234375 0.53125 0.5299479166666666 0.5272177419354839 0.5696614583333334 0.5221774193548387 0.6529947916666666 0.5188172043010753 0.6666666666666666 0.5171370967741935 0.6725260416666666 0.5157930107526881 0.6725260416666666 0.5137768817204301 0.6640625
18 0.5330729166666667 0.5789544270833333 0.5303847446236559 0.5477044270833333 0.5310567876344086 0.5359856770833333 0.5394573252688172 0.5236158854166667 0.5512180779569892 0.5184075520833333 0.556930443548387 0.5236158854166667 0.5623067876344086 0.5372877604166667 0.5639868951612903 0.55030859375 0.564658938172043 0.5587721354166667 0.556930443548387 0.58546484375 0.5539062499999999 0.69093359375 0.5525621639784946 0.7130690104166666 0.5485299059139784 0.71827734375 0.5448336693548387 0.7156731770833332 0.5421454973118279 0.7059075520833332
19 0.5618279569892473 0.5924479166666666 0.5551075268817204 0.5611979166666666 0.5564516129032258 0.5462239583333334 0.5611559139784946 0.537109375 0.5668682795698925 0.5397135416666666 0.5752688172043011 0.5358072916666666 0.5843413978494624 0.5397135416666666 0.5883736559139785 0.5533854166666666 0.5883736559139785 0.572265625 0.5826448252688172 0.602251953125 0.5779569892473119 0.6829427083333334 0.5772849462365591 0.6901041666666666 0.5759408602150538 0.6927083333333334 0.5739247311827957 0.6927083333333334 0.5688844086021505 0.6901041666666666 0.5661962365591398 0.66796875
20 0.5895245295698924 0.5950520833333334 0.5834761424731183 0.5625 0.5848202284946237 0.544921875 0.5925487231182796 0.5436197916666666 0.6029653897849462 0.533203125 0.6093497983870968 0.5345052083333334 0.6147261424731183 0.544921875 0.6167422715053763 0.55859375 0.6127100134408602 0.5911458333333334 0.6100218413978494 0.6341145833333334 0.6100218413978494 0.69140625 0.6083417338709677 0.6966145833333334 0.6063256048387097 0.69921875 0.6022933467741935 0.69921875 0.595908938172043 0.6901041666666666
21 0.6155913978494624 0.59375 0.6065188172043011 0.5533854166666666 0.6071908602150538 0.5384114583333334 0.6149193548387096 0.537109375 0.6206317204301075 0.537109375 0.6303763440860215 0.537109375 0.6458333333333334 0.5286458333333334 0.6549059139784946 0.52734375 0.6626344086021505 0.53125 0.6653225806451613 0.541015625 0.6653225806451613 0.5559895833333334 0.65625 0.59375 0.6693548387096774 0.6666666666666666 0.6706989247311828 0.6881510416666666 0.6693548387096774 0.6927083333333334 0.668010752688172 0.6966145833333334 0.6639784946236559 0.6966145833333334 0.6569220430107527 0.6725260416666666 0.6471774193548387 0.6302083333333334 0.6414650537634409 0.6223958333333334 0.6374327956989247 0.6223958333333334 0.6344086021505376 0.6263020833333334 0.6344086021505376 0.6477864583333334 0.6394489247311828 0.6790364583333334 0.6414650537634409 0.685546875 0.6414650537634409 0.6940104166666666 0.6387768817204301 0.6966145833333334 0.6317204301075269 0.6927083333333334 0.6246639784946236 0.6666666666666666
22 0.6646505376344086 0.5876139322916667 0.6582661290322581 0.5576660156250001 0.6582661290322581 0.5439941406250001 0.6602822580645161 0.5348795572916667 0.6639784946236559 0.5264160156250001 0.6730510752688172 0.5290201822916667 0.6848118279569892 0.5264160156250001 0.6918682795698925 0.5251139322916667 0.7016129032258065 0.5251139322916667 0.706989247311828 0.5335774739583333 0.710013440860215 0.5439941406250001 0.7093413978494624 0.5850097656250001 0.7244623655913979 0.6579264322916667 0.7261424731182796 0.6755045572916667 0.7254704301075269 0.6794108072916667 0.7217741935483871 0.6820149739583333 0.7163978494623656 0.6768066406250001 0.6965725806451613 0.6201660156250001 0.6932123655913979 0.6143066406250001 0.6911962365591398 0.6169108072916667 0.6905241935483871 0.6279785156250001 0.6945564516129032 0.6520670572916667 0.7043010752688172 0.6820149739583333 0.7036290322580645 0.6872233072916667 0.7016129032258065 0.6917805989583333 0.6965725806451613 0.6872233072916667 0.6868279569892473 0.6683430989583333
23 0.7029569892473119 0.5638020833333334 0.6995967741935484 0.5384114583333334 0.6995967741935484 0.5260416666666666 0.7036290322580645 0.5182291666666666 0.7086693548387096 0.509765625 0.719758064516129 0.5123697916666666 0.7365591397849462 0.4934895833333333 0.7449596774193549 0.4934895833333333 0.7533602150537635 0.5045572916666666 0.7573924731182796 0.515625 0.758736559139785 0.544921875 0.7755376344086021 0.5911458333333334 0.7782258064516129 0.6048177083333334 0.7775537634408602 0.6087239583333334 0.7748655913978495 0.6100260416666666 0.7684811827956989 0.6100260416666666 0.7533602150537635 0.59375 0.7503360215053764 0.59375 0.7476478494623656 0.59375 0.7483198924731183 0.607421875 0.761760752688172 0.6263020833333334 0.7637768817204301 0.6315104166666666 0.761760752688172 0.6412760416666666 0.7560483870967742 0.642578125 0.7405913978494624 0.6354166666666666 0.7268145161290323 0.6002604166666666 0.7184139784946236 0.580078125
24 0.4741263440860215 0.5651041666666666 0.4717741935483871 0.5247395833333334 0.47681451612903225 0.5208333333333334 0.4905913978494624 0.5234375 0.49361559139784944 0.5260416666666666 0.48655913978494625 0.56640625 0.4838709677419355 0.6328125 0.48151881720430106 0.6451822916666666 0.479502688172043 0.6490885416666666 0.47681451612903225 0.6451822916666666
25 0.45026881720430106 0.5598958333333334 0.4489247311827957 0.5260416666666666 0.45161290322580644 0.5221354166666666 0.46975806451612906 0.5234375 0.4724462365591398 0.5299479166666666 0.4717741935483871 0.537109375 0.46706989247311825 0.5638020833333334 0.4657258064516129 0.6412760416666666 0.4643817204301075 0.650390625 0.4627016129032258 0.6529947916666666 0.46068548387096775 0.6549479166666666 0.4586693548387097 0.6529947916666666 0.45598118279569894 0.6477864583333334
26 0.42487399193548386 0.5638020833333334 0.42487399193548386 0.537109375 0.4268901209677419 0.5260416666666666 0.43260248655913974 0.5208333333333334 0.44100302419354837 0.51953125 0.4457073252688172 0.5221354166666666 0.45074764784946236 0.53125 0.45209173387096774 0.5462239583333334 0.4473874327956989 0.5735677083333334 0.4383148521505376 0.69140625 0.4339465725806452 0.6979166666666666 0.4305863575268817 0.6979166666666666 0.4275621639784946 0.6881510416666666
27 0.39986559139784944 0.5813802083333334 0.3971774193548387 0.5559895833333334 0.39986559139784944 0.541015625 0.40826612903225806 0.5299479166666666 0.4173387096774194 0.5286458333333334 0.42439516129032256 0.5423177083333334 0.42506720430107525 0.5559895833333334 0.41854435483870966 0.5919680989583334 0.41397849462365593 0.6653645833333334 0.4112903225806452 0.677734375 0.40893817204301075 0.6790364583333334 0.4055779569892473 0.6790364583333334 0.4015456989247312 0.6692708333333334
28 0.37312668010752686 0.5782233072916666 0.37312668010752686 0.5469733072916666 0.3768229166666667 0.5352545572916666 0.3865675403225806 0.5293951822916666 0.39496807795698924 0.5293951822916666 0.40202452956989243 0.5391608072916666 0.40471270161290324 0.5515305989583333 0.40471270161290324 0.561947265625 0.39765625 0.5905930989583333 0.3821992607526882 0.6706712239583333 0.37883904569892474 0.6771816406250001 0.3768229166666667 0.6771816406250001 0.37379872311827955 0.6758795572916667 0.3711105510752688 0.6706712239583333
29 0.3339549731182796 0.5676529947916666 0.33126680107526885 0.5292415364583333 0.33529905913978497 0.5136165364583333 0.3416834677419355 0.5077571614583333 0.348067876344086 0.5077571614583333 0.35848454301075267 0.516220703125 0.3702452956989247 0.510361328125 0.3773017473118279 0.516220703125 0.38200604838709673 0.5266373697916666 0.38435819892473116 0.5403092447916666 0.38435819892473116 0.5526790364583333 0.3702452956989247 0.5852311197916666 0.3631888440860215 0.650986328125 0.3534442204301075 0.6809342447916666 0.34941196236559136 0.6835384114583333 0.3463877688172043 0.6835384114583333 0.3457157258064516 0.674423828125 0.3483313172043011 0.6516230468750001 0.3521001344086021 0.6203873697916666 0.3521001344086021 0.6054134114583333 0.35075604838709673 0.5995540364583333 0.348067876344086 0.604111328125 0.3346270161290323 0.639267578125 0.3295866935483871 0.656845703125 0.32622647849462366 0.6620540364583333 0.3242103494623656 0.6620540364583333 0.32152217741935485 0.6594498697916666 0.32152217741935485 0.650986328125
30 0.28801209677419354 0.5638020833333334 0.29271639784946235 0.515625 0.2991008064516129 0.5006510416666666 0.30548521505376347 0.501953125 0.31791801075268816 0.515625 0.3310228494623656 0.5123697916666666 0.3394233870967742 0.5234375 0.3411034946236559 0.5397135416666666 0.3353884408602151 0.5611165364583334 0.32477284946236556 0.59025390625 0.3159018817204301 0.6354166666666666 0.30615725806451616 0.6640625 0.2984287634408602 0.6751302083333334 0.2957405913978495 0.6725260416666666 0.2957405913978495 0.6666666666666666 0.30246102150537635 0.6399739583333334 0.30548521505376347 0.6100260416666666 0.3048131720430108 0.5989583333333334 0.3038051075268817 0.5989583333333334 0.30178897849462366 0.5989583333333334 0.29775672043010754 0.6087239583333334 0.2907002688172043 0.6223958333333334 0.28734005376344085 0.6399739583333334 0.28162768817204303 0.6588541666666666 0.2782674731182796 0.6627604166666666 0.2738991935483871 0.6614583333333334 0.2725551075268817 0.6451822916666666
31 0.24092741935483872 0.5226881510416667 0.24361559139784947 0.48492773437500003 0.2506720430107527 0.4738600260416667 0.2590725806451613 0.4738600260416667 0.2661290322580645 0.47516210937500003 0.2765456989247312 0.4914381510416667 0.2933467741935484 0.49664648437500003 0.29939516129032256 0.5116204427083334 0.30006720430107525 0.5226881510416667 0.29401881720430106 0.5428704427083334 0.27788978494623656 0.5617506510416667 0.2661290322580645 0.5969069010416667 0.2506720430107527 0.619693359375 0.24361559139784947 0.625552734375 0.24092741935483872 0.625552734375 0.24092741935483872 0.6170891927083334 0.2415994623655914 0.6105787760416667 0.25336021505376344 0.5930006510416667 0.2547043010752688 0.5741204427083334 0.25336021505376344 0.5656569010416667 0.2506720430107527 0.5682610677083334 0.24495967741935484 0.5793287760416667 0.23588709677419356 0.5956048177083334 0.2234543010752688 0.602115234375 0.21841397849462366 0.5995110677083334 0.21841397849462366 0.590396484375 0.22748655913978494 0.566958984375
