0 0.48471807795698924 0.4404544270833333 0.489570564516129 0.46321940104166665 0.4932795698924731 0.5045572916666666 0.5 0.5540364583333334 0.5031058467741936 0.5963450520833333 0.5043827284946236 0.631482421875 0.4905920698924731 0.636431640625 0.4801747311827957 0.63671875 0.47731182795698923 0.6215846354166666 0.47681451612903225 0.609375 0.47647849462365593 0.5377604166666666 0.47748655913978494 0.482421875 0.47858870967741934 0.4483723958333334 0.47909979838709676 0.4419388020833333 0.48190893817204306 0.436
1 0.4627016129032258 0.466796875 0.46549462365591393 0.47583919270833336 0.4711132392473118 0.5451236979166666 0.47446236559139787 0.5852864583333334 0.4788306451612903 0.634765625 0.47211021505376344 0.6380208333333334 0.46135752688172044 0.6393229166666666 0.45094086021505375 0.634765625 0.4496609543010753 0.617873046875 0.45298084677419354 0.5852102864583334 0.45655611559139786 0.5223587239583333 0.4568118279569892 0.4847467447916667 0.45834408602150534 0.4644563802083333 0.46001344086021506 0.4596354166666667
2 0.43292607526881716 0.437361328125 0.4370124327956989 0.4536927083333333 0.44314146505376345 0.5016972656249999 0.4464616935483871 0.5318854166666667 0.4475806451612903 0.5514322916666666 0.45026881720430106 0.5852864583333334 0.45026881720430106 0.611328125 0.44455645161290325 0.6334635416666666 0.4314516129032258 0.630859375 0.4264112903225806 0.62109375 0.4217069892473118 0.5852864583333334 0.42405913978494625 0.521484375 0.4273077956989247 0.44379492187499997 0.42858467741935485 0.43439192708333335 0.4307795698924731 0.4329427083333333
3 0.4145383064516129 0.4447845052083333 0.4170924059139785 0.44824869791666666 0.4216891801075268 0.46260026041666663 0.4270833333333333 0.5078125 0.43624630376344087 0.5798899739583333 0.4321236559139785 0.60546875 0.41969086021505375 0.619140625 0.40725806451612906 0.6165364583333334 0.40053763440860213 0.603515625 0.39919354838709675 0.5755208333333334 0.4086646505376344 0.4635904947916667 0.4129704301075269 0.4466145833333333
4 0.39697479838709676 0.4447845052083333 0.399273185483871 0.45418749999999997 0.40003931451612906 0.5497018229166667 0.40423387096774194 0.5768229166666666 0.40310416666666665 0.5972109375 0.399273185483871 0.5957265625 0.3941656586021505 0.5962213541666667 0.38982392473118277 0.5957265625 0.38420530913978496 0.5937467447916667 0.3788424059139785 0.5927571614583333 0.37347916666666664 0.5897877604166667 0.3736559139784946 0.5755208333333334 0.3806300403225807 0.5427727864583333 0.38420530913978496 0.5061510416666667 0.3918010752688172 0.4466145833333333 0.3941656586021505 0.4408255208333333
5 0.36421438172043014 0.4251126302083333 0.36651310483870964 0.42956640625 0.370088373655914 0.438474609375 0.37136525537634407 0.44886718750000004 0.3734082661290322 0.47658138020833335 0.3743279569892473 0.5201822916666666 0.3786962365591398 0.5475260416666666 0.3793682795698925 0.583984375 0.3699596774193548 0.599609375 0.3548387096774194 0.6022135416666666 0.3400537634408602 0.58984375 0.3336693548387097 0.5755208333333334 0.3326612903225806 0.5598958333333334 0.3386757392473118 0.5275553385416667 0.33944220430107525 0.5033053385416667 0.34122983870967744 0.484994140625 0.34454973118279575 0.4622291666666667 0.3471034946236559 0.45183658854166664 0.3494022177419355 0.444908203125 0.3522113575268817 0.4429283854166666 0.35374361559139783 0.4468880208333333 0.3532328629032258 0.48746874999999995 0.36189516129032256 0.4244791666666667
6 0.32493279569892475 0.3990885416666667 0.33131720430107525 0.4739583333333333 0.33803763440860213 0.533203125 0.3393817204301075 0.5514322916666666 0.3336693548387097 0.5670572916666666 0.3285840053763441 0.5741985677083333 0.3221992607526882 0.5791477864583333 0.31172849462365587 0.570734375 0.29998084677419357 0.5657858072916667 0.2933407258064516 0.5583619791666666 0.2920638440860215 0.5440104166666667 0.30510752688172044 0.4583333333333333 0.3125 0.4075520833333333 0.3161962365591398 0.3932291666666667 0.32092237903225806 0.3896041666666667
7 0.26958971774193546 0.496005859375 0.2729099462365591 0.48462304687499996 0.2787836021505376 0.45394010416666664 0.2851683467741935 0.4222669270833333 0.28925470430107525 0.4014811197916666 0.2933467741935484 0.390625 0.2953837365591398 0.3910885416666667 0.29742708333333334 0.3955423177083333 0.29870396505376345 0.4054407552083333 0.2987231182795699 0.45703125 0.2994700940860215 0.5054088541666667 0.2956391129032258 0.5237200520833333 0.29257459677419356 0.5375768229166666 0.2896505376344086 0.5416666666666666 0.27956989247311825 0.5442708333333334 0.26948924731182794 0.529296875 0.26703595430107524 0.5227298177083334 0.2662698252688172 0.515306640625
8 0.5219452284946237 0.43018489583333336 0.5265423387096774 0.49947005208333334 0.5311391129032258 0.5672701822916667 0.5316498655913978 0.6088411458333333 0.5299059139784946 0.625 0.5262096774193549 0.6282552083333334 0.5154569892473119 0.6295572916666666 0.5023521505376344 0.62109375 0.5023521505376344 0.5696614583333334 0.5056004704301075 0.5519283854166667 0.5068773521505376 0.5068932291666667 0.5124327956989247 0.439453125 0.5147943548387097 0.42771093750000005 0.5168373655913978 0.42276171874999996 0.5196468413978494 0.42474153645833335
9 0.5504032258064516 0.466796875 0.5531021505376343 0.5078834635416667 0.5525913978494623 0.5261940104166667 0.5567876344086021 0.5729166666666666 0.5599976478494624 0.6113157552083334 0.5566777553763441 0.6217083333333333 0.54825 0.62863671875 0.5426313844086021 0.624677734375 0.533182123655914 0.6202239583333333 0.532671370967742 0.611810546875 0.534459005376344 0.5459895833333334 0.5416666666666666 0.4720052083333333 0.5446908602150538 0.4524739583333333 0.5464623655913978 0.44899088541666665 0.548760752688172 0.45196028645833336
10 0.5737923387096774 0.42919531250000004 0.5729166666666666 0.4739583333333333 0.5782930107526881 0.5247395833333334 0.5823252688172043 0.5852864583333334 0.5816532258064516 0.6067708333333334 0.5692204301075269 0.611328125 0.5604838709677419 0.6080729166666666 0.5564260752688172 0.5697447916666667 0.5564260752688172 0.5435156250000001 0.5566814516129032 0.4950162760416667 0.5577029569892473 0.4791796875 0.561278561827957 0.46037369791666666 0.5645984543010752 0.4465162760416667 0.5684294354838709 0.4287005208333334 0.5712385752688173 0.42622591145833333
11 0.5898817204301076 0.4222669270833333 0.5919247311827956 0.42622591145833333 0.5949895833333334 0.4455266927083333 0.5940860215053764 0.5286458333333334 0.5940860215053764 0.5885416666666666 0.5913978494623656 0.615234375 0.5809811827956989 0.6165364583333334 0.5709005376344086 0.599609375 0.5628360215053764 0.5911458333333334 0.5621639784946236 0.5546875 0.5709005376344086 0.4850260416666667 0.5782930107526881 0.4427083333333333 0.5850292338709677 0.4207819010416667 0.5886048387096775 0.41979231770833336
12 0.6115591397849462 0.44140625 0.6095430107526881 0.4720052083333333 0.6115591397849462 0.5032552083333334 0.615255376344086 0.5390625 0.6196236559139785 0.57421875 0.6196236559139785 0.58984375 0.6163854166666667 0.5994381510416666 0.6100010080645162 0.6098307291666667 0.601573252688172 0.6093359375 0.5959546370967742 0.5954791666666667 0.593145497311828 0.5979537760416667 0.5903363575268817 0.593994140625 0.5897177419354839 0.580078125 0.5971102150537635 0.5130208333333334 0.6008064516129032 0.4720052083333333 0.6081989247311828 0.4270833333333333
13 0.6337516801075269 0.4420625 0.6380934139784946 0.4504759114583334 0.6381048387096774 0.4791666666666667 0.6414650537634409 0.45703125 0.6452442876344087 0.463837890625 0.6458333333333334 0.4752604166666667 0.6465211693548387 0.5009544270833334 0.6481854838709677 0.5149739583333334 0.6523948252688172 0.5405462239583333 0.6545698924731183 0.548828125 0.656481182795699 0.566775390625 0.657247311827957 0.5791477864583333 0.6557150537634409 0.5895403645833334 0.6545698924731183 0.595703125 0.6418010752688172 0.603515625 0.6313844086021505 0.6080729166666666 0.6233198924731183 0.6080729166666666 0.6145833333333334 0.603515625 0.6130655241935483 0.5865709635416666 0.6125672043010753 0.5657552083333334 0.6166407930107527 0.5390611979166667 0.6199610215053764 0.5148118489583333 0.6232809139784946 0.4762102864583333 0.6266011424731183 0.457404296875 0.6288995295698925 0.44998046875 0.6304317876344085 0.43859830729166666
14 0.6702768817204301 0.41137890625 0.676150873655914 0.43265950520833335 0.6799815188172043 0.4549296875 0.6853447580645161 0.5044186197916667 0.6896861559139784 0.515306640625 0.696236559139785 0.548828125 0.6925403225806451 0.57421875 0.6804435483870968 0.59375 0.667002688172043 0.5872395833333334 0.6582661290322581 0.5716145833333334 0.6545698924731183 0.537109375 0.661082997311828 0.46284830729166665 0.6644028897849462 0.4390930989583333 0.6638921370967742 0.420287109375 0.6636424731182796 0.4140625 0.6669569892473118 0.40841015625
15 0.6950493951612904 0.39405794270833333 0.7006048387096774 0.4231770833333333 0.7184139784946236 0.48828125 0.728494623655914 0.513671875 0.7254704301075269 0.533203125 0.7167338709677419 0.5455729166666666 0.7049731182795699 0.5540364583333334 0.6955645161290323 0.5475260416666666 0.6911962365591398 0.51171875 0.6919845430107527 0.49699544270833335 0.6881720430107527 0.4485677083333333 0.6886646505376344 0.40890494791666665 0.6891754032258064 0.39603776041666666 0.6911962365591398 0.3919270833333333
16 0.4956317204301075 0.6536458333333334 0.49260752688172044 0.6165364583333334 0.5013440860215054 0.6041666666666666 0.5094086021505376 0.603515625 0.5131048387096774 0.611328125 0.5131048387096774 0.6686197916666666 0.5154569892473119 0.7154947916666666 0.5165077284946237 0.7354680989583334 0.5139227150537634 0.742982421875 0.5106172715053764 0.7379726562500001 0.5077090053763441 0.7273274739583333
17 0.5161290322580645 0.650390625 0.5094086021505376 0.6126302083333334 0.5110887096774194 0.6022135416666666 0.520497311827957 0.595703125 0.5292338709677419 0.5924479166666666 0.532258064516129 0.59375 0.532258064516129 0.5983072916666666 0.5342741935483871 0.6276041666666666 0.5342741935483871 0.6770833333333334 0.535573252688172 0.7110462239583333 0.5368659274193548 0.7310846354166666 0.5356182795698925 0.73828125 0.5329139784946236 0.7385989583333333 0.5306522177419355 0.7342154947916667 0.5274949596774193 0.718560546875 0.5226475134408601 0.6941386718749999
18 0.5366263440860215 0.6432291666666666 0.532258064516129 0.60546875 0.5393145161290323 0.595703125 0.5453629032258065 0.5924479166666666 0.5567876344086021 0.59375 0.5621639784946236 0.609375 0.5628360215053764 0.65625 0.565551747311828 0.7085416666666666 0.5664543010752688 0.7370332031250001 0.5680698924731182 0.7545670572916667 0.5674905913978495 0.760515625 0.5665322580645161 0.7623697916666666 0.5636129032258064 0.7598893229166667 0.5600581317204301 0.7561321614583334 0.5577963709677419 0.749244140625 0.5512664650537634 0.7238834635416667
19 0.5655241935483871 0.646484375 0.5611559139784946 0.62109375 0.5648521505376344 0.6022135416666666 0.5715725806451613 0.595703125 0.5823252688172043 0.58984375 0.5870295698924731 0.5983072916666666 0.5890456989247311 0.6041666666666666 0.5890456989247311 0.6276041666666666 0.5883736559139785 0.6686197916666666 0.5903897849462365 0.7115885416666666 0.5916596102150538 0.7483046875 0.590690188172043 0.7564453125 0.5890456989247311 0.7578125 0.5868125 0.7545670572916667 0.5848736559139786 0.7526881510416666 0.5772849462365591 0.712890625
20 0.5870295698924731 0.6334635416666666 0.5823252688172043 0.615234375 0.5826612903225806 0.5983072916666666 0.5877016129032258 0.58984375 0.5957661290322581 0.5885416666666666 0.6021505376344086 0.5852864583333334 0.6108870967741935 0.5924479166666666 0.6122311827956989 0.5950520833333334 0.6139112903225806 0.6022135416666666 0.6139112903225806 0.6282552083333334 0.6159274193548387 0.6575520833333334 0.6220352822580645 0.7182473958333334 0.6233198924731183 0.7428385416666666 0.6213037634408602 0.7552083333333334 0.6181572580645162 0.7539407552083334 0.6165416666666667 0.75018359375 0.6126639784946236 0.7382858072916667 0.6084630376344087 0.7157428385416668 0.5961834677419354 0.6668990885416667
21 0.6189516129032258 0.640625 0.6115591397849462 0.619140625 0.6065188172043011 0.595703125 0.6125672043010753 0.5852864583333334 0.6300403225806451 0.57421875 0.6458333333333334 0.5716145833333334 0.6532258064516129 0.5826822916666666 0.6575940860215054 0.6041666666666666 0.6592741935483871 0.6276041666666666 0.6592741935483871 0.6380208333333334 0.6656586021505376 0.6647135416666666 0.6747076612903226 0.7019661458333334 0.6743951612903226 0.712890625 0.6730920698924732 0.7157428385416668 0.6659828629032257 0.7101067708333333 0.656934811827957 0.6869375 0.6533800403225807 0.6769186197916667 0.6458333333333334 0.666015625 0.6431451612903226 0.6647135416666666 0.6424731182795699 0.6744791666666666 0.6468413978494624 0.6998697916666666 0.6518817204301075 0.71875 0.6532258064516129 0.728515625 0.6514411962365592 0.7313977864583333 0.6475635080645161 0.7301451822916666 0.6401310483870968 0.7094804687499999 0.6262358870967742 0.6606373697916667
22 0.6643145161290323 0.6282552083333334 0.6589381720430108 0.6197916666666666 0.6538978494623656 0.59375 0.6555779569892473 0.5826822916666666 0.6656586021505376 0.5670572916666666 0.6804435483870968 0.5540364583333334 0.6905241935483871 0.548828125 0.699260752688172 0.5598958333333334 0.7049731182795699 0.5885416666666666 0.7096774193548387 0.6139322916666666 0.7189267473118279 0.6497936197916666 0.7242896505376344 0.6671145833333334 0.728494623655914 0.681640625 0.7260776209677419 0.6844361979166668 0.7230127688172043 0.6824563802083333 0.720459005376344 0.6799817708333333 0.7153511424731184 0.6745384114583333 0.7107543682795698 0.6666197916666666 0.697244623655914 0.6393229166666666 0.7069233870967743 0.6666197916666666 0.71203125 0.681466796875 0.7166283602150538 0.6854257812500001 0.7219912634408603 0.6918593749999999 0.7240342741935484 0.6977981770833334 0.7189267473118279 0.7002727864583332 0.7104989919354839 0.6987877604166667 0.7018158602150537 0.6913645833333333 0.6935483870967742 0.6790364583333334
23 0.7348790322580645 0.5149739583333334 0.7433235887096774 0.5248333333333334 0.7463881048387098 0.5416595052083334 0.7474096102150538 0.5515572916666667 0.7479838709677419 0.5670572916666666 0.7535389784946237 0.6030260416666667 0.7560927419354839 0.6282656249999999 0.7560483870967742 0.6432291666666666 0.7535389784946237 0.6470716145833334 0.7496639784946236 0.64453125 0.7379032258064516 0.60546875 0.7429435483870968 0.6236979166666666 0.748991935483871 0.650390625 0.7451112231182796 0.652515625 0.739247311827957 0.6477864583333334 0.7297879704301076 0.637173828125 0.7160618279569892 0.60546875 0.7066532258064516 0.5865885416666666 0.699260752688172 0.568359375 0.7006048387096774 0.548828125 0.7066532258064516 0.5358072916666666
24 0.47869993279569895 0.6108548177083334 0.47676108870967737 0.5895638020833334 0.47869993279569895 0.5839283854166667 0.48774798387096774 0.5851809895833333 0.5006720430107527 0.59375 0.5020161290322581 0.599609375 0.49711928763440855 0.6465481770833333 0.4922721774193548 0.704158203125 0.4880712365591398 0.732962890625 0.4845430107526882 0.73828125 0.4822547043010753 0.7310846354166666
25 0.4583333333333333 0.640625 0.45564516129032256 0.609375 0.45564516129032256 0.5924479166666666 0.4620295698924731 0.5852864583333334 0.46706989247311825 0.5852864583333334 0.47681451612903225 0.5852864583333334 0.4808467741935484 0.5911458333333334 0.47627318548387093 0.6579759114583333 0.4743343413978494 0.6823977864583334 0.47401142473118274 0.7074453125 0.4717493279569892 0.7299889322916666 0.4680779569892473 0.744140625 0.4656095430107527 0.7331197916666666 0.4636706989247312 0.6942955729166668 0.4610853494623656 0.6667428385416666
26 0.43010752688172044 0.650390625 0.42977150537634407 0.6106770833333334 0.43514784946236557 0.5983072916666666 0.4475806451612903 0.5970052083333334 0.4539650537634409 0.6022135416666666 0.45698924731182794 0.6106770833333334 0.4576612903225806 0.6360677083333334 0.45530913978494625 0.6829427083333334 0.4494459005376344 0.7476790364583333 0.4442755376344086 0.7677167968749999 0.44018817204301075 0.7734375 0.4374895833333334 0.7695957031249999 0.43619690860215055 0.7426692708333333 0.4326424731182796 0.708228515625
27 0.40591397849462363 0.6334635416666666 0.40356182795698925 0.6022135416666666 0.40725806451612906 0.59375 0.42338709677419356 0.5924479166666666 0.43010752688172044 0.5970052083333334 0.43581989247311825 0.6041666666666666 0.43783602150537637 0.6165364583333334 0.4334677419354839 0.66015625 0.4252100134408602 0.708228515625 0.4177775537634409 0.7426692708333333 0.41131485215053765 0.761455078125 0.40793010752688175 0.7649739583333334 0.4042056451612903 0.7589505208333334 0.4051750672043011 0.7313977864583333 0.4061444892473118 0.7069759114583333
28 0.3743279569892473 0.6380208333333334 0.37735215053763443 0.599609375 0.3834005376344086 0.5911458333333334 0.3948252688172043 0.5872395833333334 0.4022177419354839 0.5983072916666666 0.40725806451612906 0.6080729166666666 0.40860215053763443 0.62109375 0.3941532258064516 0.685546875 0.38776881720430106 0.7200520833333334 0.38158534946236555 0.7389121093750001 0.37576881720430105 0.7514361979166666 0.3699596774193548 0.7506510416666666 0.3683366935483871 0.74204296875 0.37286055107526883 0.698208984375
29 0.3276209677419355 0.609375 0.3299731182795699 0.5787760416666666 0.3407258064516129 0.5631510416666666 0.3592069892473118 0.5696614583333334 0.36727150537634407 0.5826822916666666 0.3786962365591398 0.5872395833333334 0.3834005376344086 0.60546875 0.3793682795698925 0.6223958333333334 0.36928763440860213 0.6536458333333334 0.36251982526881715 0.6687779947916667 0.3548387096774194 0.697265625 0.3407258064516129 0.72265625 0.33408333333333334 0.7301451822916666 0.3299731182795699 0.7298177083333334 0.3298823924731183 0.7220045572916667 0.3321444892473118 0.7119856770833333 0.3393817204301075 0.6927083333333334 0.34173387096774194 0.6608072916666666 0.3276209677419355 0.6861979166666666 0.31921875 0.7157428385416668 0.31451612903225806 0.71875 0.3127557123655914 0.7076022135416666 0.31243245967741934 0.6975826822916668 0.31695665322580646 0.6700305989583333 0.3262768817204301 0.6334635416666666
30 0.27889784946236557 0.5865885416666666 0.28509307795698924 0.5659095052083333 0.2906586021505376 0.5501302083333334 0.2953084677419355 0.548587890625 0.30443548387096775 0.5514322916666666 0.3175403225806452 0.5657552083333334 0.3336693548387097 0.578125 0.33635752688172044 0.5885416666666666 0.3343413978494624 0.603515625 0.3137883064516129 0.6378808593749999 0.3020833333333333 0.662109375 0.28972647849462363 0.6812552083333333 0.280213373655914 0.688845703125 0.2734986559139785 0.6920989583333333 0.27014112903225806 0.68776171875 0.27853461021505377 0.6704114583333333 0.28763440860215056 0.63671875 0.2764099462365591 0.656474609375 0.266960685483871 0.6703313802083333 0.2628665994623656 0.6725807291666667 0.259744623655914 0.6692708333333334 0.2623635752688172 0.657958984375 0.26958131720430106 0.632458984375 0.2768561827956989 0.6096868489583334
31 0.2337681451612903 0.5435403645833333 0.23733602150537636 0.527802734375 0.24204670698924732 0.515189453125 0.24959442204301074 0.50751171875 0.25447950268817204 0.5067259114583333 0.26388810483870967 0.5158404947916667 0.2758991935483871 0.5208743489583333 0.282028561827957 0.529287109375 0.28662533602150536 0.5436393229166666 0.2880816532258065 0.5549029947916667 0.28875369623655917 0.5666217447916667 0.2738561827956989 0.5941178385416667 0.26644993279569895 0.6045110677083333 0.2628665994623656 0.616193359375 0.25214818548387097 0.6411328125 0.24448655913978495 0.6480611979166667 0.23478192204301077 0.6530104166666667 0.23478192204301077 0.6480611979166667 0.24473487903225807 0.6161009114583333 0.23944959677419353 0.6308639322916666 0.2315299059139785 0.6541458333333333 0.22898353494623658 0.6499173177083334 0.22719590053763442 0.6459583333333333 0.22719590053763442 0.6350703125 0.22873185483870967 0.610771484375 0.2320893817204301 0.578240234375
