0 0.4808467741935484 0.4993489583333333 0.4825268817204301 0.400390625 0.4838709677419355 0.38671875 0.4852150537634409 0.38671875 0.4899193548387097 0.390625 0.49361559139784944 0.4114583333333333 0.5026881720430108 0.4583333333333333 0.5047043010752689 0.4934895833333333 0.509744623655914 0.5611979166666666 0.509744623655914 0.5696614583333334 0.4838709677419355 0.5774739583333334 0.4788306451612903 0.5735677083333334
1 0.45161290322580644 0.4993489583333333 0.4566532258064516 0.400390625 0.457997311827957 0.37890625 0.4593413978494624 0.3743489583333333 0.4627016129032258 0.3743489583333333 0.4657258064516129 0.3743489583333333 0.47043010752688175 0.3841145833333333 0.4724462365591398 0.4303385416666667 0.4741263440860215 0.4934895833333333 0.4781586021505376 0.548828125 0.47614247311827956 0.568359375 0.4724462365591398 0.572265625 0.4586693548387097 0.5774739583333334 0.4495967741935484 0.572265625 0.4489247311827957 0.5546875
2 0.4405241935483871 0.56640625 0.4307795698924731 0.5696614583333334 0.4230510752688172 0.5611979166666666 0.41868279569892475 0.5436197916666666 0.41868279569892475 0.5208333333333334 0.4230510752688172 0.48828125 0.4217069892473118 0.3391927083333333 0.4217069892473118 0.3313802083333333 0.42506720430107525 0.3274739583333333 0.4270833333333333 0.326171875 0.42943548387096775 0.326171875 0.4327956989247312 0.333984375 0.43716397849462363 0.3600260416666667 0.44321236559139787 0.4856770833333333 0.4475806451612903 0.5384114583333334 0.4475806451612903 0.5625
3 0.41196236559139787 0.5397135416666666 0.4069220430107527 0.55859375 0.4015456989247312 0.55859375 0.39381720430107525 0.5475260416666666 0.3914650537634409 0.5286458333333334 0.3914650537634409 0.5208333333333334 0.39852150537634407 0.4934895833333333 0.40356182795698925 0.4069010416666667 0.40625 0.3763020833333333 0.40961021505376344 0.369140625 0.41263440860215056 0.3717447916666667 0.4166666666666667 0.3828125 0.4210349462365591 0.4830729166666667 0.4223790322580645 0.5260416666666666 0.41801075268817206 0.5345052083333334
4 0.38676075268817206 0.5286458333333334 0.37768817204301075 0.5475260416666666 0.3719758064516129 0.5475260416666666 0.36794354838709675 0.5397135416666666 0.365255376344086 0.51953125 0.365255376344086 0.4993489583333333 0.3706317204301075 0.4733072916666667 0.37768817204301075 0.3854166666666667 0.3803763440860215 0.361328125 0.3834005376344086 0.3587239583333333 0.38743279569892475 0.3587239583333333 0.39314516129032256 0.3802083333333333 0.3971774193548387 0.4733072916666667 0.3971774193548387 0.5260416666666666
5 0.34408602150537637 0.5234375 0.3343413978494624 0.5260416666666666 0.3279569892473118 0.5169270833333334 0.3272849462365591 0.5123697916666666 0.3279569892473118 0.4993489583333333 0.3279569892473118 0.4830729166666667 0.3279569892473118 0.4772135416666667 0.3336693548387097 0.4518229166666667 0.3279569892473118 0.3951822916666667 0.32594086021505375 0.369140625 0.32526881720430106 0.3567708333333333 0.32594086021505375 0.3528645833333333 0.33030913978494625 0.3528645833333333 0.3343413978494624 0.3717447916666667 0.3392163978494624 0.39235026041666665 0.3420157930107527 0.343984375 0.34434879032258064 0.330423828125 0.3477822580645161 0.3235677083333333 0.3527476478494624 0.3254518229166667 0.35648051075268816 0.330423828125 0.3595430107526882 0.3424479166666667 0.36727150537634407 0.421875 0.36928763440860213 0.4505208333333333 0.3719758064516129 0.505859375 0.36928763440860213 0.515625 0.3602150537634409 0.53125 0.35114247311827956 0.53125
6 0.3057795698924731 0.501953125 0.30006720430107525 0.501953125 0.2916666666666667 0.4856770833333333 0.2903225806451613 0.466796875 0.290994623655914 0.4479166666666667 0.2967069892473118 0.4244791666666667 0.2980510752688172 0.408203125 0.2980510752688172 0.361328125 0.2973790322580645 0.3424479166666667 0.2987231182795699 0.3365885416666667 0.30095530913978497 0.3349440104166667 0.3032883064516129 0.33765625 0.30515456989247314 0.343984375 0.3071236559139785 0.3678385416666667 0.3077956989247312 0.3391927083333333 0.3100537634408602 0.3344921875 0.31402016129032256 0.336751953125 0.3170527553763441 0.34443619791666663 0.32195228494623657 0.387830078125 0.3245967741935484 0.4205729166666667 0.33030913978494625 0.4609375 0.32661290322580644 0.4908854166666667 0.3168682795698925 0.5045572916666666 0.31350806451612906 0.5084635416666666
7 0.271505376344086 0.4694010416666667 0.2637768817204301 0.4641927083333333 0.2604166666666667 0.4557291666666667 0.2604166666666667 0.443359375 0.26310483870967744 0.4303385416666667 0.26881720430107525 0.4095052083333333 0.27352150537634407 0.3639322916666667 0.27419354838709675 0.3450520833333333 0.2758736559139785 0.326171875 0.2772177419354839 0.3177083333333333 0.2799059139784946 0.3203125 0.2856182795698925 0.333984375 0.28830645161290325 0.3600260416666667 0.2933467741935484 0.421875 0.2933467741935484 0.4596354166666667 0.2896505376344086 0.470703125 0.2799059139784946 0.478515625
8 0.5131048387096774 0.4908854166666667 0.5157930107526881 0.4095052083333333 0.521505376344086 0.3854166666666667 0.5228494623655914 0.3828125 0.5272177419354839 0.3828125 0.5299059139784946 0.3919270833333333 0.5352822580645161 0.42578125 0.5369623655913979 0.4830729166666667 0.5423387096774194 0.5475260416666666 0.5423387096774194 0.5638020833333334 0.5383064516129032 0.56640625 0.5131048387096774 0.5638020833333334 0.5104166666666666 0.5598958333333334
10 0.5514112903225806 0.466796875 0.5544354838709677 0.396484375 0.5557795698924731 0.361328125 0.5598118279569892 0.3502604166666667 0.563508064516129 0.3502604166666667 0.5688844086021505 0.3587239583333333 0.5709005376344086 0.3828125 0.5745967741935484 0.474609375 0.5793010752688172 0.5221354166666666 0.5779569892473119 0.5358072916666666 0.5739247311827957 0.5546875 0.5682123655913979 0.5651041666666666 0.5618279569892473 0.5651041666666666 0.5544354838709677 0.5559895833333334 0.5493951612903226 0.5260416666666666
11 0.5856854838709677 0.537109375 0.5799731182795699 0.5397135416666666 0.5752688172043011 0.5423177083333334 0.5715725806451613 0.53125 0.5715725806451613 0.509765625 0.5745967741935484 0.4641927083333333 0.5779569892473119 0.3815104166666667 0.5799731182795699 0.3515625 0.585013440860215 0.3463541666666667 0.5877016129032258 0.3489583333333333 0.5940860215053764 0.390625 0.602486559139785 0.474609375 0.6065188172043011 0.5299479166666666 0.6038306451612904 0.5475260416666666 0.594758064516129 0.56640625
12 0.616263440860215 0.544921875 0.6095430107526881 0.5436197916666666 0.6018145161290323 0.533203125 0.5997983870967742 0.509765625 0.5997983870967742 0.48828125 0.602486559139785 0.45703125 0.602486559139785 0.3828125 0.602486559139785 0.3600260416666667 0.6051747311827957 0.3528645833333333 0.6078629032258065 0.3528645833333333 0.6169354838709677 0.3665364583333333 0.6246639784946236 0.4381510416666667 0.6276881720430108 0.4830729166666667 0.6360887096774194 0.5299479166666666 0.633736559139785 0.55078125 0.6233198924731183 0.537109375
13 0.6303763440860215 0.466796875 0.633736559139785 0.4290364583333333 0.6390050403225807 0.38828190104166665 0.6399381720430107 0.3760774739583333 0.6415712365591398 0.369296875 0.6434378360215054 0.3661328125 0.6460040322580646 0.3643248697916666 0.6481038306451613 0.367037109375 0.6491935483870968 0.3743489583333333 0.6498655913978495 0.400390625 0.6498655913978495 0.41796875 0.6518817204301075 0.4270833333333333 0.6555779569892473 0.4290364583333333 0.6582661290322581 0.42578125 0.6626344086021505 0.4140625 0.6646680107526881 0.39867838541666667 0.668010752688172 0.3854166666666667 0.6706989247311828 0.3841145833333333 0.6730510752688172 0.3854166666666667 0.6737231182795699 0.4016927083333333 0.6737231182795699 0.4166666666666667 0.668010752688172 0.4557291666666667 0.675739247311828 0.513671875 0.6730510752688172 0.5299479166666666 0.6666666666666666 0.533203125 0.6525537634408602 0.5299479166666666 0.6451612903225806 0.5358072916666666 0.6360887096774194 0.533203125 0.6297043010752689 0.5234375
14 0.7047953629032258 0.5039980468749999 0.697244623655914 0.5234375 0.6905241935483871 0.5247395833333334 0.677755376344086 0.515625 0.6723665994623655 0.5017376302083333 0.6706989247311828 0.4895833333333333 0.668010752688172 0.4694010416666667 0.6737231182795699 0.439453125 0.6737231182795699 0.3841145833333333 0.6737231182795699 0.365234375 0.6770833333333334 0.3424479166666667 0.6790994623655914 0.3365885416666667 0.6841397849462365 0.3391927083333333 0.6875 0.34765625 0.6918682795698925 0.369140625 0.697244623655914 0.4127604166666667 0.6959005376344086 0.365234375 0.6979166666666666 0.3587239583333333 0.7010625 0.3561888020833333 0.7043010752688172 0.361328125 0.7054952956989248 0.3715572916666667 0.7056451612903226 0.3802083333333333 0.707361559139785 0.43936002604166663 0.7127016129032258 0.4654947916666667 0.7150604838709678 0.47552083333333334 0.7148269489247311 0.49179361979166664 0.7127016129032258 0.5045572916666666
15 0.7365591397849462 0.4720052083333333 0.7254704301075269 0.4772135416666667 0.7147177419354839 0.4772135416666667 0.706989247311828 0.4583333333333333 0.706989247311828 0.453125 0.706989247311828 0.4231770833333333 0.7113575268817204 0.3391927083333333 0.7153897849462365 0.326171875 0.719758064516129 0.3235677083333333 0.7211021505376344 0.3326822916666667 0.7261424731182796 0.3717447916666667 0.7365591397849462 0.4205729166666667 0.7436155913978495 0.4505208333333333 0.7385752688172043 0.466796875
16 0.509744623655914 0.5774739583333334 0.509744623655914 0.53125 0.53125 0.537109375 0.5255376344086021 0.5859375 0.5235215053763441 0.6354166666666666 0.5188172043010753 0.6666666666666666 0.5157930107526881 0.6692708333333334 0.511760752688172 0.6666666666666666 0.5080645161290323 0.6529947916666666
17 0.5285618279569892 0.580078125 0.5228494623655914 0.537109375 0.5255376344086021 0.5234375 0.5460349462365591 0.5299479166666666 0.5487231182795699 0.5345052083333334 0.5480510752688172 0.548828125 0.5443548387096774 0.5826822916666666 0.5436827956989247 0.6588541666666666 0.540994623655914 0.6803385416666666 0.5396505376344086 0.6881510416666666 0.5352822580645161 0.6881510416666666
18 0.5514112903225806 0.5748697916666666 0.5480510752688172 0.5423177083333334 0.550739247311828 0.52734375 0.5591397849462365 0.5208333333333334 0.5688844086021505 0.5208333333333334 0.5759408602150538 0.537109375 0.5772849462365591 0.5638020833333334 0.5759408602150538 0.5911458333333334 0.5745967741935484 0.6953125 0.5715725806451613 0.716796875 0.5688844086021505 0.7180989583333334 0.563508064516129 0.7057291666666666
19 0.582997311827957 0.603515625 0.5772849462365591 0.5735677083333334 0.5772849462365591 0.5638020833333334 0.582997311827957 0.548828125 0.5883736559139785 0.5397135416666666 0.594758064516129 0.5423177083333334 0.6031586021505376 0.5520833333333334 0.6071908602150538 0.5651041666666666 0.6071908602150538 0.5813802083333334 0.6051747311827957 0.6126302083333334 0.6078629032258065 0.681640625 0.6095430107526881 0.7115885416666666 0.6102150537634409 0.7233072916666666 0.6095430107526881 0.73046875 0.6058467741935484 0.73046875 0.6011424731182796 0.712890625
20 0.6088709677419355 0.5911458333333334 0.602486559139785 0.568359375 0.602486559139785 0.5546875 0.6102150537634409 0.548828125 0.6135752688172043 0.541015625 0.6233198924731183 0.541015625 0.6290322580645161 0.5423177083333334 0.6330645161290323 0.5533854166666666 0.6330645161290323 0.5638020833333334 0.6310483870967742 0.58984375 0.6344086021505376 0.65625 0.636760752688172 0.6803385416666666 0.636760752688172 0.7005208333333334 0.633736559139785 0.7044270833333334 0.6283602150537635 0.7005208333333334
21 0.6354166666666666 0.5859375 0.6213037634408602 0.55078125 0.623991935483871 0.537109375 0.6310483870967742 0.5286458333333334 0.6401209677419355 0.5286458333333334 0.6471774193548387 0.5182291666666666 0.6512096774193549 0.5182291666666666 0.6582661290322581 0.5182291666666666 0.6666666666666666 0.5182291666666666 0.6717069892473119 0.5221354166666666 0.6743951612903226 0.5358072916666666 0.6750672043010753 0.5546875 0.6750672043010753 0.5774739583333334 0.6888440860215054 0.6399739583333334 0.6905241935483871 0.6575520833333334 0.6905241935483871 0.6640625 0.6875 0.6666666666666666 0.6827956989247311 0.6666666666666666 0.6706989247311828 0.62109375 0.6639784946236559 0.611328125 0.6582661290322581 0.615234375 0.6589381720430108 0.6451822916666666 0.6686827956989247 0.66796875 0.6693548387096774 0.6790364583333334 0.6673387096774194 0.681640625 0.6596102150537635 0.681640625 0.6512096774193549 0.65625 0.6458333333333334 0.6178385416666666
22 0.6875 0.580078125 0.6706989247311828 0.5475260416666666 0.6706989247311828 0.5345052083333334 0.6723790322580645 0.5208333333333334 0.677755376344086 0.513671875 0.6861559139784946 0.513671875 0.6995967741935484 0.5006510416666666 0.7029569892473119 0.4934895833333333 0.7086693548387096 0.4934895833333333 0.7140456989247311 0.4934895833333333 0.7184139784946236 0.4993489583333333 0.7204301075268817 0.5084635416666666 0.7268145161290323 0.5423177083333334 0.7281586021505376 0.5611979166666666 0.7449596774193549 0.607421875 0.7449596774193549 0.615234375 0.741263440860215 0.6178385416666666 0.7328629032258065 0.6139322916666666 0.717741935483871 0.5859375 0.7127016129032258 0.5859375 0.7147177419354839 0.5989583333333334 0.7237903225806451 0.6341145833333334 0.7261424731182796 0.6412760416666666 0.7224462365591398 0.6477864583333334 0.710013440860215 0.6354166666666666 0.6905241935483871 0.5826822916666666
23 0.7288306451612904 0.5234375 0.7140456989247311 0.49609375 0.7153897849462365 0.48046875 0.7211021505376344 0.4720052083333333 0.7268145161290323 0.4694010416666667 0.7335349462365591 0.4694010416666667 0.7456317204301075 0.45703125 0.7547043010752689 0.4557291666666667 0.758736559139785 0.4596354166666667 0.7651209677419355 0.474609375 0.7657930107526881 0.515625 0.7768817204301075 0.55859375 0.7799059139784946 0.5651041666666666 0.7775537634408602 0.5709635416666666 0.7631048387096774 0.55078125 0.761760752688172 0.5520833333333334 0.761760752688172 0.5572916666666666 0.7637768817204301 0.56640625 0.7698252688172043 0.572265625 0.7721774193548387 0.5774739583333334 0.7721774193548387 0.5885416666666666 0.7671370967741935 0.58984375 0.7553763440860215 0.5885416666666666
24 0.489247311827957 0.580078125 0.489247311827957 0.537109375 0.5104166666666666 0.5345052083333334 0.5033602150537635 0.5826822916666666 0.5020161290322581 0.642578125 0.5006720430107527 0.6588541666666666 0.4949596774193548 0.6640625 0.49227150537634407 0.6627604166666666
25 0.46774193548387094 0.5911458333333334 0.4627016129032258 0.5559895833333334 0.46841397849462363 0.544921875 0.4825268817204301 0.537109375 0.48588709677419356 0.5423177083333334 0.4852150537634409 0.5911458333333334 0.48723118279569894 0.6588541666666666 0.48723118279569894 0.6790364583333334 0.4845430107526882 0.6940104166666666 0.4801747311827957 0.69140625
26 0.4411962365591398 0.5826822916666666 0.4411962365591398 0.55078125 0.44321236559139787 0.5358072916666666 0.4475806451612903 0.5260416666666666 0.4529569892473118 0.5260416666666666 0.46001344086021506 0.52734375 0.4657258064516129 0.537109375 0.46841397849462363 0.55078125 0.46841397849462363 0.5651041666666666 0.4650537634408602 0.5859375 0.46135752688172044 0.6529947916666666 0.4573252688172043 0.7076822916666666 0.45530913978494625 0.7194010416666666 0.4529569892473118 0.7220052083333334 0.45026881720430106 0.720703125 0.44623655913978494 0.7102864583333334
27 0.4112903225806452 0.580078125 0.41263440860215056 0.537109375 0.4264112903225806 0.53125 0.43481182795698925 0.53125 0.43850806451612906 0.544921875 0.43985215053763443 0.5533854166666666 0.4405241935483871 0.572265625 0.43413978494623656 0.5963541666666666 0.4230510752688172 0.6751302083333334 0.4173387096774194 0.7057291666666666 0.41263440860215056 0.7076822916666666 0.4069220430107527 0.6966145833333334 0.40961021505376344 0.6529947916666666
28 0.38239247311827956 0.5787760416666666 0.38239247311827956 0.5475260416666666 0.384744623655914 0.541015625 0.3914650537634409 0.5384114583333334 0.39852150537634407 0.5345052083333334 0.4049059139784946 0.5345052083333334 0.40961021505376344 0.5384114583333334 0.41397849462365593 0.544921875 0.4146505376344086 0.55078125 0.41330645161290325 0.5598958333333334 0.40826612903225806 0.5787760416666666 0.39986559139784944 0.6126302083333334 0.384744623655914 0.6705729166666666 0.37836021505376344 0.6829427083333334 0.375 0.6829427083333334 0.37768817204301075 0.6614583333333334
29 0.33568548387096775 0.5611979166666666 0.33635752688172044 0.5260416666666666 0.34139784946236557 0.5123697916666666 0.34711021505376344 0.5110677083333334 0.3504704301075269 0.509765625 0.36088709677419356 0.5247395833333334 0.3790322580645161 0.5247395833333334 0.384744623655914 0.5345052083333334 0.3860887096774194 0.5462239583333334 0.3834005376344086 0.55859375 0.3745907258064516 0.585333984375 0.36439280913978495 0.6154700520833333 0.36223118279569894 0.63671875 0.35248655913978494 0.6692708333333334 0.3484543010752688 0.6725260416666666 0.34408602150537637 0.6692708333333334 0.34711021505376344 0.6529947916666666 0.354502688172043 0.6165364583333334 0.35248655913978494 0.6048177083333334 0.3484543010752688 0.6015625 0.3407258064516129 0.6100260416666666 0.323252688172043 0.65625 0.32123655913978494 0.6588541666666666 0.3175403225806452 0.6575520833333334
30 0.2849462365591398 0.548828125 0.2896505376344086 0.5045572916666666 0.2960349462365591 0.4856770833333333 0.30376344086021506 0.4856770833333333 0.31418010752688175 0.4993489583333333 0.3286290322580645 0.5045572916666666 0.33501344086021506 0.5169270833333334 0.33635752688172044 0.53125 0.33568548387096775 0.5423177083333334 0.33098118279569894 0.5533854166666666 0.31821236559139787 0.5813802083333334 0.30913978494623656 0.607421875 0.2987231182795699 0.6315104166666666 0.290994623655914 0.642578125 0.28830645161290325 0.642578125 0.28763440860215056 0.6315104166666666 0.290994623655914 0.6178385416666666 0.2973790322580645 0.5989583333333334 0.29939516129032256 0.5872395833333334 0.29939516129032256 0.5787760416666666 0.2933467741935484 0.5872395833333334 0.2799059139784946 0.6165364583333334 0.27419354838709675 0.6236979166666666 0.271505376344086 0.6178385416666666
31 0.2469758064516129 0.4908854166666667 0.2469758064516129 0.4720052083333333 0.25336021505376344 0.4596354166666667 0.26243279569892475 0.4596354166666667 0.26814516129032256 0.4641927083333333 0.27419354838709675 0.48046875 0.2862903225806452 0.4869791666666667 0.2903225806451613 0.4947916666666667 0.2903225806451613 0.5045572916666666 0.28696236559139787 0.5123697916666666 0.2728494623655914 0.5397135416666666 0.259744623655914 0.5638020833333334 0.24495967741935484 0.5813802083333334 0.23958333333333334 0.5813802083333334 0.23655913978494625 0.5696614583333334 0.24630376344086022 0.5533854166666666 0.2469758064516129 0.5462239583333334 0.23655913978494625 0.56640625 0.23387096774193547 0.5696614583333334 0.2318548387096774 0.5611979166666666 0.2318548387096774 0.544921875
