0 0.47681451612903225 0.5475260416666666 0.4788306451612903 0.48828125 0.48151881720430106 0.4518229166666667 0.4838709677419355 0.4446614583333333 0.48723118279569894 0.4446614583333333 0.4899193548387097 0.453125 0.49428763440860213 0.55078125 0.49966397849462363 0.5787760416666666 0.5033602150537635 0.6048177083333334 0.5020161290322581 0.62109375 0.49764784946236557 0.6236979166666666 0.479502688172043 0.6276041666666666 0.4754704301075269 0.6165364583333334 0.4741263440860215 0.5885416666666666
1 0.45161290322580644 0.56640625 0.4529569892473118 0.5123697916666666 0.457997311827957 0.4720052083333333 0.46001344086021506 0.466796875 0.4620295698924731 0.466796875 0.4643817204301075 0.4720052083333333 0.46706989247311825 0.5247395833333334 0.46908602150537637 0.5709635416666666 0.4717741935483871 0.6048177083333334 0.4724462365591398 0.619140625 0.46975806451612906 0.625 0.45598118279569894 0.62890625 0.4522849462365591 0.62890625 0.4495967741935484 0.619140625 0.448252688172043 0.607421875
2 0.4223790322580645 0.5475260416666666 0.42506720430107525 0.4869791666666667 0.4210349462365591 0.4342447916666667 0.4210349462365591 0.4153645833333333 0.4230510752688172 0.4127604166666667 0.427755376344086 0.4205729166666667 0.4361559139784946 0.443359375 0.4411962365591398 0.474609375 0.44388440860215056 0.5436197916666666 0.4469086021505376 0.5885416666666666 0.44455645161290325 0.6126302083333334 0.43918010752688175 0.619140625 0.42506720430107525 0.6165364583333334 0.4217069892473118 0.6126302083333334 0.41868279569892475 0.6048177083333334
4 0.3914650537634409 0.5859375 0.3860887096774194 0.5924479166666666 0.3790322580645161 0.59375 0.37331989247311825 0.5911458333333334 0.3699596774193548 0.5774739583333334 0.3719758064516129 0.5423177083333334 0.3699596774193548 0.4641927083333333 0.3699596774193548 0.4303385416666667 0.3706317204301075 0.4127604166666667 0.37331989247311825 0.4095052083333333 0.37768817204301075 0.4153645833333333 0.3860887096774194 0.4772135416666667 0.39314516129032256 0.52734375 0.39852150537634407 0.5397135416666666 0.40053763440860213 0.5748697916666666 0.3971774193548387 0.5859375
5 0.34711021505376344 0.59375 0.3393817204301075 0.5963541666666666 0.32963709677419356 0.580078125 0.32963709677419356 0.5611979166666666 0.3387096774193548 0.5286458333333334 0.3336693548387097 0.474609375 0.332997311827957 0.4544270833333333 0.332997311827957 0.4466145833333333 0.33501344086021506 0.4407552083333333 0.33803763440860213 0.4407552083333333 0.34543010752688175 0.474609375 0.3491263440860215 0.49609375 0.35114247311827956 0.4934895833333333 0.35114247311827956 0.470703125 0.35248655913978494 0.4518229166666667 0.3531586021505376 0.4446614583333333 0.35618279569892475 0.4446614583333333 0.3595430107526882 0.4505208333333333 0.3659274193548387 0.4830729166666667 0.36928763440860213 0.5182291666666666 0.3701320564516129 0.5262565104166667 0.3719758064516129 0.5436197916666666 0.3756720430107527 0.568359375 0.375 0.5872395833333334 0.36794354838709675 0.59765625 0.36088709677419356 0.6015625
6 0.30376344086021506 0.5748697916666666 0.29401881720430106 0.56640625 0.290994623655914 0.5533854166666666 0.2923387096774194 0.537109375 0.30073924731182794 0.515625 0.3064516129032258 0.4908854166666667 0.31216397849462363 0.4641927083333333 0.31485215053763443 0.4596354166666667 0.31821236559139787 0.4609375 0.31821236559139787 0.470703125 0.31485215053763443 0.4934895833333333 0.31485215053763443 0.4993489583333333 0.31955645161290325 0.4934895833333333 0.3236663306451613 0.45593489583333335 0.32685719086021503 0.43932031250000003 0.32885114247311825 0.434296875 0.33164314516129034 0.43506966145833337 0.33323857526881717 0.44357031249999995 0.3336693548387097 0.4830729166666667 0.33030913978494625 0.5397135416666666 0.33030913978494625 0.5638020833333334 0.32594086021505375 0.5826822916666666 0.31216397849462363 0.5963541666666666
7 0.3068450940860215 0.49289388020833336 0.30050369623655915 0.488318359375 0.2915413306451613 0.4813736979166667 0.2834751344086021 0.4622760416666667 0.28168279569892474 0.42408138020833336 0.2789939516129032 0.38328190104166665 0.28616397849462366 0.35984440104166665 0.29557426075268817 0.36418489583333336 0.3152913306451613 0.411060546875 0.32873487903225806 0.44578320312499997 0.31842842741935484 0.480505859375
8 0.5026881720430108 0.544921875 0.5067204301075269 0.4596354166666667 0.508736559139785 0.4446614583333333 0.5104166666666666 0.4420572916666667 0.5110887096774194 0.4407552083333333 0.5131048387096774 0.4407552083333333 0.5157930107526881 0.4446614583333333 0.5188172043010753 0.4680989583333333 0.5221774193548387 0.541015625 0.5278897849462365 0.5885416666666666 0.5255376344086021 0.6048177083333334 0.5208333333333334 0.6126302083333334 0.5033602150537635 0.6126302083333334 0.49899193548387094 0.6015625
9 0.5285618279569892 0.544921875 0.53125 0.4908854166666667 0.5339381720430108 0.466796875 0.5369623655913979 0.4596354166666667 0.5396505376344086 0.4596354166666667 0.5423387096774194 0.466796875 0.5453629032258065 0.5045572916666666 0.5467069892473119 0.55078125 0.5453629032258065 0.607421875 0.543010752688172 0.6126302083333334 0.5299059139784946 0.6139322916666666 0.521505376344086 0.6087239583333334 0.521505376344086 0.58984375
10 0.5725806451612904 0.5950520833333334 0.5682123655913979 0.6048177083333334 0.5591397849462365 0.611328125 0.5544354838709677 0.6100260416666666 0.550739247311828 0.58984375 0.5467069892473119 0.568359375 0.5467069892473119 0.5559895833333334 0.5551075268817204 0.4609375 0.563508064516129 0.4231770833333333 0.5655241935483871 0.4166666666666667 0.5688844086021505 0.4166666666666667 0.573252688172043 0.42578125 0.5745967741935484 0.5397135416666666 0.5759408602150538 0.5787760416666666
11 0.5772849462365591 0.5924479166666666 0.5702284946236559 0.5950520833333334 0.5675403225806451 0.5911458333333334 0.5641801075268817 0.5748697916666666 0.5661962365591398 0.5475260416666666 0.5709005376344086 0.5286458333333334 0.5793010752688172 0.474609375 0.5877016129032258 0.4518229166666667 0.5907258064516129 0.4466145833333333 0.592741935483871 0.4466145833333333 0.5961021505376344 0.4505208333333333 0.5981182795698925 0.470703125 0.5997983870967742 0.5462239583333334 0.5997983870967742 0.583984375 0.5967741935483871 0.6015625 0.5883736559139785 0.6100260416666666
12 0.6038306451612904 0.5885416666666666 0.5981182795698925 0.58984375 0.5940860215053764 0.580078125 0.592741935483871 0.5696614583333334 0.5967741935483871 0.5520833333333334 0.6011424731182796 0.5345052083333334 0.6108870967741935 0.4817708333333333 0.616263440860215 0.453125 0.6192876344086021 0.4479166666666667 0.6219758064516129 0.4479166666666667 0.623991935483871 0.44921875 0.6246639784946236 0.4557291666666667 0.6233198924731183 0.548828125 0.6246639784946236 0.5859375 0.623991935483871 0.5989583333333334 0.6149193548387096 0.6061197916666666
13 0.6505376344086021 0.5950520833333334 0.6394489247311828 0.6048177083333334 0.623991935483871 0.59765625 0.6206317204301075 0.5826822916666666 0.6192876344086021 0.5638020833333334 0.623991935483871 0.537109375 0.6263440860215054 0.4869791666666667 0.6259939516129033 0.4628893229166667 0.6255950940860215 0.445501953125 0.6271905241935484 0.4315924479166667 0.6299825268817204 0.42656966145833336 0.6335722446236559 0.42927408854166665 0.6387768817204301 0.4368489583333333 0.6458333333333334 0.48046875 0.6485215053763441 0.4557291666666667 0.650523185483871 0.4497526041666667 0.6535147849462365 0.450138671875 0.6555779569892473 0.4544270833333333 0.6555779569892473 0.4641927083333333 0.6569220430107527 0.537109375 0.6639784946236559 0.5638020833333334 0.6633064516129032 0.58984375 0.6569220430107527 0.5989583333333334
14 0.6666666666666666 0.544921875 0.6602822580645161 0.48046875 0.6616263440860215 0.4544270833333333 0.6639784946236559 0.431640625 0.6673387096774194 0.4244791666666667 0.6697728494623656 0.42144205729166667 0.6723790322580645 0.421875 0.6755688844086021 0.42639648437500005 0.677755376344086 0.4368489583333333 0.6796599462365591 0.470984375 0.6902291666666666 0.5165638020833333 0.7002688172043011 0.5358072916666666 0.7029569892473119 0.5533854166666666 0.7016129032258065 0.5651041666666666 0.6952284946236559 0.576171875 0.6918682795698925 0.5787760416666666 0.6821236559139785 0.5963541666666666 0.6723790322580645 0.59375 0.6666666666666666 0.5826822916666666 0.6639784946236559 0.568359375 0.6639784946236559 0.5559895833333334
15 0.7120295698924731 0.544921875 0.7093413978494624 0.5572916666666666 0.7036290322580645 0.5598958333333334 0.697244623655914 0.5533854166666666 0.6932123655913979 0.5358072916666666 0.6925403225806451 0.5084635416666666 0.6827956989247311 0.4557291666666667 0.6821236559139785 0.4342447916666667 0.6821236559139785 0.421875 0.6834677419354839 0.4205729166666667 0.6861559139784946 0.4205729166666667 0.6918682795698925 0.42578125 0.7093413978494624 0.4609375 0.719758064516129 0.4869791666666667 0.729502688172043 0.498046875 0.7321908602150538 0.5234375 0.727486559139785 0.5234375 0.7231182795698925 0.5423177083333334 0.7153897849462365 0.544921875
16 0.5067204301075269 0.6399739583333334 0.5060483870967742 0.6399739583333334 0.5040322580645161 0.615234375 0.5040322580645161 0.6048177083333334 0.5137768817204301 0.6048177083333334 0.5208333333333334 0.6048177083333334 0.5221774193548387 0.6100260416666666 0.521505376344086 0.6451822916666666 0.5221774193548387 0.7233072916666666 0.5208333333333334 0.734375 0.5188172043010753 0.7369791666666666 0.5144489247311828 0.7291666666666666
17 0.5284260752688172 0.6556660156249999 0.5241935483870968 0.6126302083333334 0.5278897849462365 0.607421875 0.543010752688172 0.607421875 0.5467069892473119 0.6126302083333334 0.5451898521505376 0.653103515625 0.5453629032258065 0.7180989583333334 0.5460349462365591 0.7369791666666666 0.5453629032258065 0.748046875 0.543010752688172 0.7506510416666666 0.5383064516129032 0.7506510416666666 0.5352822580645161 0.73828125
18 0.550739247311828 0.65625 0.5493951612903226 0.6399739583333334 0.5500672043010753 0.62109375 0.5534274193548387 0.6165364583333334 0.5675403225806451 0.62109375 0.573252688172043 0.625 0.5752688172043011 0.6263020833333334 0.5688844086021505 0.66015625 0.5668682795698925 0.6966145833333334 0.5709005376344086 0.73828125 0.5709005376344086 0.7506510416666666 0.5702284946236559 0.7506510416666666 0.563508064516129 0.7506510416666666 0.5591397849462365 0.7395833333333334 0.5534274193548387 0.7102864583333334
19 0.5739247311827957 0.6614583333333334 0.5675403225806451 0.6328125 0.5702284946236559 0.62890625 0.5779569892473119 0.62109375 0.5863575268817204 0.615234375 0.592741935483871 0.619140625 0.5987903225806451 0.6263020833333334 0.6011424731182796 0.63671875 0.6011424731182796 0.6490885416666666 0.5961021505376344 0.6692708333333334 0.592741935483871 0.7233072916666666 0.5890456989247311 0.76171875 0.5870295698924731 0.7747395833333334 0.5856854838709677 0.7805989583333334 0.5836693548387096 0.7805989583333334 0.5799731182795699 0.7708333333333334 0.5772849462365591 0.744140625
20 0.602486559139785 0.6705729166666666 0.5940860215053764 0.642578125 0.5940860215053764 0.62890625 0.5981182795698925 0.6236979166666666 0.6051747311827957 0.62109375 0.6122311827956989 0.62109375 0.6192876344086021 0.6263020833333334 0.6246639784946236 0.6263020833333334 0.6283602150537635 0.62890625 0.6310483870967742 0.63671875 0.6276881720430108 0.6705729166666666 0.6276881720430108 0.7057291666666666 0.6276881720430108 0.7408854166666666 0.6303763440860215 0.7669270833333334 0.6330645161290323 0.7747395833333334 0.6330645161290323 0.7779947916666666 0.6303763440860215 0.7805989583333334 0.6226478494623656 0.7734375 0.616263440860215 0.751953125
22 0.675739247311828 0.6627604166666666 0.665994623655914 0.6549479166666666 0.6575940860215054 0.6341145833333334 0.6582661290322581 0.62109375 0.6673387096774194 0.6139322916666666 0.6750672043010753 0.6126302083333334 0.6784274193548387 0.59375 0.6848118279569892 0.5885416666666666 0.6932123655913979 0.5859375 0.7002688172043011 0.5911458333333334 0.7056451612903226 0.611328125 0.7086693548387096 0.6354166666666666 0.7204301075268817 0.650390625 0.7308467741935484 0.6529947916666666 0.7352150537634409 0.6549479166666666 0.7365591397849462 0.6575520833333334 0.7365591397849462 0.6627604166666666 0.7268145161290323 0.6692708333333334 0.7147177419354839 0.6725260416666666 0.7043010752688172 0.6653645833333334 0.7016129032258065 0.66796875 0.7016129032258065 0.6725260416666666 0.706989247311828 0.6764322916666666 0.7244623655913979 0.677734375 0.7254704301075269 0.681640625 0.7237903225806451 0.6868489583333334 0.7153897849462365 0.69140625 0.7043010752688172 0.6966145833333334 0.6959005376344086 0.6881510416666666
24 0.4845430107526882 0.6575520833333334 0.48588709677419356 0.6354166666666666 0.49227150537634407 0.62109375 0.49764784946236557 0.6100260416666666 0.5020161290322581 0.6100260416666666 0.5060483870967742 0.6178385416666666 0.5040322580645161 0.6575520833333334 0.5033602150537635 0.7044270833333334 0.49899193548387094 0.734375 0.49227150537634407 0.751953125 0.489247311827957 0.751953125 0.48723118279569894 0.748046875
25 0.4657258064516129 0.6516927083333334 0.46639784946236557 0.62109375 0.46841397849462363 0.611328125 0.4724462365591398 0.607421875 0.48655913978494625 0.6100260416666666 0.4879032258064516 0.615234375 0.48655913978494625 0.62890625 0.4808467741935484 0.65625 0.4717741935483871 0.7428385416666666 0.46774193548387094 0.7493489583333334 0.4657258064516129 0.748046875 0.4643817204301075 0.7395833333333334
26 0.43918010752688175 0.6614583333333334 0.43918010752688175 0.62890625 0.4418682795698925 0.6236979166666666 0.44321236559139787 0.62109375 0.4475806451612903 0.6223958333333334 0.4586693548387097 0.6178385416666666 0.4627016129032258 0.619140625 0.4627016129032258 0.6236979166666666 0.46068548387096775 0.6477864583333334 0.4573252688172043 0.6692708333333334 0.4529569892473118 0.7154947916666666 0.4411962365591398 0.7454427083333334 0.43716397849462363 0.751953125 0.43548387096774194 0.7428385416666666 0.43918010752688175 0.7076822916666666
27 0.40826612903225806 0.6666666666666666 0.40826612903225806 0.63671875 0.4106182795698925 0.619140625 0.41263440860215056 0.6165364583333334 0.415994623655914 0.6165364583333334 0.41969086021505375 0.6165364583333334 0.427755376344086 0.6165364583333334 0.43010752688172044 0.62109375 0.43481182795698925 0.62890625 0.43783602150537637 0.6341145833333334 0.43783602150537637 0.642578125 0.4327956989247312 0.6692708333333334 0.4270833333333333 0.7076822916666666 0.4166666666666667 0.7584635416666666 0.40961021505376344 0.7747395833333334 0.4055779569892473 0.7734375
28 0.3797043010752688 0.65625 0.3756720430107527 0.6263020833333334 0.3817204301075269 0.615234375 0.39314516129032256 0.6126302083333334 0.40288978494623656 0.6126302083333334 0.40961021505376344 0.62109375 0.4112903225806452 0.62890625 0.39919354838709675 0.6666666666666666 0.3914650537634409 0.7044270833333334 0.38423891129032256 0.7428782552083333 0.37331989247311825 0.76171875 0.3706317204301075 0.76171875 0.3756512096774194 0.7210559895833333
31 0.2752016129032258 0.5924479166666666 0.2825940860215054 0.572265625 0.2842741935483871 0.5638020833333334 0.29401881720430106 0.5559895833333334 0.29939516129032256 0.5611979166666666 0.30376344086021506 0.5774739583333334 0.3084677419354839 0.59375 0.3219086021505376 0.603515625 0.32661290322580644 0.607421875 0.3279569892473118 0.615234375 0.3245967741935484 0.62890625 0.31485215053763443 0.6451822916666666 0.3057795698924731 0.650390625 0.30073924731182794 0.6549479166666666 0.28830645161290325 0.6640625 0.26948924731182794 0.6666666666666666 0.26176075268817206 0.6640625 0.2584005376344086 0.66015625 0.2584005376344086 0.6516927083333334 0.2651209677419355 0.650390625 0.27419354838709675 0.6438802083333334 0.27856182795698925 0.638671875 0.27788978494623656 0.638671875 0.2644489247311828 0.650390625 0.2553763440860215 0.6477864583333334 0.2540322580645161 0.6341145833333334 0.26814516129032256 0.611328125
