0 0.4936431451612904 0.38294661458333334 0.4970453629032258 0.39027213541666667 0.4993135080645162 0.4049231770833333 0.4993279569892473 0.443359375 0.5 0.5227864583333334 0.5 0.564453125 0.4947772177419355 0.5638893229166667 0.4853262768817204 0.5580286458333333 0.4785215053763441 0.5572962239583333 0.47285114247311827 0.5543658854166666 0.4739852150537634 0.5426451822916667 0.4754704301075269 0.5104166666666666 0.4825268817204301 0.443359375 0.48721639784946236 0.38441145833333334 0.4905913978494624 0.3815104166666667
1 0.47549731182795696 0.387341796875 0.47889952956989246 0.3924700520833333 0.48078998655913974 0.4159114583333334 0.47663138440860214 0.4591328125 0.4724462365591398 0.521484375 0.47143817204301075 0.5638020833333334 0.46639784946236557 0.5690104166666666 0.457997311827957 0.5677083333333334 0.448252688172043 0.556640625 0.44993279569892475 0.51953125 0.45432762096774193 0.48990039062499996 0.46226612903225806 0.4239700520833333 0.46718077956989246 0.4056555989583333 0.46975806451612906 0.392578125
2 0.44601075268817203 0.32360872395833334 0.4486569220430107 0.3323997395833333 0.4516814516129032 0.355841796875 0.45094086021505375 0.408203125 0.4479166666666667 0.54296875 0.44455645161290325 0.5572916666666666 0.43985215053763443 0.55859375 0.42876344086021506 0.5520833333333334 0.42338709677419356 0.5305989583333334 0.43044354838709675 0.44921875 0.4344758064516129 0.38671875 0.43731586021505375 0.3419231770833333 0.4407184139784946 0.32434179687500003 0.4435483870967742 0.3196614583333333
3 0.4206989247311828 0.3372395833333333 0.42057728494623653 0.3360625 0.4257788978494623 0.3675625 0.4334677419354839 0.4759114583333333 0.43548387096774194 0.517578125 0.42977150537634407 0.541015625 0.4227150537634409 0.5390625 0.41901881720430106 0.54296875 0.4122983870967742 0.5481770833333334 0.40423387096774194 0.5442708333333334 0.4022177419354839 0.51953125 0.4075940860215054 0.4537760416666667 0.40952352150537635 0.37708593749999997 0.41216969086021504 0.34485351562500005 0.41443783602150536 0.335330078125 0.4163306451612903 0.330078125
4 0.4032258064516129 0.33984375 0.4046999327956989 0.3441204427083333 0.407724126344086 0.3646321614583334 0.4106182795698925 0.4661458333333333 0.41397849462365593 0.4986979166666667 0.4116263440860215 0.52734375 0.4069220430107527 0.5338541666666666 0.39852150537634407 0.5319010416666666 0.3914650537634409 0.5390625 0.38306451612903225 0.5338541666666666 0.3797043010752688 0.5110677083333334 0.3844086021505376 0.4557291666666667 0.39260282258064516 0.3514466145833333 0.3971774193548387 0.337890625 0.3995295698924731 0.3346354166666667
5 0.38239247311827956 0.3268229166666667 0.38776881720430106 0.3522135416666667 0.38844086021505375 0.3990885416666667 0.38844086021505375 0.4524739583333333 0.3887768817204301 0.4759114583333333 0.38844086021505375 0.5071614583333334 0.38205645161290325 0.5182291666666666 0.3719758064516129 0.5234375 0.36760752688172044 0.5247395833333334 0.3602150537634409 0.521484375 0.35147849462365593 0.521484375 0.34643817204301075 0.517578125 0.34375 0.4915364583333333 0.35147849462365593 0.4401041666666667 0.36425033602150536 0.38514388020833334 0.37399193548387094 0.3326822916666667 0.37668010752688175 0.3255208333333333
6 0.3487903225806452 0.3111979166666667 0.34988508064516133 0.31774869791666666 0.3540433467741936 0.3441204427083333 0.35706754032258065 0.39173697916666667 0.3551774193548387 0.4093190104166667 0.35147849462365593 0.4381510416666667 0.3506411290322581 0.4613307291666667 0.3468608870967742 0.4862376302083333 0.34106182795698925 0.4986979166666667 0.3346774193548387 0.5026041666666666 0.3276209677419355 0.5026041666666666 0.3138440860215054 0.4895833333333333 0.3030913978494624 0.4733072916666667 0.3040994623655914 0.4505208333333333 0.3138440860215054 0.4114583333333333 0.3229166666666667 0.388671875 0.33249563172043006 0.34631835937500005 0.34106182795698925 0.3053385416666667 0.34534879032258065 0.3023645833333333
7 0.2691532258064516 0.4029947916666667 0.27616834677419355 0.386609375 0.28125 0.3717447916666667 0.290994623655914 0.3391927083333333 0.3003625672043011 0.31408593749999997 0.30641129032258063 0.3001673177083333 0.3101915322580645 0.2884459635416667 0.31321572580645163 0.2884459635416667 0.31813037634408603 0.29796940104166664 0.3188864247311828 0.31262044270833333 0.3234227150537634 0.3045625 0.3279590053763441 0.3016321614583333 0.3294711021505376 0.31335286458333333 0.3290930779569892 0.3331321614583333 0.3268249327956989 0.3675625 0.3222886424731183 0.39100455729166667 0.3165322580645161 0.4348958333333333 0.30913978494623656 0.4583333333333333 0.302755376344086 0.4609375 0.2956989247311828 0.4596354166666667 0.28091397849462363 0.4485677083333333 0.2708333333333333 0.4381510416666667 0.2657930107526882 0.4296875 0.2652056451612903 0.417376953125
8 0.5182150537634409 0.35877213541666664 0.5216176075268817 0.36902799479166665 0.5228494623655914 0.4166666666666667 0.5265456989247311 0.5078125 0.530241935483871 0.5514322916666666 0.530241935483871 0.576171875 0.530241935483871 0.5813802083333334 0.5201612903225806 0.5846354166666666 0.5030241935483871 0.580078125 0.5020161290322581 0.5709635416666666 0.5043682795698925 0.5143229166666666 0.5063844086021505 0.43359375 0.5102765456989248 0.3675625 0.5121666666666667 0.36096940104166664 0.5144489247311828 0.3548177083333333
9 0.5385238575268817 0.3990631510416667 0.542682123655914 0.407853515625 0.5440188172043011 0.4485677083333333 0.5493951612903226 0.5130208333333334 0.5554435483870968 0.5696614583333334 0.5540994623655914 0.576171875 0.5362903225806451 0.5813802083333334 0.5299059139784946 0.578125 0.5309139784946236 0.5123697916666666 0.5319220430107527 0.447265625 0.5322022849462366 0.42103971354166664 0.5340924059139786 0.4049231770833333 0.5356048387096775 0.39686523437500004
10 0.5648521505376344 0.349609375 0.5688716397849463 0.35803971354166664 0.572244623655914 0.4615885416666667 0.5782930107526881 0.5377604166666666 0.5756048387096774 0.5625 0.571236559139785 0.5670572916666666 0.5621639784946236 0.572265625 0.5557795698924731 0.5677083333333334 0.553763440860215 0.52734375 0.5540994623655914 0.4401041666666667 0.5545063844086021 0.37122526041666665 0.5567745295698925 0.357306640625 0.5604838709677419 0.3502604166666667
11 0.5904196908602151 0.3646321614583334 0.5926878360215053 0.37635351562499997 0.5964381720430108 0.48828125 0.6028225806451613 0.537109375 0.5987903225806451 0.556640625 0.5873655913978495 0.5598958333333334 0.5749327956989247 0.544921875 0.571236559139785 0.5091145833333334 0.5756048387096774 0.4440104166666667 0.5813467741935484 0.36976041666666665 0.5856854838709677 0.3626302083333333
12 0.6040288978494623 0.3426555989583333 0.608565188172043 0.34705078125000005 0.6131014784946236 0.3631673177083334 0.6165994623655914 0.4361979166666667 0.6206317204301075 0.4811197916666667 0.6266801075268817 0.5201822916666666 0.6266801075268817 0.5338541666666666 0.6139112903225806 0.5475260416666666 0.6028225806451613 0.5475260416666666 0.5957661290322581 0.5286458333333334 0.5930779569892473 0.5143229166666666 0.5930779569892473 0.4192708333333333 0.5967741935483871 0.3619791666666667 0.6014784946236559 0.3430989583333333
13 0.6385467069892473 0.360419921875 0.6411928763440861 0.39778059895833334 0.6430829973118279 0.3721412760416667 0.6449731182795699 0.357490234375 0.6506438172043011 0.35602473958333336 0.654424059139785 0.3662805989583333 0.6549059139784946 0.4049479166666667 0.6535618279569892 0.4596354166666667 0.6596102150537635 0.48828125 0.6612903225806451 0.517578125 0.6579301075268817 0.5286458333333334 0.6468413978494624 0.5319010416666666 0.6397849462365591 0.537109375 0.6297043010752689 0.5358072916666666 0.6213037634408602 0.5305989583333334 0.6177547043010753 0.513525390625 0.6211572580645162 0.4827578125 0.623047379032258 0.44319986979166665 0.6226693548387097 0.38386197916666664 0.6241814516129033 0.3596875 0.6256935483870968 0.347966796875 0.6313639112903227 0.34650130208333335 0.6347664650537634 0.3501640625
14 0.6672772177419355 0.3347805989583333 0.6699233870967742 0.33917578125000003 0.6740819892473118 0.358955078125 0.6771061827956989 0.39924609375 0.678240255376344 0.36774609374999995 0.6793743279569893 0.34869921875 0.6839106182795699 0.3347805989583333 0.6873131720430108 0.3347805989583333 0.6873131720430108 0.35382747395833336 0.6876908602150538 0.378734375 0.6880692204301075 0.4263509114583333 0.6915322580645161 0.443359375 0.6979166666666666 0.4772135416666667 0.6952284946236559 0.4954427083333333 0.6814516129032258 0.5078125 0.6703629032258065 0.5182291666666666 0.6616263440860215 0.517578125 0.6570702284946237 0.49521158854166664 0.6566922043010753 0.4541881510416667 0.6570702284946237 0.39192057291666665 0.6566922043010753 0.3655481770833333 0.6600944220430107 0.33771093750000003 0.6631189516129032 0.3355130208333333
15 0.6982758736559139 0.316466796875 0.7047026209677419 0.32379231770833333 0.7127016129032258 0.3626302083333333 0.719067876344086 0.39485091145833334 0.7244623655913979 0.4205729166666667 0.7301747311827957 0.4485677083333333 0.7301747311827957 0.4635416666666667 0.7254704301075269 0.4700520833333333 0.7174059139784946 0.4733072916666667 0.7086693548387096 0.4811197916666667 0.7009408602150538 0.482421875 0.698252688172043 0.482421875 0.6929835349462365 0.46444401041666666 0.6907153897849462 0.44319986979166665 0.6861787634408603 0.39485091145833334 0.6876908602150538 0.36774609374999995 0.6899593413978494 0.34137369791666666 0.6948736559139784 0.32086197916666664
16 0.5016801075268817 0.5944010416666666 0.5 0.57421875 0.5063844086021505 0.56640625 0.5161290322580645 0.5677083333333334 0.5161290322580645 0.6002604166666666 0.5168010752688172 0.634765625 0.515661626344086 0.6737734375 0.5122594086021505 0.6876920572916667 0.5069667338709677 0.6796341145833332 0.5057123655913979 0.6666666666666666
17 0.5224663978494624 0.62176171875 0.5217103494623656 0.5895286458333333 0.5208333333333334 0.5735677083333334 0.5362903225806451 0.572265625 0.5383064516129032 0.5755208333333334 0.5390997983870968 0.59319140625 0.5359543010752689 0.6529947916666666 0.5341851478494624 0.6972154947916667 0.5307829301075269 0.7074713541666666 0.527002688172043 0.6986803385416667 0.525112567204301 0.6876920572916667 0.5247345430107526 0.6693782552083333
18 0.5473790322580645 0.6139322916666666 0.5456280241935484 0.5882467447916667 0.5463840725806451 0.5823860677083333 0.5494082661290323 0.573595703125 0.5658602150537635 0.5735677083333334 0.5717123655913978 0.5801888020833333 0.5702002688172043 0.6175494791666667 0.5698222446236559 0.6622356770833333 0.5686881720430107 0.7025266927083332 0.5667980510752688 0.7281660156249999 0.5649079301075268 0.7413522135416667 0.5611559139784946 0.7447916666666666 0.5581031586021505 0.7362239583333333 0.553763440860215 0.685546875
19 0.573252688172043 0.6158854166666666 0.5675403225806451 0.5924479166666666 0.5665322580645161 0.57421875 0.5715725806451613 0.5690104166666666 0.5769489247311828 0.5657552083333334 0.5816532258064516 0.5631510416666666 0.5907258064516129 0.5631510416666666 0.5940860215053764 0.5690104166666666 0.594758064516129 0.580078125 0.5924059139784946 0.625 0.5900537634408602 0.6783854166666666 0.589101814516129 0.7259680989583334 0.5856854838709677 0.7428385416666666 0.581989247311828 0.7493489583333334 0.5777610887096774 0.7362239583333333
20 0.5930779569892473 0.587890625 0.5890456989247311 0.5735677083333334 0.594758064516129 0.556640625 0.6011424731182796 0.5553385416666666 0.6098790322580645 0.5553385416666666 0.6155913978494624 0.5579427083333334 0.6196236559139785 0.5625 0.6196236559139785 0.5735677083333334 0.6179435483870968 0.6048177083333334 0.6144301075268818 0.685677734375 0.6140520833333334 0.7105846354166667 0.6115591397849462 0.7135416666666666 0.6064915994623656 0.7047239583333332 0.6030890456989247 0.69593359375 0.5994623655913979 0.662109375
22 0.6226478494623656 0.5891927083333334 0.6196451612903227 0.5772584635416667 0.6207792338709678 0.5677350260416667 0.6260715725806452 0.56333984375 0.6313639112903227 0.5560143229166666 0.6389247311827957 0.5406302083333333 0.6457295026881721 0.5384329427083333 0.6521559139784946 0.5376998697916667 0.6629704301075269 0.533203125 0.6693548387096774 0.55859375 0.6723790322580645 0.5787760416666666 0.6821236559139785 0.6067708333333334 0.6901881720430108 0.6223958333333334 0.7013004032258066 0.647583984375 0.698252688172043 0.654296875 0.69449563172043 0.6578404947916666 0.6807795698924731 0.646484375 0.6903373655913978 0.6578404947916666 0.6935483870967742 0.6666666666666666 0.6880692204301075 0.6724915364583333 0.6808864247311828 0.6695611979166666 0.6733256048387097 0.6658984375 0.6653225806451613 0.658203125 0.6570702284946237 0.6490494791666667 0.6451612903225806 0.6282552083333334 0.6313639112903227 0.6094908854166666
23 0.7012768817204301 0.4973958333333333 0.7084828629032258 0.5157233072916666 0.7115070564516129 0.5457584635416667 0.7130191532258066 0.5567467447916666 0.7190860215053764 0.5865885416666666 0.7292748655913979 0.6124212239583333 0.7319210349462366 0.62633984375 0.7292748655913979 0.6322005208333333 0.7022849462365591 0.5989583333333334 0.7190860215053764 0.626953125 0.7228481182795699 0.635130859375 0.7228481182795699 0.6424563802083333 0.7145315860215053 0.6431888020833333 0.7069707661290323 0.635130859375 0.6967637768817204 0.625607421875 0.6871639784946236 0.609375 0.667002688172043 0.5755208333333334 0.6596102150537635 0.55078125 0.6589381720430108 0.5319010416666666 0.678240255376344 0.5157233072916666
24 0.4827728494623656 0.5887962239583333 0.48219086021505375 0.564453125 0.48957728494623654 0.5668196614583333 0.4969758064516129 0.564453125 0.5005403225806452 0.5675520833333333 0.49831989247311825 0.609375 0.49831989247311825 0.646484375 0.4993279569892473 0.685546875 0.49676008064516125 0.693552734375 0.4914674059139785 0.684029296875 0.4885752688172043 0.6640625
25 0.4637096774193548 0.6022135416666666 0.46169354838709675 0.56640625 0.46169354838709675 0.5625 0.47043010752688175 0.5579427083333334 0.4808467741935484 0.5631510416666666 0.48219086021505375 0.6295572916666666 0.48151881720430106 0.6809895833333334 0.4805043682795699 0.6994127604166667 0.4771021505376344 0.7074713541666666 0.4721878360215054 0.6994127604166667
26 0.43481182795698925 0.5970052083333334 0.43581989247311825 0.5657552083333334 0.4375 0.5579427083333334 0.4422043010752688 0.5533854166666666 0.4543010752688172 0.5631510416666666 0.4583333333333333 0.572265625 0.459005376344086 0.6282552083333334 0.45631048387096773 0.6789010416666666 0.4526209677419355 0.71875 0.45215188172043014 0.7309134114583333 0.4495057123655914 0.7389713541666666 0.44556451612903225 0.7513020833333334 0.44194522849462364 0.744099609375 0.4411891801075269 0.7331106770833333 0.43778662634408605 0.7125989583333333 0.43649193548387094 0.6920572916666666
27 0.40793010752688175 0.5983072916666666 0.40860215053763443 0.5813802083333334 0.41431451612903225 0.5501302083333334 0.4206989247311828 0.5442708333333334 0.43178763440860213 0.5546875 0.43918010752688175 0.5755208333333334 0.43581989247311825 0.6282552083333334 0.43178763440860213 0.6953125 0.4302261424731183 0.7221223958333334 0.426747311827957 0.732421875 0.42115322580645165 0.7265175781250001 0.4196411290322581 0.7169947916666667 0.4169949596774194 0.7023430989583334
28 0.3786962365591398 0.5924479166666666 0.3786962365591398 0.580078125 0.38138440860215056 0.5546875 0.3901209677419355 0.5455729166666666 0.4028121639784946 0.5437434895833334 0.40999495967741933 0.5503365885416667 0.41226310483870965 0.5591276041666667 0.4099462365591398 0.5703125 0.40524193548387094 0.6295572916666666 0.39865389784946237 0.680732421875 0.39184912634408603 0.709302734375 0.3865567876344086 0.720291015625 0.3793739919354839 0.7210234375 0.37748387096774194 0.7071048177083333 0.37748387096774194 0.68805859375 0.3812644489247312 0.6550930989583333 0.3816424731182796 0.6199303385416667
30 0.32531552419354837 0.5627903645833333 0.3353494623655914 0.52734375 0.34194892473118277 0.513708984375 0.35147849462365593 0.5221354166666666 0.36273823924731186 0.5257962239583334 0.3665994623655914 0.5384114583333334 0.37143279569892473 0.5463079427083334 0.380127688172043 0.5536334635416666 0.3790322580645161 0.57421875 0.37466397849462363 0.5924479166666666 0.35555813172043016 0.61846484375 0.33514415322580643 0.649232421875 0.32153494623655915 0.6624186197916667 0.31208434139784946 0.6697441406250001 0.3018773521505376 0.6697441406250001 0.29536290322580644 0.6653645833333334 0.29582862903225804 0.6528951822916667 0.30036525537634406 0.6323834635416666 0.3064516129032258 0.6145833333333334 0.318510752688172 0.5840345052083333
31 0.2694485887096774 0.5638723958333333 0.2838881048387097 0.5148971354166666 0.2885924059139785 0.48690234374999997 0.30136122311827956 0.46932421874999997 0.31775201612903226 0.48990039062499996 0.32790692204301075 0.5038294270833333 0.3406757392473118 0.5175013020833333 0.3406757392473118 0.5311731770833333 0.3336192876344086 0.5500533854166666 0.3100977822580645 0.5878138020833333 0.29796505376344085 0.6067265625 0.2869075940860215 0.612365234375 0.2723585349462366 0.61800390625 0.263726814516129 0.6112513020833333 0.26439885752688175 0.59237109375
