0 0.47681451612903225 0.541015625 0.4741263440860215 0.4368489583333333 0.479502688172043 0.421875 0.4852150537634409 0.4244791666666667 0.4905913978494624 0.439453125 0.5006720430107527 0.49609375 0.5020161290322581 0.5423177083333334 0.5047043010752689 0.59375 0.5047043010752689 0.6048177083333334 0.4781586021505376 0.6087239583333334 0.4747983870967742 0.5885416666666666
1 0.45027486559139784 0.5298639322916666 0.45094690860215053 0.439369140625 0.4522909946236559 0.4283014322916667 0.45497916666666666 0.4269993489583333 0.45934744623655915 0.429603515625 0.46069153225806453 0.439369140625 0.4613635752688172 0.4543430989583333 0.46842002688172046 0.535072265625 0.4731243279569893 0.574134765625 0.4731243279569893 0.591712890625 0.4670759408602151 0.5962701822916666 0.4566592741935484 0.5949680989583334 0.44960282258064516 0.583900390625 0.4475866935483871 0.5676243489583334
2 0.4270833333333333 0.5963541666666666 0.41969086021505375 0.5963541666666666 0.41330645161290325 0.5885416666666666 0.41263440860215056 0.56640625 0.41263440860215056 0.55078125 0.4166666666666667 0.5208333333333334 0.41868279569892475 0.3828125 0.41801075268817206 0.3626302083333333 0.41868279569892475 0.3567708333333333 0.4217069892473118 0.3567708333333333 0.42506720430107525 0.373046875 0.43548387096774194 0.4270833333333333 0.43918010752688175 0.4609375 0.43918010752688175 0.537109375 0.4418682795698925 0.5598958333333334 0.4425403225806452 0.5826822916666666 0.43850806451612906 0.59765625
3 0.41196236559139787 0.583984375 0.4069220430107527 0.59375 0.39852150537634407 0.5989583333333334 0.3854166666666667 0.5963541666666666 0.3834005376344086 0.576171875 0.3834005376344086 0.5611979166666666 0.3914650537634409 0.5384114583333334 0.3958333333333333 0.4583333333333333 0.3971774193548387 0.42578125 0.40053763440860213 0.4205729166666667 0.4055779569892473 0.4231770833333333 0.41263440860215056 0.4407552083333333 0.4166666666666667 0.466796875 0.4173387096774194 0.5208333333333334 0.4217069892473118 0.55078125 0.4210349462365591 0.5696614583333334 0.41969086021505375 0.5787760416666666
4 0.3797043010752688 0.5748697916666666 0.36794354838709675 0.5859375 0.3595430107526882 0.5859375 0.3551747311827957 0.572265625 0.3551747311827957 0.5546875 0.3575268817204301 0.5384114583333334 0.3635752688172043 0.51953125 0.365255376344086 0.4609375 0.3706317204301075 0.4166666666666667 0.375 0.4114583333333333 0.3790322580645161 0.4153645833333333 0.3803763440860215 0.4290364583333333 0.38743279569892475 0.5182291666666666 0.3901209677419355 0.5475260416666666 0.3901209677419355 0.5611979166666666 0.384744623655914 0.5709635416666666
5 0.3225806451612903 0.4921875 0.3225806451612903 0.4016927083333333 0.3225806451612903 0.390625 0.3272849462365591 0.390625 0.3286290322580645 0.396484375 0.3317247983870968 0.4168971354166667 0.3320567876344086 0.4316946614583333 0.33471303763440863 0.396953125 0.33736962365591394 0.3815123697916667 0.33969388440860215 0.37250520833333334 0.3443427419354838 0.36671484375 0.3499879032258065 0.37121875 0.35430443548387097 0.37958268229166664 0.3559647177419355 0.393736328125 0.35828931451612905 0.47930338541666667 0.36223118279569894 0.53125 0.36088709677419356 0.5533854166666666 0.3538306451612903 0.5625 0.34408602150537637 0.56640625 0.332997311827957 0.55859375 0.3219086021505376 0.5611979166666666 0.3161962365591398 0.548828125 0.31350806451612906 0.5299479166666666
6 0.27923387096774194 0.4694010416666667 0.28696236559139787 0.42578125 0.29469086021505375 0.3828125 0.2980510752688172 0.369140625 0.30073924731182794 0.361328125 0.3030913978494624 0.3639322916666667 0.3030913978494624 0.3802083333333333 0.30006720430107525 0.4127604166666667 0.2987231182795699 0.4290364583333333 0.2987231182795699 0.4342447916666667 0.2987231182795699 0.439453125 0.3014112903225806 0.4166666666666667 0.3064516129032258 0.3717447916666667 0.31048387096774194 0.365234375 0.31350806451612906 0.3919270833333333 0.31350806451612906 0.439453125 0.31485215053763443 0.4694010416666667 0.3168682795698925 0.501953125 0.31485215053763443 0.515625 0.31216397849462363 0.5221354166666666 0.30443548387096775 0.537109375 0.2980510752688172 0.5358072916666666 0.2896505376344086 0.5260416666666666 0.27788978494623656 0.5260416666666666 0.2752016129032258 0.5123697916666666 0.2728494623655914 0.4993489583333333
7 0.23891129032258066 0.5006510416666666 0.23387096774193547 0.4908854166666667 0.23387096774193547 0.4720052083333333 0.23958333333333334 0.4557291666666667 0.2422715053763441 0.4505208333333333 0.2506720430107527 0.3938802083333333 0.2584005376344086 0.373046875 0.2668010752688172 0.369140625 0.2721774193548387 0.3776041666666667 0.2765456989247312 0.390625 0.2772177419354839 0.41796875 0.2758736559139785 0.4694010416666667 0.2752016129032258 0.498046875 0.2721774193548387 0.5084635416666666 0.25772849462365593 0.5182291666666666
8 0.5073924731182796 0.537109375 0.5124327956989247 0.466796875 0.5171370967741935 0.4290364583333333 0.5208333333333334 0.41796875 0.5241935483870968 0.4192708333333333 0.5285618279569892 0.4420572916666667 0.53125 0.48046875 0.5325940860215054 0.537109375 0.5362903225806451 0.5963541666666666 0.5339381720430108 0.607421875 0.5104166666666666 0.607421875 0.5060483870967742 0.5924479166666666
9 0.5403225806451613 0.5345052083333334 0.5389784946236559 0.466796875 0.5453629032258065 0.4368489583333333 0.5493951612903226 0.4290364583333333 0.5544354838709677 0.439453125 0.5544354838709677 0.4596354166666667 0.5591397849462365 0.5397135416666666 0.563508064516129 0.59375 0.5618279569892473 0.6048177083333334 0.5534274193548387 0.611328125 0.5403225806451613 0.611328125 0.5352822580645161 0.6015625
10 0.5641801075268817 0.5299479166666666 0.5688844086021505 0.4342447916666667 0.5745967741935484 0.3854166666666667 0.5806451612903226 0.369140625 0.582997311827957 0.3717447916666667 0.585013440860215 0.38671875 0.5856854838709677 0.443359375 0.5890456989247311 0.5260416666666666 0.5940860215053764 0.56640625 0.5940860215053764 0.5787760416666666 0.5913978494623656 0.5911458333333334 0.582997311827957 0.6100260416666666 0.5786290322580645 0.611328125 0.5725806451612904 0.607421875 0.563508064516129 0.58984375
11 0.604502688172043 0.583984375 0.5940860215053764 0.583984375 0.5870295698924731 0.5696614583333334 0.5863575268817204 0.5533854166666666 0.5883736559139785 0.5384114583333334 0.5920698924731183 0.52734375 0.5940860215053764 0.4368489583333333 0.5987903225806451 0.4153645833333333 0.602486559139785 0.4127604166666667 0.6065188172043011 0.4205729166666667 0.6071908602150538 0.4290364583333333 0.6122311827956989 0.537109375 0.6219758064516129 0.5696614583333334 0.6213037634408602 0.5859375 0.614247311827957 0.59765625
12 0.6451612903225806 0.5748697916666666 0.6401209677419355 0.583984375 0.6317204301075269 0.583984375 0.6233198924731183 0.5787760416666666 0.6186155913978495 0.5735677083333334 0.614247311827957 0.5546875 0.6135752688172043 0.5397135416666666 0.6155913978494624 0.515625 0.6108870967741935 0.4329427083333333 0.6115591397849462 0.4095052083333333 0.6155913978494624 0.404296875 0.6186155913978495 0.408203125 0.6246639784946236 0.443359375 0.6360887096774194 0.5221354166666666 0.644489247311828 0.5436197916666666 0.646505376344086 0.56640625
13 0.6401209677419355 0.4908854166666667 0.6401209677419355 0.4055989583333333 0.6421370967741935 0.3841145833333333 0.6428091397849462 0.37890625 0.6458333333333334 0.3776041666666667 0.6498655913978495 0.3776041666666667 0.6564761424731183 0.3924498697916667 0.664445564516129 0.4381282552083334 0.6654418682795699 0.4156106770833334 0.6654418682795699 0.40274348958333334 0.6667698252688172 0.3963098958333333 0.6693548387096774 0.3938802083333333 0.6714186827956989 0.3963098958333333 0.6737231182795699 0.404296875 0.6737231182795699 0.4231770833333333 0.6757355510752688 0.4818763020833334 0.6821236559139785 0.5169270833333334 0.6848118279569892 0.5358072916666666 0.6807795698924731 0.5475260416666666 0.6770833333333334 0.5546875 0.6693548387096774 0.5546875 0.6609543010752689 0.5651041666666666 0.6512096774193549 0.5651041666666666 0.6407930107526881 0.5572916666666666 0.6374327956989247 0.5397135416666666
14 0.7106854838709677 0.515625 0.7016129032258065 0.5208333333333334 0.6905241935483871 0.5208333333333334 0.6834677419354839 0.5182291666666666 0.6790994623655914 0.5032552083333334 0.677755376344086 0.4947916666666667 0.677755376344086 0.4609375 0.6790994623655914 0.4479166666666667 0.6764112903225806 0.3880208333333333 0.677755376344086 0.3639322916666667 0.6784274193548387 0.3587239583333333 0.6807795698924731 0.3587239583333333 0.6821236559139785 0.369140625 0.6861559139784946 0.3990885416666667 0.6918682795698925 0.4342447916666667 0.6945564516129032 0.4231770833333333 0.6848118279569892 0.3600260416666667 0.6868279569892473 0.3528645833333333 0.6932123655913979 0.3665364583333333 0.710013440860215 0.4342447916666667 0.7140456989247311 0.453125 0.719758064516129 0.4720052083333333 0.719758064516129 0.4934895833333333 0.7170698924731183 0.5084635416666666
15 0.7184139784946236 0.4518229166666667 0.7190860215053764 0.3717447916666667 0.7237903225806451 0.361328125 0.7281586021505376 0.3600260416666667 0.7321908602150538 0.3639322916666667 0.7379032258064516 0.3815104166666667 0.7503360215053764 0.42578125 0.7567204301075269 0.443359375 0.7600806451612904 0.462890625 0.7573924731182796 0.4759114583333333 0.7516801075268817 0.4830729166666667 0.7463037634408602 0.4830729166666667 0.7328629032258065 0.49609375 0.7261424731182796 0.4934895833333333 0.7211021505376344 0.4856770833333333
16 0.4963037634408602 0.638671875 0.4899193548387097 0.59375 0.49227150537634407 0.5911458333333334 0.5137768817204301 0.5911458333333334 0.5144489247311828 0.603515625 0.5124327956989247 0.6412760416666666 0.5131048387096774 0.7057291666666666 0.5131048387096774 0.7265625 0.5104166666666666 0.734375 0.5067204301075269 0.7317708333333334 0.5040322580645161 0.7194010416666666
17 0.5124327956989247 0.6399739583333334 0.5073924731182796 0.5989583333333334 0.511760752688172 0.5911458333333334 0.5299059139784946 0.5885416666666666 0.5325940860215054 0.5911458333333334 0.5325940860215054 0.5963541666666666 0.5332661290322581 0.6412760416666666 0.5383064516129032 0.7018229166666666 0.5369623655913979 0.7233072916666666 0.5346102150537635 0.7291666666666666 0.53125 0.7291666666666666 0.5248655913978495 0.720703125
18 0.5383064516129032 0.6516927083333334 0.5346102150537635 0.6236979166666666 0.5369623655913979 0.6100260416666666 0.5403225806451613 0.603515625 0.5487231182795699 0.6002604166666666 0.5564516129032258 0.6002604166666666 0.5604838709677419 0.607421875 0.5618279569892473 0.6165364583333334 0.5604838709677419 0.6588541666666666 0.5648521505376344 0.7076822916666666 0.5675403225806451 0.751953125 0.5682123655913979 0.7721354166666666 0.5655241935483871 0.7779947916666666 0.5611559139784946 0.7760416666666666 0.550739247311828 0.7584635416666666
19 0.5668682795698925 0.6490885416666666 0.5598118279569892 0.62109375 0.5618279569892473 0.6087239583333334 0.5682123655913979 0.59765625 0.5759408602150538 0.5911458333333334 0.5883736559139785 0.5989583333333334 0.5913978494623656 0.6100260416666666 0.5913978494623656 0.619140625 0.5883736559139785 0.6477864583333334 0.5913978494623656 0.7291666666666666 0.594758064516129 0.73828125 0.594758064516129 0.7454427083333334 0.5890456989247311 0.7454427083333334 0.5772849462365591 0.7265625
20 0.5955023521505376 0.6370032552083333 0.5870295698924731 0.607421875 0.5870295698924731 0.5911458333333334 0.592741935483871 0.5826822916666666 0.5981182795698925 0.5813802083333334 0.6078629032258065 0.5774739583333334 0.6129032258064516 0.5774739583333334 0.6169354838709677 0.5859375 0.6179435483870968 0.5950520833333334 0.6179435483870968 0.6087239583333334 0.6178326612903227 0.63412109375 0.6206317204301075 0.69921875 0.623991935483871 0.734375 0.6206317204301075 0.73828125 0.6102150537634409 0.720703125
21 0.6246639784946236 0.6236979166666666 0.6108870967741935 0.58984375 0.6102150537634409 0.5735677083333334 0.6135752688172043 0.568359375 0.6226478494623656 0.568359375 0.6317204301075269 0.572265625 0.6478494623655914 0.55859375 0.6555779569892473 0.5559895833333334 0.6609543010752689 0.5638020833333334 0.6639784946236559 0.5813802083333334 0.6602822580645161 0.607421875 0.6764112903225806 0.6751302083333334 0.6821236559139785 0.708984375 0.6807795698924731 0.7141927083333334 0.675739247311828 0.7141927083333334 0.6737231182795699 0.712890625 0.6575940860215054 0.66015625 0.6485215053763441 0.642578125 0.6471774193548387 0.650390625 0.6471774193548387 0.6705729166666666 0.6498655913978495 0.6940104166666666 0.6569220430107527 0.7220052083333334 0.6542338709677419 0.7252604166666666 0.646505376344086 0.716796875 0.6360887096774194 0.6940104166666666
22 0.6743951612903226 0.607421875 0.6569220430107527 0.5709635416666666 0.6569220430107527 0.5572916666666666 0.6639784946236559 0.548828125 0.668010752688172 0.5475260416666666 0.677755376344086 0.5423177083333334 0.6905241935483871 0.52734375 0.6959005376344086 0.5260416666666666 0.7009408602150538 0.52734375 0.7063172043010753 0.537109375 0.7113575268817204 0.5533854166666666 0.7120295698924731 0.576171875 0.7254704301075269 0.6477864583333334 0.7281586021505376 0.6614583333333334 0.727486559139785 0.6666666666666666 0.7217741935483871 0.6666666666666666 0.7113575268817204 0.6412760416666666 0.6995967741935484 0.6100260416666666 0.6989247311827957 0.62890625 0.7147177419354839 0.66796875 0.7217741935483871 0.6790364583333334 0.719758064516129 0.6829427083333334 0.7140456989247311 0.6842447916666666 0.6932123655913979 0.65625
23 0.719758064516129 0.56640625 0.7043010752688172 0.544921875 0.7043010752688172 0.5286458333333334 0.7063172043010753 0.5182291666666666 0.7093413978494624 0.5123697916666666 0.719758064516129 0.5032552083333334 0.7224462365591398 0.501953125 0.7321908602150538 0.5032552083333334 0.7419354838709677 0.4895833333333333 0.748991935483871 0.48828125 0.7547043010752689 0.49609375 0.7567204301075269 0.5110677083333334 0.7567204301075269 0.5384114583333334 0.7624327956989247 0.59375 0.7624327956989247 0.615234375 0.758736559139785 0.62890625 0.7533602150537635 0.6315104166666666 0.7419354838709677 0.6263020833333334 0.7288306451612904 0.6126302083333334
24 0.4781586021505376 0.6477864583333334 0.47681451612903225 0.603515625 0.49764784946236557 0.603515625 0.4956317204301075 0.62890625 0.49227150537634407 0.65625 0.4899193548387097 0.69921875 0.4838709677419355 0.7265625 0.479502688172043 0.7278645833333334 0.47614247311827956 0.7278645833333334 0.4754704301075269 0.7180989583333334
25 0.4536290322580645 0.6451822916666666 0.4522849462365591 0.6061197916666666 0.4522849462365591 0.5989583333333334 0.4573252688172043 0.5963541666666666 0.4741263440860215 0.6002604166666666 0.47614247311827956 0.6048177083333334 0.47681451612903225 0.611328125 0.47110215053763443 0.6477864583333334 0.46841397849462363 0.7102864583333334 0.4643817204301075 0.720703125 0.46068548387096775 0.7233072916666666 0.45598118279569894 0.7220052083333334
26 0.4237231182795699 0.642578125 0.42573924731182794 0.607421875 0.42943548387096775 0.5989583333333334 0.4411962365591398 0.5963541666666666 0.448252688172043 0.5989583333333334 0.45161290322580644 0.6048177083333334 0.4522849462365591 0.6126302083333334 0.448252688172043 0.650390625 0.4475806451612903 0.677734375 0.4425403225806452 0.7154947916666666 0.4334677419354839 0.755859375 0.4237231182795699 0.76953125 0.41868279569892475 0.76953125 0.41801075268817206 0.7643229166666666 0.4230510752688172 0.7428385416666666
27 0.3958333333333333 0.6529947916666666 0.3924731182795699 0.611328125 0.39448924731182794 0.6061197916666666 0.4055779569892473 0.5924479166666666 0.41196236559139787 0.5924479166666666 0.4166666666666667 0.59765625 0.4223790322580645 0.6087239583333334 0.4237231182795699 0.615234375 0.4237231182795699 0.62109375 0.41969086021505375 0.6341145833333334 0.41801075268817206 0.642578125 0.4173387096774194 0.673828125 0.41397849462365593 0.712890625 0.40288978494623656 0.734375 0.3951612903225806 0.748046875 0.3914650537634409 0.7506510416666666 0.3887768817204301 0.7454427083333334 0.39448924731182794 0.7233072916666666 0.3978494623655914 0.7057291666666666
28 0.365255376344086 0.6315104166666666 0.3629032258064516 0.5963541666666666 0.36928763440860213 0.5859375 0.37836021505376344 0.5872395833333334 0.38810483870967744 0.583984375 0.39448924731182794 0.5859375 0.3958333333333333 0.5924479166666666 0.3958333333333333 0.6015625 0.3958333333333333 0.6100260416666666 0.3914650537634409 0.6263020833333334 0.38743279569892475 0.6399739583333334 0.3803763440860215 0.7044270833333334 0.3713037634408602 0.7265625 0.365255376344086 0.7278645833333334 0.36223118279569894 0.716796875
29 0.32123655913978494 0.6100260416666666 0.31888440860215056 0.5696614583333334 0.32056451612903225 0.5598958333333334 0.32594086021505375 0.5559895833333334 0.3316532258064516 0.5559895833333334 0.34274193548387094 0.5546875 0.3497983870967742 0.5611979166666666 0.354502688172043 0.5709635416666666 0.3665994623655914 0.5709635416666666 0.3713037634408602 0.5774739583333334 0.3713037634408602 0.5872395833333334 0.3713037634408602 0.59375 0.36928763440860213 0.6015625 0.3575268817204301 0.62890625 0.3497983870967742 0.6790364583333334 0.3387096774193548 0.7102864583333334 0.3279569892473118 0.7233072916666666 0.3239247311827957 0.7233072916666666 0.3219086021505376 0.7154947916666666 0.332997311827957 0.6868489583333334 0.3370295698924731 0.6627604166666666 0.3370295698924731 0.642578125 0.3316532258064516 0.6477864583333334 0.31888440860215056 0.6829427083333334 0.30913978494623656 0.7044270833333334 0.3057795698924731 0.7102864583333334 0.3024193548387097 0.6966145833333334
30 0.2708333333333333 0.5787760416666666 0.2765456989247312 0.5423177083333334 0.2825940860215054 0.5286458333333334 0.28897849462365593 0.5286458333333334 0.29401881720430106 0.5286458333333334 0.30913978494623656 0.548828125 0.3161962365591398 0.548828125 0.31955645161290325 0.5546875 0.323252688172043 0.5709635416666666 0.323252688172043 0.580078125 0.3077956989247312 0.603515625 0.2967069892473118 0.6490885416666666 0.2758736559139785 0.685546875 0.26310483870967744 0.6966145833333334 0.259744623655914 0.6953125 0.2590725806451613 0.685546875 0.271505376344086 0.6477864583333334 0.26310483870967744 0.66796875 0.2547043010752688 0.677734375 0.25201612903225806 0.6692708333333334 0.2590725806451613 0.6529947916666666
31 0.21908602150537634 0.5813802083333334 0.21975806451612903 0.5345052083333334 0.2241263440860215 0.5247395833333334 0.229502688172043 0.5182291666666666 0.24630376344086022 0.5286458333333334 0.26176075268817206 0.5247395833333334 0.2708333333333333 0.5384114583333334 0.2728494623655914 0.5533854166666666 0.2604166666666667 0.59375 0.25772849462365593 0.6328125 0.2493279569892473 0.6529947916666666 0.2422715053763441 0.6666666666666666 0.2325268817204301 0.6692708333333334 0.2234543010752688 0.650390625
