0 0.4778225806451613 0.486328125 0.48219086021505375 0.4010416666666667 0.48655913978494625 0.3645833333333333 0.49260752688172044 0.3587239583333333 0.49831989247311825 0.3645833333333333 0.49966397849462363 0.4876302083333333 0.5013440860215054 0.533203125 0.5020161290322581 0.5546875 0.4852150537634409 0.5546875 0.4801747311827957 0.5546875 0.47647849462365593 0.5455729166666666 0.4747983870967742 0.5247395833333334
1 0.44926075268817206 0.4778645833333333 0.4543010752688172 0.3645833333333333 0.4536290322580645 0.3444010416666667 0.4586693548387097 0.3444010416666667 0.4647177419354839 0.3684895833333333 0.47043010752688175 0.486328125 0.4734543010752688 0.5260416666666666 0.47211021505376344 0.5475260416666666 0.45598118279569894 0.5501302083333334 0.45094086021505375 0.5455729166666666 0.44556451612903225 0.5319010416666666 0.44489247311827956 0.505859375
2 0.4206989247311828 0.3841145833333333 0.4223790322580645 0.3333333333333333 0.4223790322580645 0.3203125 0.42573924731182794 0.314453125 0.43111559139784944 0.314453125 0.43548387096774194 0.341796875 0.4428763440860215 0.4720052083333333 0.44489247311827956 0.5045572916666666 0.43918010752688175 0.5345052083333334 0.42573924731182794 0.5455729166666666 0.4206989247311828 0.5345052083333334 0.4163306451612903 0.5149739583333334 0.4163306451612903 0.4837239583333333 0.4206989247311828 0.4609375
3 0.39885752688172044 0.43359375 0.4002016129032258 0.3756510416666667 0.4032258064516129 0.3600260416666667 0.4075940860215054 0.3430989583333333 0.4106182795698925 0.3444010416666667 0.41935483870967744 0.4029947916666667 0.4237231182795699 0.455078125 0.426747311827957 0.4752604166666667 0.426747311827957 0.5032552083333334 0.4200268817204301 0.5091145833333334 0.41801075268817206 0.5234375 0.40826612903225806 0.537109375 0.40389784946236557 0.5403645833333334 0.39818548387096775 0.533203125 0.39448924731182794 0.51171875 0.3958333333333333 0.4876302083333333
4 0.37331989247311825 0.4720052083333333 0.37533602150537637 0.3899739583333333 0.37701612903225806 0.3528645833333333 0.3797043010752688 0.3444010416666667 0.385752688172043 0.34765625 0.38844086021505375 0.3717447916666667 0.396505376344086 0.4576822916666667 0.4018817204301075 0.49609375 0.4018817204301075 0.5149739583333334 0.3951612903225806 0.5286458333333334 0.3901209677419355 0.5345052083333334 0.38138440860215056 0.537109375 0.37768817204301075 0.5345052083333334 0.37399193548387094 0.52734375 0.3709677419354839 0.5149739583333334
5 0.3299731182795699 0.44921875 0.33736559139784944 0.3671875 0.3397177419354839 0.3359375 0.3424059139784946 0.3274739583333333 0.34475806451612906 0.3333333333333333 0.34610215053763443 0.3528645833333333 0.34600436827956993 0.4110377604166667 0.3468266129032258 0.4245703125 0.3504704301075269 0.4296875 0.3504704301075269 0.4010416666666667 0.3504704301075269 0.373046875 0.3504704301075269 0.3645833333333333 0.3504704301075269 0.3372395833333333 0.353494623655914 0.330078125 0.35651881720430106 0.3359375 0.36223118279569894 0.3697916666666667 0.365255376344086 0.4466145833333333 0.3696236559139785 0.4908854166666667 0.36727150537634407 0.5234375 0.3592069892473118 0.533203125 0.34543010752688175 0.5234375 0.3397177419354839 0.5286458333333334 0.332997311827957 0.5260416666666666 0.3262768817204301 0.5091145833333334 0.32426075268817206 0.4837239583333333 0.3299731182795699 0.451171875
6 0.28835987903225807 0.508306640625 0.28141263440860215 0.5054244791666667 0.2784354838709677 0.47660156249999996 0.2812923387096774 0.44689908854166666 0.2856606182795699 0.42736783854166666 0.2873407258064516 0.39481575520833334 0.2863326612903226 0.35510221354166666 0.2863326612903226 0.32645638020833334 0.28868481182795697 0.32059700520833334 0.2917090053763441 0.32645638020833334 0.2974213709677419 0.35184700520833334 0.300445564516129 0.38895638020833334 0.3024616935483871 0.40458138020833334 0.3061579301075269 0.403279296875 0.3061579301075269 0.37333138020833334 0.3061579301075269 0.346638671875 0.30918212365591397 0.331013671875 0.3128783602150538 0.33231575520833334 0.3172466397849462 0.35184700520833334 0.320942876344086 0.39481575520833334 0.3192627688172043 0.43127408854166666 0.3229590053763441 0.46122200520833334 0.32027083333333334 0.49377408854166666 0.3172466397849462 0.5080970052083333 0.31052620967741934 0.5152584635416667 0.3031337365591398 0.5080970052083333 0.2967493279569892 0.504841796875
8 0.5063844086021505 0.4876302083333333 0.5114247311827957 0.3756510416666667 0.5168010752688172 0.3587239583333333 0.5218413978494624 0.3587239583333333 0.5282258064516129 0.3815104166666667 0.53125 0.4850260416666667 0.5336021505376344 0.5305989583333334 0.5292338709677419 0.5572916666666666 0.508736559139785 0.5546875 0.5050403225806451 0.5416666666666666 0.5057123655913979 0.517578125 0.5054613575268817 0.500990234375
9 0.539986559139785 0.4837239583333333 0.5416666666666666 0.4153645833333333 0.5436827956989247 0.3854166666666667 0.5460349462365591 0.3684895833333333 0.5487231182795699 0.3684895833333333 0.5540994623655914 0.3841145833333333 0.5584677419354839 0.4850260416666667 0.5611559139784946 0.51171875 0.5611559139784946 0.5345052083333334 0.5567876344086021 0.5501302083333334 0.5443548387096774 0.5546875 0.5393145161290323 0.552734375 0.5356182795698925 0.5358072916666666 0.5362903225806451 0.5091145833333334
10 0.5641801075268817 0.4733072916666667 0.5729166666666666 0.373046875 0.5803091397849462 0.3359375 0.5860215053763441 0.3274739583333333 0.5890456989247311 0.3359375 0.5897177419354839 0.392578125 0.5890456989247311 0.4680989583333333 0.5920698924731183 0.4921875 0.5907258064516129 0.5149739583333334 0.5860215053763441 0.5455729166666666 0.5816532258064516 0.5546875 0.5715725806451613 0.5455729166666666 0.5655241935483871 0.5345052083333334 0.5621639784946236 0.5091145833333334 0.5641801075268817 0.4752604166666667
11 0.5913978494623656 0.361328125 0.5950940860215054 0.345703125 0.5977822580645161 0.345703125 0.6031586021505376 0.3600260416666667 0.6118951612903226 0.4576822916666667 0.6145833333333334 0.4694010416666667 0.6182795698924731 0.4947916666666667 0.6182795698924731 0.517578125 0.6155913978494624 0.537109375 0.6095430107526881 0.5455729166666666 0.6021505376344086 0.5403645833333334 0.5957661290322581 0.5201822916666666 0.5913978494623656 0.5188802083333334 0.5877016129032258 0.5149739583333334 0.5853494623655914 0.4889322916666667 0.5899952956989247 0.4639908854166667
12 0.613239247311828 0.4466145833333333 0.6108870967741935 0.3828125 0.6125672043010753 0.361328125 0.6176075268817204 0.357421875 0.625 0.3697916666666667 0.6313844086021505 0.4453125 0.6344086021505376 0.48046875 0.6418010752688172 0.5091145833333334 0.6431451612903226 0.5286458333333334 0.6404569892473119 0.537109375 0.6300403225806451 0.5403645833333334 0.6219758064516129 0.5416666666666666 0.6182795698924731 0.5319010416666666 0.613239247311828 0.51171875 0.6125672043010753 0.4778645833333333
13 0.6384512768817204 0.456794921875 0.6359697580645162 0.433736328125 0.636466061827957 0.4164427083333333 0.6411290322580645 0.403923828125 0.6424731182795699 0.372673828125 0.6485215053763441 0.35053841145833337 0.6535618279569892 0.3362154947916667 0.6579301075268817 0.3244967447916667 0.6636424731182796 0.3264498697916667 0.668010752688172 0.343376953125 0.668010752688172 0.4084811197916667 0.6710349462365591 0.45405403645833337 0.6740591397849462 0.482048828125 0.6797715053763441 0.5119967447916667 0.676747311827957 0.5399915364583333 0.6696908602150538 0.550408203125 0.6636424731182796 0.548455078125 0.6609543010752689 0.5517102864583333 0.6535618279569892 0.5575696614583333 0.6438172043010753 0.5471529947916667 0.6404569892473119 0.5334811197916667 0.6374586693548387 0.5067545572916666 0.6369623655913978 0.4798528645833333
14 0.6760752688172043 0.455810546875 0.6747311827956989 0.408935546875 0.6784274193548387 0.3633626302083333 0.6814516129032258 0.358154296875 0.6852883064516129 0.358109375 0.6872997311827957 0.37693229166666664 0.6886407930107526 0.39445703125 0.6893111559139784 0.4080872395833333 0.6909872311827957 0.4152265625 0.6922043010752689 0.4102376302083333 0.6908602150537635 0.3763834635416667 0.6928763440860215 0.3633626302083333 0.6950100806451612 0.3555130208333333 0.7013797043010753 0.3626529947916666 0.706989247311828 0.4115397135416667 0.7096774193548387 0.4388834635416667 0.7163978494623656 0.4629720052083333 0.7170698924731183 0.4857584635416667 0.7143817204301075 0.5039876302083334 0.7026209677419355 0.5039876302083334 0.6938844086021505 0.5137532552083334 0.686491935483871 0.5170084635416666 0.6797715053763441 0.5052897135416666 0.6761646505376344 0.4750494791666667
15 0.7127016129032258 0.4069010416666667 0.7143817204301075 0.3561197916666667 0.7163978494623656 0.3287760416666667 0.7214381720430108 0.3248697916666667 0.7301747311827957 0.3372395833333333 0.741263440860215 0.4029947916666667 0.7456317204301075 0.4225260416666667 0.7473118279569892 0.4479166666666667 0.741263440860215 0.4635416666666667 0.7331989247311828 0.4733072916666667 0.7237903225806451 0.470703125 0.71875 0.4635416666666667 0.7133736559139785 0.4453125 0.7113968413978495 0.43181445312500005
16 0.5084398521505377 0.5990494791666666 0.5100806451612904 0.5657552083333334 0.5113027553763441 0.5574778645833333 0.5179828629032258 0.5593255208333333 0.5237086693548387 0.5620970052083333 0.5275537634408602 0.568359375 0.5231854838709677 0.599609375 0.5218413978494624 0.6334635416666666 0.519489247311828 0.66796875 0.5181451612903226 0.6848958333333334 0.5151209677419355 0.6875 0.5100806451612904 0.6790364583333334 0.5070564516129032 0.6608072916666666 0.5079627016129031 0.630458984375
17 0.5255376344086021 0.548828125 0.5362903225806451 0.5455729166666666 0.5423387096774194 0.548828125 0.5443548387096774 0.5546875 0.5450268817204301 0.5696614583333334 0.5423387096774194 0.5970052083333334 0.5423387096774194 0.6282552083333334 0.5423387096774194 0.6451822916666666 0.5436827956989247 0.6666666666666666 0.5423387096774194 0.6822916666666666 0.5393145161290323 0.6959635416666666 0.5386424731182796 0.69921875 0.5362903225806451 0.69921875 0.53125 0.6822916666666666 0.5280389784946237 0.640892578125 0.524565188172043 0.5784427083333333
18 0.5467069892473119 0.6126302083333334 0.5450268817204301 0.583984375 0.5497311827956989 0.5670572916666666 0.5554435483870968 0.5572916666666666 0.5641801075268817 0.5611979166666666 0.5692204301075269 0.568359375 0.5709005376344086 0.5872395833333334 0.5685483870967742 0.6067708333333334 0.5678763440860215 0.6393229166666666 0.572244623655914 0.6888020833333334 0.5766129032258065 0.7317708333333334 0.5772849462365591 0.7389322916666666 0.5745967741935484 0.744140625 0.5685483870967742 0.7415364583333334 0.5614028897849462 0.7219166666666667 0.5547227822580645 0.6877356770833334 0.5497311827956989 0.6510416666666666
19 0.5729166666666666 0.6080729166666666 0.5709005376344086 0.5813802083333334 0.5745967741935484 0.5657552083333334 0.5796370967741935 0.5631510416666666 0.584005376344086 0.5546875 0.5897177419354839 0.5559895833333334 0.5934139784946236 0.5657552083333334 0.5964381720430108 0.5911458333333334 0.5964381720430108 0.6165364583333334 0.5950940860215054 0.6647135416666666 0.5940860215053764 0.6959635416666666 0.5964381720430108 0.7076822916666666 0.5934139784946236 0.71484375 0.5877016129032258 0.7102864583333334 0.5789650537634409 0.6907552083333334 0.5729166666666666 0.6490885416666666 0.5735887096774194 0.611328125
22 0.6814516129032258 0.615234375 0.665247311827957 0.5845768229166667 0.662827620967742 0.5710006510416666 0.6636424731182796 0.5559895833333334 0.6769075940860215 0.5482838541666667 0.6871639784946236 0.52734375 0.694675067204301 0.5210234375 0.6997036290322581 0.5197252604166667 0.7039650537634409 0.5234375 0.7096774193548387 0.5455729166666666 0.7150537634408602 0.580078125 0.729502688172043 0.6354166666666666 0.7348790322580645 0.6731770833333334 0.7331989247311828 0.677734375 0.7258064516129032 0.6705729166666666 0.7136680107526883 0.6368893229166667 0.7026209677419355 0.599609375 0.6989247311827957 0.599609375 0.6989247311827957 0.611328125 0.7032930107526881 0.6295572916666666 0.7133736559139785 0.658203125 0.7163978494623656 0.6764322916666666 0.7163978494623656 0.6861979166666666 0.706989247311828 0.68359375 0.6965725806451613 0.6634114583333334 0.6878360215053764 0.63671875
23 0.71875 0.5621334635416667 0.7118931451612903 0.5490279947916666 0.7079233870967743 0.53365625 0.7059385080645162 0.5125188802083334 0.7089156586021506 0.5019505208333334 0.7213215725806451 0.4952252604166667 0.727486559139785 0.5022376302083333 0.7318548387096774 0.48791471354166666 0.7375672043010753 0.479451171875 0.7436155913978495 0.479451171875 0.7516801075268817 0.48986783854166666 0.7560483870967742 0.5139563802083333 0.7573924731182796 0.5334876302083333 0.7641129032258065 0.567341796875 0.7684811827956989 0.5959876302083333 0.7691532258064516 0.6174720052083333 0.7661290322580645 0.6187740885416667 0.758736559139785 0.598591796875 0.75 0.5803626302083333 0.7456317204301075 0.5758053385416667 0.7399193548387096 0.5758053385416667 0.7456317204301075 0.5972897135416667 0.7553763440860215 0.6187740885416667 0.7580645161290323 0.6272376302083333 0.7560483870967742 0.6324459635416667 0.7442876344086021 0.6285397135416667 0.7288306451612904 0.5972897135416667 0.7242987231182796 0.576890625
24 0.49181418010752687 0.5813248697916666 0.4895833333333333 0.552734375 0.50025 0.551541015625 0.5100806451612904 0.5501302083333334 0.5076935483870968 0.596697265625 0.5063844086021505 0.62109375 0.5026881720430108 0.6647135416666666 0.49831989247311825 0.6861979166666666 0.4952956989247312 0.69921875 0.4932795698924731 0.69921875 0.490255376344086 0.6907552083333334 0.4932795698924731 0.658203125 0.49181418010752687 0.6216770833333333
25 0.4727103494623656 0.5999485677083333 0.47211021505376344 0.5729166666666666 0.47211021505376344 0.5546875 0.4808467741935484 0.5475260416666666 0.48823924731182794 0.5455729166666666 0.490255376344086 0.5455729166666666 0.4915994623655914 0.552734375 0.49260752688172044 0.568359375 0.4895833333333333 0.5944010416666666 0.4895833333333333 0.6334635416666666 0.48219086021505375 0.6822916666666666 0.4778225806451613 0.69921875 0.47580645161290325 0.7018229166666666 0.4734543010752688 0.697265625 0.4727822580645161 0.6875 0.4747983870967742 0.6536458333333334
26 0.4479166666666667 0.598591796875 0.44489247311827956 0.5777584635416667 0.447244623655914 0.5549720052083333 0.4586693548387097 0.5445553385416667 0.46774193548387094 0.551716796875 0.47143817204301075 0.5621334635416667 0.46975806451612906 0.5875240885416667 0.46908602150537637 0.5959876302083333 0.46774193548387094 0.6467688802083333 0.4633736559139785 0.702107421875 0.4543010752688172 0.733357421875 0.44993279569892475 0.739216796875 0.447244623655914 0.7379147135416666 0.447244623655914 0.723591796875 0.44993279569892475 0.696248046875 0.44993279569892475 0.661091796875 0.44993279569892475 0.620076171875
27 0.4178760080645161 0.6793229166666667 0.4193645833333333 0.63128515625 0.4198608870967742 0.6091875 0.41801075268817206 0.5911458333333334 0.42035719086021506 0.5669134114583333 0.426747311827957 0.5514322916666666 0.4375 0.5455729166666666 0.4435483870967742 0.5611979166666666 0.44556451612903225 0.5768229166666666 0.4442204301075269 0.60546875 0.4411962365591398 0.6334635416666666 0.4324596774193548 0.7044270833333334 0.4274193548387097 0.712890625 0.4198608870967742 0.7148717447916666
29 0.34038978494623656 0.6282552083333334 0.34038978494623656 0.5872395833333334 0.3430779569892473 0.564453125 0.3497983870967742 0.5572916666666666 0.353494623655914 0.55859375 0.36088709677419356 0.5501302083333334 0.3696236559139785 0.54296875 0.37600806451612906 0.5559895833333334 0.37836021505376344 0.5598958333333334 0.3840725806451613 0.5598958333333334 0.3870967741935484 0.5657552083333334 0.3870967741935484 0.6028645833333334 0.38611727150537634 0.63128515625 0.38272849462365593 0.6647135416666666 0.37718514784946233 0.706224609375 0.3696236559139785 0.7220052083333334 0.3635752688172043 0.7220052083333334 0.36155913978494625 0.708984375 0.3642832661290322 0.6812447916666667 0.3642832661290322 0.6706764322916667 0.36155913978494625 0.6477864583333334 0.3521505376344086 0.65625 0.34475806451612906 0.6848958333333334 0.33736559139784944 0.7076822916666666 0.3316532258064516 0.7174479166666666 0.3286290322580645 0.7174479166666666 0.3269489247311828 0.7174479166666666 0.32560483870967744 0.7044270833333334 0.332997311827957 0.6595052083333334 0.34038978494623656 0.630859375
30 0.2950268817204301 0.5944010416666666 0.2933467741935484 0.5572916666666666 0.2950268817204301 0.537109375 0.30006720430107525 0.5286458333333334 0.3094758064516129 0.5201822916666666 0.3192204301075269 0.5260416666666666 0.32426075268817206 0.537109375 0.3336693548387097 0.533203125 0.34106182795698925 0.5345052083333334 0.34475806451612906 0.5390625 0.34543010752688175 0.5501302083333334 0.34475806451612906 0.5729166666666666 0.3343413978494624 0.6041666666666666 0.3316532258064516 0.630859375 0.3269489247311828 0.658203125 0.3155241935483871 0.68359375 0.3088037634408602 0.7005208333333334 0.3030913978494624 0.7044270833333334 0.30006720430107525 0.7076822916666666 0.30073924731182794 0.693359375 0.309434811827957 0.6690774739583333 0.3142063172043011 0.64690625 0.3175403225806452 0.6165364583333334 0.3155241935483871 0.6041666666666666 0.3118279569892473 0.60546875 0.30376344086021506 0.6282552083333334 0.29939516129032256 0.6608072916666666 0.292002688172043 0.69921875 0.28696236559139787 0.7063802083333334 0.2825940860215054 0.6959635416666666 0.28461021505376344 0.662109375 0.2950268817204301 0.5970052083333334
31 0.2910577956989247 0.5456022135416666 0.29075772849462367 0.5255559895833334 0.28603125 0.5113131510416666 0.27657762096774197 0.50419140625 0.25858602150537635 0.5159928385416667 0.2446915322580645 0.5159928385416667 0.2345625 0.5245390625 0.22484240591397847 0.5380904947916666 0.21513071236559142 0.5591295572916667 0.22236122311827955 0.5630703125 0.23228595430107526 0.5592272135416666 0.24270665322580645 0.5573059895833333 0.23079737903225805 0.5697955729166667 0.22236122311827955 0.5774817708333333 0.21541397849462365 0.5909329427083333 0.22285752688172045 0.6043834635416666 0.2357597446236559 0.6015013020833333 0.2592463037634409 0.607962890625 0.2818296370967742 0.6140670572916667 0.290841061827957 0.6015013020833333 0.29580342741935484 0.5890110677083333 0.2893524865591398 0.5649921875
