0 0.5020161290322581 0.3821614583333333 0.5053450940860215 0.3893125 0.5057123655913979 0.3997395833333333 0.5067204301075269 0.4322916666666667 0.5016801075268817 0.5026041666666666 0.4986559139784946 0.5501302083333334 0.4952956989247312 0.564453125 0.47211021505376344 0.5625 0.4637096774193548 0.5579427083333334 0.4657258064516129 0.513671875 0.4801747311827957 0.4361979166666667 0.4915994623655914 0.3880208333333333 0.49663978494623656 0.3782552083333333
1 0.4459005376344086 0.3821614583333333 0.4480359543010753 0.39312174479166667 0.46135752688172044 0.4583333333333333 0.4674059139784946 0.5266927083333334 0.46538978494623656 0.5559895833333334 0.46068548387096775 0.568359375 0.4512768817204301 0.5716145833333334 0.4459005376344086 0.5716145833333334 0.43985215053763443 0.5540364583333334 0.43649193548387094 0.48828125 0.4327956989247312 0.4296875 0.432309811827957 0.39388346354166665 0.4342755376344086 0.380931640625 0.4401730510752688 0.3755989583333333
2 0.40439852150537636 0.30295572916666663 0.406361559139785 0.30931705729166664 0.4141431451612903 0.4474869791666667 0.4205151209677419 0.5142584635416666 0.41615927419354837 0.5360286458333333 0.40540658602150537 0.5614192708333333 0.3986861559139785 0.5659765625000001 0.3879334677419355 0.5236588541666667 0.38625336021505374 0.4741796875 0.38927755376344086 0.3635026041666667 0.39181485215053763 0.316935546875 0.3949603494623656 0.30550716145833334 0.3996780913978495 0.30093619791666665
3 0.3737298387096774 0.319220703125 0.3772681451612903 0.32607747395833336 0.3842943548387097 0.390625 0.3963911290322581 0.4661458333333333 0.3967271505376344 0.4837239583333333 0.39370295698924734 0.4967447916666667 0.3873185483870968 0.5078125 0.38227822580645165 0.51953125 0.3742137096774194 0.5305989583333334 0.3644690860215054 0.5299479166666666 0.35573252688172047 0.5078125 0.35875672043010753 0.4342447916666667 0.3614448924731183 0.3723958333333333 0.36429401881720425 0.33293424479166667 0.36901209677419355 0.31998307291666667
4 0.34453091397849467 0.36474218750000004 0.3480692204301075 0.373123046875 0.3484623655913978 0.40893033854166666 0.342565188172043 0.48892643229166666 0.3407258064516129 0.5305989583333334 0.3377016129032258 0.5397135416666666 0.33030913978494625 0.5462239583333334 0.3239247311827957 0.5520833333333334 0.3172043010752688 0.5494791666666666 0.3088037634408602 0.5305989583333334 0.31216397849462363 0.5065104166666666 0.33131720430107525 0.412109375 0.3377016129032258 0.3802083333333333 0.34106182795698925 0.3678385416666667
5 0.30441599462365593 0.3142688802083333 0.3118279569892473 0.3626302083333333 0.32526881720430106 0.4205729166666667 0.3346774193548387 0.4576822916666667 0.3239247311827957 0.4986979166666667 0.3118279569892473 0.5026041666666666 0.29838709677419356 0.4947916666666667 0.2913306451612903 0.5006510416666666 0.2805779569892473 0.4921875 0.2784677419354839 0.47578385416666663 0.2812197580645161 0.4430240885416667 0.28161290322580645 0.4285481770833333 0.27296370967741934 0.3973118489583333 0.2717842741935484 0.37902734375 0.27453629032258065 0.3668372395833333 0.27768145161290325 0.36607552083333333 0.28908299731182796 0.38816992187500005 0.2902624327956989 0.36226627604166667 0.2882967069892473 0.33026822916666665 0.28711727150537636 0.31503059895833335 0.2902624327956989 0.30893554687499997 0.2953733198924731 0.306650390625
6 0.25 0.32421875 0.2594086021505376 0.3626302083333333 0.27486559139784944 0.4186197916666667 0.2799059139784946 0.4420572916666667 0.27956989247311825 0.4602864583333333 0.270497311827957 0.4778645833333333 0.2651209677419355 0.4876302083333333 0.24899193548387097 0.474609375 0.24361559139784947 0.4765625 0.23655913978494625 0.4680989583333333 0.2328618951612903 0.45521354166666667 0.2325268817204301 0.423828125 0.2328618951612903 0.3927408854166667 0.22748655913978494 0.3795572916666667 0.22037096774193546 0.3601712239583333 0.21706989247311828 0.33984375 0.21774193548387097 0.3255208333333333 0.2207641129032258 0.30379296875 0.22390961021505376 0.30226953125 0.22744791666666667 0.30760286458333336 0.23420698924731181 0.34375 0.2349176747311828 0.31293554687499997 0.23609744623655912 0.30455533854166666 0.23924260752688173 0.30379296875 0.2423877688172043 0.30303125000000003
8 0.5455554435483871 0.403216796875 0.5498800403225806 0.41388281250000003 0.5510594758064516 0.42073958333333333 0.5504032258064516 0.4361979166666667 0.5356182795698925 0.509765625 0.5285618279569892 0.5598958333333334 0.5285618279569892 0.5787760416666666 0.520497311827957 0.59375 0.5006720430107527 0.5787760416666666 0.4932795698924731 0.5638020833333334 0.4952315188172043 0.5449231770833333 0.5011290322580645 0.5053059895833333 0.5105648521505376 0.4900690104166667 0.5164650537634409 0.4654947916666667 0.538085685483871 0.403216796875 0.540994623655914 0.3997395833333333
9 0.5917338709677419 0.3880208333333333 0.5816532258064516 0.4622395833333333 0.572244623655914 0.5377604166666666 0.5682123655913979 0.5625 0.5628360215053764 0.5703125 0.5490591397849462 0.568359375 0.5403225806451613 0.5546875 0.5387819220430108 0.5401614583333333 0.5423202284946236 0.522638671875 0.5625 0.4485677083333333 0.5769489247311828 0.4036458333333333 0.58478125 0.377884765625 0.5902852822580645 0.3763606770833334
10 0.6236559139784946 0.3157552083333333 0.6292076612903226 0.3359817708333333 0.6311733870967742 0.36264713541666665 0.6280241935483871 0.4739583333333333 0.6246639784946236 0.5416666666666666 0.6192876344086021 0.560546875 0.6112231182795699 0.5677083333333334 0.6028225806451613 0.55859375 0.59375 0.5299479166666666 0.6071908602150538 0.4322916666666667 0.6174129704301076 0.34664778645833333 0.6193786962365592 0.32074479166666664
11 0.6549059139784946 0.349609375 0.6575940860215054 0.3977864583333333 0.6525537634408602 0.4700520833333333 0.6485215053763441 0.5286458333333334 0.646505376344086 0.5403645833333334 0.6394489247311828 0.5494791666666666 0.6317204301075269 0.55078125 0.6226478494623656 0.5305989583333334 0.6182795698924731 0.5045572916666666 0.6192876344086021 0.4720052083333333 0.6360887096774194 0.4016927083333333 0.6481854838709677 0.3502604166666667 0.652403561827957 0.3436009114583333
12 0.680710685483871 0.358076171875 0.6774193548387096 0.3736979166666667 0.6774193548387096 0.4498697916666667 0.6774193548387096 0.5078125 0.6760752688172043 0.5345052083333334 0.664986559139785 0.5494791666666666 0.6505376344086021 0.5345052083333334 0.6461693548387096 0.5026041666666666 0.6512096774193549 0.4615885416666667 0.6646505376344086 0.3756510416666667 0.6710349462365591 0.3463541666666667 0.6759929435483871 0.3458860677083333
13 0.7160947580645162 0.32303059895833336 0.7188467741935484 0.3306490885416667 0.7184536290322581 0.339029296875 0.7113770161290323 0.38016992187500004 0.7062657930107528 0.43045312500000005 0.7082315188172044 0.4228346354166667 0.7160947580645162 0.3763606770833334 0.7208125 0.36264713541666665 0.7255305779569893 0.36264713541666665 0.7259237231182796 0.3748372395833333 0.7196330645161291 0.4479759114583333 0.7214381720430108 0.486328125 0.7163978494623656 0.51953125 0.7019489247311828 0.5221354166666666 0.6875 0.5260416666666666 0.6754032258064516 0.5084635416666666 0.6723790322580645 0.4778645833333333 0.6848118279569892 0.435546875 0.7003686155913978 0.360361328125 0.7050863575268818 0.336744140625 0.7094112903225807 0.32379231770833333
14 0.7503360215053764 0.2955729166666667 0.7530514112903226 0.30550716145833334 0.7557123655913979 0.3346354166666667 0.7610887096774194 0.4205729166666667 0.7637768817204301 0.4680989583333333 0.7627688172043011 0.4876302083333333 0.7600806451612904 0.4921875 0.7526881720430108 0.4895833333333333 0.7486559139784946 0.5 0.7385752688172043 0.505859375 0.7234543010752689 0.4778645833333333 0.7288306451612904 0.416015625 0.7385752688172043 0.3326822916666667 0.7444018817204302 0.298650390625 0.7475470430107526 0.2933177083333333
15 0.7873555107526882 0.30435481770833334 0.7896145833333333 0.33369661458333333 0.7923669354838709 0.38855078125 0.794075940860215 0.414380859375 0.7964280913978495 0.4443287760416667 0.7944119623655914 0.4521412760416667 0.7863474462365592 0.4619069010416667 0.7776108870967742 0.4736256510416667 0.7698823924731183 0.47232356770833334 0.7645060483870968 0.4501881510416667 0.7628800403225807 0.4365481770833333 0.7645060483870968 0.414380859375 0.7675981182795698 0.3847415364583333 0.7715625 0.35122981770833334 0.7809711021505377 0.30175065104166665 0.7845036962365591 0.3001744791666667
16 0.5134408602150538 0.6197916666666666 0.5110887096774194 0.5885416666666666 0.5131048387096774 0.5787760416666666 0.520497311827957 0.578125 0.5268817204301075 0.5787760416666666 0.5315860215053764 0.5865885416666666 0.5339381720430108 0.6165364583333334 0.5325940860215054 0.6686197916666666 0.531976814516129 0.6771067708333334 0.5272590725806452 0.6847252604166667 0.5237204301075269 0.6771067708333334 0.5197889784946237 0.6641549479166667 0.5171370967741935 0.6497395833333334
17 0.5295698924731183 0.595703125 0.5269684139784946 0.5835878906249999 0.5278897849462365 0.56640625 0.5339381720430108 0.5625 0.5423387096774194 0.5657552083333334 0.5470430107526881 0.5696614583333334 0.5504032258064516 0.58203125 0.553763440860215 0.6165364583333334 0.5588037634408602 0.65625 0.5634290994623656 0.6969147135416667 0.5628360215053764 0.7037760416666666 0.5587113575268817 0.7037714843749999 0.5543867607526882 0.6961529947916666 0.5500618279569892 0.6854869791666666 0.5453629032258065 0.66796875
18 0.561491935483871 0.6041666666666666 0.5618279569892473 0.5807291666666666 0.5655241935483871 0.5625 0.5678763440860215 0.55859375 0.5816532258064516 0.564453125 0.5856854838709677 0.58203125 0.5883736559139785 0.6302083333333334 0.5877016129032258 0.68359375 0.5853494623655914 0.7415364583333334 0.5859415322580644 0.7664348958333332 0.583975806451613 0.7763391927083334 0.579258064516129 0.7725299479166666 0.5733605510752688 0.75729296875 0.5698222446236559 0.7344368489583334 0.5670702284946237 0.71767578125 0.5654976478494624 0.6978671875
19 0.5873655913978495 0.6256510416666666 0.5823252688172043 0.603515625 0.5844825268817204 0.588349609375 0.5924059139784946 0.5703125 0.5971102150537635 0.5696614583333334 0.6031586021505376 0.5703125 0.6112231182795699 0.5787760416666666 0.616263440860215 0.6282552083333334 0.6233198924731183 0.6946614583333334 0.6276881720430108 0.7421875 0.6291885080645161 0.7611022135416667 0.6256502016129032 0.7649114583333333 0.62171875 0.75729296875 0.6170010080645161 0.747388671875 0.6118897849462366 0.7344368489583334
20 0.6202956989247311 0.6315104166666666 0.6115591397849462 0.603515625 0.615255376344086 0.5846354166666666 0.6216397849462365 0.5696614583333334 0.6266801075268817 0.5696614583333334 0.6360887096774194 0.5716145833333334 0.6377688172043011 0.5755208333333334 0.647513440860215 0.6217447916666666 0.6569220430107527 0.6868489583333334 0.6656586021505376 0.7421875 0.665994623655914 0.755859375 0.6619277553763441 0.759197265625 0.6587825940860215 0.7546263020833334 0.6540645161290323 0.7431979166666666 0.6491935483870968 0.7317708333333334
21 0.6410971102150538 0.6081575520833333 0.6489600134408602 0.6279661458333333 0.6586021505376344 0.64453125 0.6653225806451613 0.654296875 0.6694042338709677 0.6774876302083334 0.6776602822580645 0.6957721354166666 0.6890574596774194 0.7081393229166667 0.6968954973118279 0.7189967447916666 0.7059674059139784 0.7270084635416666 0.7103316532258065 0.7233398437499999 0.7114717741935485 0.7163424479166666 0.7058528225806452 0.6994531249999999 0.7008565188172042 0.6866295572916666 0.699283938172043 0.6645358072916666 0.7092116935483871 0.6733951822916667 0.7182459677419355 0.693359375 0.7228733198924732 0.6988196614583333 0.727486559139785 0.703125 0.728770497311828 0.6950104166666667 0.727486559139785 0.68359375 0.7204086021505377 0.6581946614583333 0.7103316532258065 0.6364791666666666 0.701373991935484 0.6212786458333334 0.6957755376344087 0.606078125 0.6935362903225806 0.5821920572916667 0.6922043010752689 0.5696614583333334 0.6880040322580645 0.5550130208333334 0.672883064516129 0.5517578125 0.6619623655913979 0.5615234375 0.649361559139785 0.576171875 0.6392809139784946 0.5924479166666666
22 0.7268145161290323 0.5299479166666666 0.7331989247311828 0.5305989583333334 0.7372311827956989 0.5377604166666666 0.7506720430107527 0.59765625 0.7600806451612904 0.6484375 0.7647849462365591 0.6959635416666666 0.7641129032258065 0.7018229166666666 0.7597348790322581 0.7024388020833333 0.7565897177419354 0.6932962239583333 0.7526582661290323 0.6803444010416667 0.7375672043010753 0.640625 0.741263440860215 0.6627604166666666 0.7471538978494624 0.6841536458333333 0.7456317204301075 0.6927083333333334 0.7408635752688172 0.6894869791666666 0.7373252688172044 0.6818684895833332 0.7298551747311828 0.6689166666666666 0.7247442876344086 0.65748828125 0.717741935483871 0.640625 0.7145221774193549 0.627013671875 0.7113770161290323 0.6087291666666667 0.7032930107526881 0.59375 0.696236559139785 0.5696614583333334 0.698252688172043 0.552734375 0.7093413978494624 0.5384114583333334
23 0.7735215053763441 0.5 0.7815860215053764 0.515625 0.7879704301075269 0.5416666666666666 0.8000672043010753 0.578125 0.8024193548387096 0.5944010416666666 0.8034274193548387 0.6067708333333334 0.8030913978494624 0.6256510416666666 0.8000672043010753 0.634765625 0.789986559139785 0.6341145833333334 0.7805779569892473 0.6321614583333334 0.7711693548387096 0.6204427083333334 0.7557123655913979 0.5807291666666666 0.7466397849462365 0.5716145833333334 0.7422715053763441 0.55078125 0.7444018817204302 0.5378756510416667 0.7483198924731183 0.5240885416666666 0.7600806451612904 0.521484375 0.769489247311828 0.5
24 0.4952956989247312 0.6139322916666666 0.490255376344086 0.587890625 0.4946236559139785 0.5807291666666666 0.5060483870967742 0.578125 0.509744623655914 0.5807291666666666 0.5141129032258065 0.6399739583333334 0.5163817204301075 0.6703977864583334 0.5119257392473118 0.6793919270833334 0.5053800403225807 0.6768860677083333 0.5020161290322581 0.6595052083333334
25 0.46908602150537637 0.6139322916666666 0.46908602150537637 0.5826822916666666 0.4798387096774194 0.5807291666666666 0.490255376344086 0.583984375 0.49227150537634407 0.58984375 0.48823924731182794 0.6263020833333334 0.4835349462365591 0.6705729166666666 0.4808467741935484 0.6901041666666666 0.4798988575268818 0.7058528645833334 0.4747983870967742 0.7102864583333334 0.47081048387096774 0.6947298177083333 0.46908602150537637 0.671875
26 0.4324596774193548 0.6126302083333334 0.43985215053763443 0.5716145833333334 0.44623655913978494 0.560546875 0.4596774193548387 0.55859375 0.4643817204301075 0.568359375 0.47110215053763443 0.5904947916666666 0.47076612903225806 0.599609375 0.4643817204301075 0.6399739583333334 0.448252688172043 0.716796875 0.44115389784946235 0.7364407552083333 0.4339788306451613 0.7559062499999999 0.42573924731182794 0.763671875 0.42249899193548385 0.747564453125 0.42202049731182795 0.7234641927083333 0.4254032258064516 0.6901041666666666
27 0.3978494623655914 0.6119791666666666 0.4099462365591398 0.5677083333333334 0.4213709677419355 0.5520833333333334 0.4324596774193548 0.55078125 0.4338037634408602 0.556640625 0.43951612903225806 0.5807291666666666 0.43985215053763443 0.591796875 0.43985215053763443 0.6080729166666666 0.4112903225806452 0.6764322916666666 0.40389784946236557 0.6985677083333334 0.39714717741935485 0.7123411458333333 0.3866239919354839 0.7271718749999999 0.37693750000000004 0.7359778645833334 0.37399193548387094 0.728515625
28 0.35181451612903225 0.6295572916666666 0.365255376344086 0.580078125 0.37600806451612906 0.564453125 0.3870967741935484 0.556640625 0.39213709677419356 0.560546875 0.3978494623655914 0.576171875 0.4049059139784946 0.583984375 0.4055779569892473 0.591796875 0.40356182795698925 0.6165364583333334 0.3834005376344086 0.6516927083333334 0.3740675403225806 0.6822161458333333 0.3597177419354839 0.7211471354166666 0.34775940860215054 0.74802734375 0.34106182795698925 0.7526041666666666 0.33675772849462365 0.7378313802083333 0.3372358870967742 0.7155852864583333
29 0.30981182795698925 0.5859375 0.3192204301075269 0.5481770833333334 0.33030913978494625 0.5358072916666666 0.34206989247311825 0.5397135416666666 0.3541666666666667 0.5494791666666666 0.3736559139784946 0.5657552083333334 0.3810483870967742 0.576171875 0.38306451612903225 0.59375 0.37668010752688175 0.6158854166666666 0.35229737903225805 0.6442122395833333 0.3393817204301075 0.673828125 0.33064516129032256 0.6861979166666666 0.31821236559139787 0.7018229166666666 0.31020396505376346 0.7155852864583333 0.3034274193548387 0.7102864583333334 0.3057795698924731 0.6868489583333334 0.2882006048387097 0.7174388020833334 0.27911256720430105 0.71929296875 0.27672076612903224 0.7053893229166667 0.27911256720430105 0.68777734375 0.29939516129032256 0.6484375 0.29973118279569894 0.6458333333333334 0.28150403225806453 0.6673854166666667 0.27050235215053764 0.670166015625 0.26428393817204304 0.66553125 0.2651209677419355 0.65625 0.3084677419354839 0.6015625
30 0.24371572580645162 0.5793274739583333 0.2550403225806452 0.5607233072916666 0.26713709677419356 0.534681640625 0.28393817204301075 0.5223118489583333 0.29401881720430106 0.5333795572916666 0.302755376344086 0.542494140625 0.3088037634408602 0.5548639322916666 0.31216397849462363 0.5691868489583333 0.3172043010752688 0.5769993489583333 0.3168682795698925 0.591322265625 0.30685584677419353 0.60528125 0.2923387096774194 0.6193170572916666 0.27352150537634407 0.6434055989583333 0.2610887096774194 0.6583795572916666 0.24495967741935484 0.667494140625 0.2322358870967742 0.67201953125 0.22649596774193548 0.6683125 0.2303225806451613 0.6553352864583334 0.24865591397849462 0.634291015625 0.2540322580645161 0.620619140625 0.23756720430107528 0.6355930989583333 0.2250608198924731 0.6451393229166666 0.22009408602150538 0.6408014322916666 0.22027755376344088 0.632162109375 0.2245823252688172 0.6154772135416667 0.23271404569892473 0.5978658854166666
31 0.20736861559139785 0.5019290364583333 0.2247983870967742 0.470703125 0.23555107526881722 0.4661458333333333 0.24898353494623657 0.47875651041666667 0.25806451612903225 0.4856770833333333 0.26381182795698926 0.5047102864583334 0.2674731182795699 0.5260416666666666 0.26713709677419356 0.5377604166666666 0.25638440860215056 0.5546875 0.2365467069892473 0.5714485677083333 0.21836995967741937 0.5936946614583333 0.20258501344086022 0.5918411458333334 0.19158333333333336 0.586279296875 0.18581989247311828 0.568359375 0.187278561827957 0.5519830729166667 0.19206182795698926 0.5315911458333333
