0 0.4953239247311828 0.39663085937500003 0.49764784946236557 0.4381510416666667 0.5006720430107527 0.498046875 0.5006720430107527 0.5501302083333334 0.49798387096774194 0.5670572916666666 0.47580645161290325 0.5631510416666666 0.46774193548387094 0.5514322916666666 0.4788306451612903 0.455078125 0.4852150537634409 0.3958333333333333 0.4875907258064516 0.37903906249999997 0.4905913978494624 0.375 0.4928024193548387 0.37773567708333333 0.4938111559139785 0.3829485677083333
1 0.4724462365591398 0.390625 0.47580645161290325 0.4270833333333333 0.47580645161290325 0.4876302083333333 0.47446236559139787 0.5234375 0.4731182795698925 0.5390625 0.4694220430107527 0.548828125 0.4596774193548387 0.5540364583333334 0.4512768817204301 0.5462239583333334 0.4495967741935484 0.5319010416666666 0.45026881720430106 0.4850260416666667 0.459005376344086 0.4186197916666667 0.4643907930107527 0.3891380208333333 0.46706989247311825 0.3834635416666667 0.46926612903225806 0.38099348958333334 0.4712836021505376 0.38425130208333336
2 0.43328931451612906 0.36796289062500004 0.44455645161290325 0.435546875 0.4532930107526882 0.5078125 0.4526209677419355 0.533203125 0.45094086021505375 0.54296875 0.43951612903225806 0.5514322916666666 0.4284274193548387 0.548828125 0.42473118279569894 0.533203125 0.42405913978494625 0.4440104166666667 0.42573924731182794 0.373046875 0.42606014784946233 0.36763671875000004 0.4284274193548387 0.36328125 0.4309358198924731 0.36275065104166665
3 0.40893817204301075 0.3548177083333333 0.4173387096774194 0.390625 0.42473118279569894 0.4368489583333333 0.427755376344086 0.482421875 0.427755376344086 0.5091145833333334 0.4264112903225806 0.5234375 0.42036290322580644 0.5377604166666666 0.4116263440860215 0.5462239583333334 0.40288978494623656 0.5501302083333334 0.3971774193548387 0.5462239583333334 0.3941532258064516 0.5247395833333334 0.39986559139784944 0.4381510416666667 0.4008736559139785 0.37890625 0.4025241935483871 0.36209895833333333 0.40423387096774194 0.3561197916666667 0.40605443548387093 0.353302734375
4 0.3810483870967742 0.3522135416666667 0.3841995967741935 0.35786393229166663 0.38844086021505375 0.3736979166666667 0.3948252688172043 0.4212239583333333 0.3974805107526882 0.44777734374999995 0.3976488575268817 0.4591790364583333 0.4000023521505376 0.47123307291666666 0.4008736559139785 0.4908854166666667 0.3971774193548387 0.5319010416666666 0.3860887096774194 0.5455729166666666 0.37668010752688175 0.54296875 0.3706317204301075 0.52734375 0.36794354838709675 0.501953125 0.37533602150537637 0.3860677083333333 0.37668010752688175 0.3665364583333333 0.37848353494623654 0.3572122395833333
5 0.37569522849462367 0.478072265625 0.3702076612903226 0.45086263020833334 0.36897009408602155 0.40819661458333334 0.36617069892473114 0.37236458333333333 0.3591670026881721 0.35084765625000003 0.35720665322580647 0.34601236979166666 0.3543548387096774 0.34359440104166666 0.3509684139784946 0.34601236979166666 0.34882963709677417 0.3518834635416667 0.34274193548387094 0.3955078125 0.3318212365591398 0.3548177083333333 0.32761995967741936 0.3494661458333333 0.3242335349462366 0.35291992187500004 0.3229858870967742 0.36051822916666665 0.32387701612903225 0.36742578124999997 0.3318212365591398 0.4117838541666667 0.3409781586021505 0.4440279947916667 0.3364993279569893 0.461400390625 0.33131081989247313 0.4908951822916667 0.33227923387096775 0.5102864583333333 0.3343773521505376 0.5221712239583333 0.3398649193548387 0.5249856770833333 0.347934811827957 0.5215455729166667 0.35293817204301076 0.511224609375 0.36326780913978496 0.51841796875 0.37288877688172045 0.5156907552083333 0.37601814516129034 0.49558658854166665
6 0.30353931451612903 0.3521048177083333 0.29783736559139784 0.3453216145833333 0.2940944220430108 0.34670312499999995 0.2932032930107527 0.3511927083333333 0.29124260752688175 0.361208984375 0.291991935483871 0.375078125 0.29479099462365593 0.40765234375 0.29548051075268816 0.44773502604166665 0.29451209677419354 0.46149609374999995 0.29535080645161293 0.48040104166666664 0.2970302419354839 0.49777408854166666 0.30654771505376344 0.5097174479166667 0.3149452284946237 0.49885937500000005 0.3306206317204301 0.5075462239583334 0.3351844758064516 0.5037180989583333 0.33712130376344085 0.492146484375 0.33825100806451613 0.4693151041666667 0.3240480510752688 0.39988346354166665 0.31550504032258064 0.3533626302083333 0.3135218413978495 0.346357421875 0.3112046370967742 0.3397955729166667 0.3071051747311828 0.33530533854166666 0.30542809139784943 0.33707552083333336
8 0.5240255376344086 0.3818359375 0.527385752688172 0.4501953125 0.5297379032258065 0.5237630208333334 0.5290658602150538 0.5615234375 0.5186491935483871 0.5660807291666666 0.504872311827957 0.5660807291666666 0.5035282258064516 0.5615234375 0.5028561827956989 0.5289713541666666 0.504872311827957 0.4755859375 0.5136088709677419 0.3837890625 0.5148256048387098 0.3761067708333334 0.5173051075268817 0.3720703125 0.5197009408602151 0.37122070312500005 0.5223907930107526 0.37447851562499995
9 0.5446908602150538 0.3860677083333333 0.5497311827956989 0.4309895833333333 0.5534274193548387 0.4837239583333333 0.5547715053763441 0.5234375 0.5547715053763441 0.5416666666666666 0.5530913978494624 0.5540364583333334 0.5436827956989247 0.564453125 0.5275537634408602 0.5611979166666666 0.53125 0.4453125 0.5361760752688173 0.3907669270833333 0.5373531586021505 0.38131966145833335 0.5393702956989247 0.3754557291666667 0.5416666666666666 0.375 0.5434052419354839 0.37838736979166665
10 0.5778746639784946 0.38342773437500005 0.5826612903225806 0.4440104166666667 0.5846774193548387 0.52734375 0.5809811827956989 0.5462239583333334 0.5658602150537635 0.5546875 0.5598118279569892 0.5475260416666666 0.5547715053763441 0.5234375 0.5621639784946236 0.4329427083333333 0.5686202956989247 0.381845703125 0.5695729166666667 0.37287890625 0.5712059811827958 0.3676048177083333 0.573247311827957 0.36707747395833334 0.5762412634408602 0.373142578125
11 0.602234879032258 0.3802630208333333 0.6058467741935484 0.435546875 0.6078629032258065 0.4811197916666667 0.6081989247311828 0.517578125 0.6081989247311828 0.5358072916666666 0.6014784946236559 0.548828125 0.5954301075268817 0.552734375 0.584005376344086 0.5403645833333334 0.5789650537634409 0.51171875 0.5846774193548387 0.4283854166666667 0.5909391801075269 0.37577994791666663 0.595702620967742 0.3676048177083333 0.5988326612903225 0.37050585937499997
12 0.6318528225806451 0.37091796875 0.6327284946236559 0.4464876302083333 0.6350806451612904 0.49791992187499995 0.6350806451612904 0.5259147135416666 0.6334005376344086 0.5415397135416666 0.6219758064516129 0.5473990885416666 0.6145833333333334 0.542841796875 0.6102150537634409 0.533076171875 0.604502688172043 0.5148470052083333 0.6078629032258065 0.46666992187499995 0.6165994623655914 0.38724283854166663 0.6204811827956989 0.3670983072916667 0.6244233870967743 0.36298502604166666 0.626849126344086 0.36092838541666666 0.6294267473118279 0.363279296875
13 0.6378807123655914 0.45301627604166667 0.6435709005376344 0.40765234375 0.6536478494623656 0.3696490885416666 0.6565668682795699 0.36445442708333337 0.6603659274193548 0.36856380208333334 0.6615702284946237 0.3753248697916667 0.6620453629032258 0.38485026041666665 0.6609257392473118 0.4271966145833333 0.6609257392473118 0.4597708333333333 0.6659643817204302 0.482572265625 0.6665241935483871 0.516232421875 0.6592463037634408 0.5249186197916667 0.6508487903225806 0.5270904947916667 0.6480493951612903 0.5357766927083333 0.6418911290322581 0.5281764322916667 0.6312543682795699 0.5216614583333333 0.6301347446236559 0.4999453125 0.6334936155913978 0.48040104166666664
14 0.6918682795698925 0.3489583333333333 0.699260752688172 0.375 0.6978077956989247 0.40206184895833336 0.695684811827957 0.43761263020833335 0.70569186827957 0.47169466145833333 0.7059811827956989 0.486328125 0.7029569892473119 0.5188802083333334 0.6969086021505376 0.537109375 0.6918682795698925 0.537109375 0.675739247311828 0.521484375 0.668010752688172 0.5149739583333334 0.6673387096774194 0.5006510416666666 0.6700268817204301 0.4498697916666667 0.676747311827957 0.3899739583333333 0.6801075268817204 0.3548177083333333 0.6811293682795698 0.34888216145833334 0.6844758064516129 0.3424479166666667 0.687649193548387 0.34359375
16 0.5080645161290323 0.5872395833333334 0.5036962365591398 0.5657552083333334 0.5080645161290323 0.5514322916666666 0.5161290322580645 0.5455729166666666 0.5208608870967742 0.5426041666666667 0.5248655913978495 0.5442708333333334 0.5254385080645161 0.5537643229166667 0.5254385080645161 0.5646373697916667 0.5282439516129033 0.592107421875 0.532258064516129 0.603515625 0.5359543010752689 0.6334635416666666 0.5371186155913978 0.6426979166666666 0.5372664650537634 0.6461315104166666 0.5365282258064517 0.650423828125 0.5347560483870968 0.65557421875 0.5309166666666667 0.6552884114583334 0.5269297715053763 0.649279296875 0.5198252688172043 0.630859375
17 0.5336021505376344 0.5729166666666666 0.5285618279569892 0.5455729166666666 0.5356182795698925 0.5403645833333334 0.5504032258064516 0.5390625 0.5538051075268817 0.5419752604166667 0.5545433467741935 0.548556640625 0.5542479838709677 0.598345703125 0.5538051075268817 0.6109361979166666 0.5530665322580645 0.6604388020833333 0.5523282930107527 0.6687369791666667 0.5492274865591398 0.6730292968749999 0.5459788306451613 0.6698815104166668 0.5434684139784947 0.6641588541666666 0.5423387096774194 0.66015625 0.5418440860215054 0.6581497395833333 0.5385954301075269 0.619234375
18 0.5554435483870968 0.5716145833333334 0.5530913978494624 0.5442708333333334 0.5577956989247311 0.5345052083333334 0.5709005376344086 0.5319010416666666 0.5789650537634409 0.5390625 0.5823252688172043 0.5514322916666666 0.5816428091397849 0.6027897135416667 0.5833333333333334 0.6647135416666666 0.5827547043010752 0.6766536458333333 0.5795782930107527 0.6886569010416667 0.5751310483870967 0.6935813802083333 0.5724311155913979 0.6901959635416667 0.5681270161290323 0.680162109375 0.5625682123655914 0.6398444010416667
19 0.584005376344086 0.5813802083333334 0.5772849462365591 0.5611979166666666 0.5782930107526881 0.54296875 0.5846774193548387 0.5305989583333334 0.5957661290322581 0.52734375 0.6065188172043011 0.5345052083333334 0.6102150537634409 0.548828125 0.6115591397849462 0.5983072916666666 0.613239247311828 0.6529947916666666 0.6127563844086021 0.6702213541666667 0.6114858870967742 0.6877643229166667 0.6092624327956989 0.692380859375 0.6059270833333333 0.6914576822916666 0.6019566532258065 0.6816087239583334 0.5977822580645161 0.6647135416666666
20 0.6088709677419355 0.5768229166666666 0.6065188172043011 0.5455729166666666 0.6125672043010753 0.5286458333333334 0.6176075268817204 0.52734375 0.6320564516129032 0.529296875 0.6380097446236559 0.5314186197916667 0.6418010752688172 0.5403645833333334 0.6414650537634409 0.5611979166666666 0.6407930107526881 0.6080729166666666 0.6401209677419355 0.6490885416666666 0.6397567204301076 0.6736067708333334 0.6383272849462366 0.6840709635416666 0.6330860215053764 0.6893033854166667 0.6305450268817204 0.6868411458333333 0.6257802419354839 0.679146484375 0.620221438172043 0.6566796874999999 0.6119623655913978 0.5886634114583333
21 0.6414650537634409 0.5729166666666666 0.6350806451612904 0.5540364583333334 0.6344086021505376 0.5377604166666666 0.6407930107526881 0.5247395833333334 0.6538978494623656 0.5221354166666666 0.6606182795698925 0.5201822916666666 0.6636424731182796 0.517578125 0.6717069892473119 0.517578125 0.6801075268817204 0.5345052083333334 0.6854838709677419 0.5852864583333334 0.6854838709677419 0.58984375 0.6940352822580645 0.6298294270833333 0.6976572580645162 0.6464661458333333 0.7002059811827958 0.6589433593749999 0.6999243951612903 0.6644544270833334 0.6993877688172043 0.6693932291666668 0.6956317204301075 0.6730325520833333 0.6909499327956988 0.6698606770833333 0.6862550403225807 0.6612825520833333 0.668010752688172 0.6106770833333334 0.6663306451612904 0.6106770833333334 0.6663306451612904 0.6334635416666666 0.6732429435483871 0.6592180989583333 0.6759260752688172 0.6701354166666667 0.6757916666666667 0.6745546875 0.6745843413978495 0.6805182291666667 0.6712308467741935 0.6802584635416666 0.6680114247311828 0.6758541666666668 0.6656586021505376 0.6705729166666666
22 0.7117567204301075 0.49267252604166667 0.7243413978494623 0.5199967447916667 0.7272896505376345 0.5373424479166666 0.7282288306451612 0.5609967447916667 0.7354724462365592 0.590890625 0.7389603494623657 0.611166015625 0.7407043010752687 0.6272825520833333 0.7405698924731183 0.63716015625 0.7395833333333334 0.6451822916666666 0.7370823252688171 0.645478515625 0.7345336021505378 0.642359375 0.7137096774193549 0.599609375 0.7137096774193549 0.603515625 0.7195094086021506 0.6239029947916667 0.728494623655914 0.6432291666666666 0.7298383736559139 0.64859765625 0.7291666666666666 0.6536458333333334 0.7262167338709677 0.6558763020833334 0.7229969758064516 0.656916015625 0.7136071908602151 0.651197265625 0.7056451612903226 0.6419270833333334 0.6942204301075269 0.615234375 0.6854838709677419 0.5865885416666666 0.6760752688172043 0.5559895833333334 0.6737231182795699 0.52734375 0.6780913978494624 0.513671875 0.6955645161290323 0.5065104166666666
23 0.7766898521505377 0.5282740885416667 0.769489247311828 0.532923828125 0.7627688172043011 0.5338541666666666 0.7555682123655914 0.5347845052083333 0.7474079301075269 0.5338541666666666 0.739247311827957 0.5422246093749999 0.7330070564516129 0.5533854166666666 0.7297997311827957 0.5637740885416667 0.7320467069892472 0.5747766927083333 0.7286864919354838 0.5831471354166667 0.7277264784946237 0.6026783854166667 0.7325268817204301 0.61569921875 0.7363672715053764 0.6212799479166666 0.7363672715053764 0.6315104166666666 0.7387671370967742 0.6370904947916667 0.7452647849462365 0.64133984375 0.7557268145161291 0.6372265625 0.7632489919354839 0.6240696614583333 0.7661290322580645 0.61476953125 0.7690692204301075 0.6122526041666666 0.7776498655913978 0.5970983072916667 0.7822604166666667 0.5825781250000001 0.7872637768817204 0.5623053385416666 0.7891703629032257 0.5515253906250001 0.7895379704301075 0.5420325520833333 0.7877305107526882 0.5347845052083333 0.7851411290322581 0.5311614583333334
24 0.49212500000000003 0.5881588541666667 0.49005779569892477 0.5638365885416666 0.489247311827957 0.5514322916666666 0.4963037634408602 0.54296875 0.5021663306451613 0.5406588541666667 0.5073924731182796 0.5403645833333334 0.508736559139785 0.5442708333333334 0.5100806451612904 0.5885416666666666 0.5101404569892474 0.609046875 0.5100961021505377 0.6275325520833334 0.5102436155913979 0.6501380208333333 0.5090621639784947 0.6638723958333334 0.5069949596774194 0.6681647135416666 0.5033034274193549 0.6658756510416667 0.501088373655914 0.6590084635416666 0.4976922043010753 0.645845703125 0.49389717741935485 0.6236406250000001
25 0.4680779569892473 0.5768229166666666 0.46706989247311825 0.54296875 0.47647849462365593 0.5403645833333334 0.4838709677419355 0.5462239583333334 0.4899193548387097 0.5546875 0.48828595430107524 0.5787154947916667 0.48710450268817207 0.5907337239583333 0.48725201612903224 0.605041015625 0.48823924731182794 0.6608072916666666 0.48750302419354835 0.6821861979166667 0.48646942204301075 0.6870501302083333 0.4842543682795699 0.6890533854166666 0.4818918010752688 0.6887669270833333 0.48001646505376344 0.6851614583333333 0.4752913306451613 0.6722851562500001 0.47211021505376344 0.646484375 0.46716969086021504 0.5915924479166667
26 0.43951612903225806 0.58109375 0.43951612903225806 0.5452864583333333 0.44522849462365593 0.5387760416666666 0.45631720430107525 0.5387760416666666 0.4640456989247312 0.5452864583333333 0.4677604166666667 0.552962890625 0.46790793010752685 0.5583997395833333 0.4682032930107527 0.5658391927083334 0.4673172043010753 0.5792877604166666 0.46628360215053766 0.5884446614583333 0.4668743279569892 0.5978873697916667 0.46510248655913977 0.62936328125 0.4594465725806452 0.678751953125 0.45634576612903227 0.6896256510416667 0.453244623655914 0.6950625 0.4491102150537634 0.6924869791666667 0.4469445564516129 0.6889127604166667 0.44321236559139787 0.676796875
27 0.4090450268817204 0.5859876302083333 0.40702889784946233 0.553435546875 0.4127412634408602 0.5410657552083333 0.42584610215053764 0.533904296875 0.4348350134408602 0.53618359375 0.44029973118279575 0.5518489583333334 0.4413333333333333 0.564439453125 0.4389704301075269 0.5821803385416667 0.43660786290322584 0.5996354166666666 0.43626276881720427 0.6055188802083333 0.4290769489247312 0.6723164062500001 0.42420396505376345 0.6920598958333333 0.42154603494623655 0.7000722656249999 0.4182973790322581 0.7032194010416667 0.4149012096774194 0.6949212239583332 0.4125383064516129 0.679755859375 0.41180006720430107 0.6691686197916668
28 0.3770987903225807 0.5764576822916666 0.37768951612903223 0.5507044270833333 0.3808450940860215 0.5334895833333334 0.3986542338709677 0.5289322916666667 0.40571068548387096 0.5250260416666667 0.41478326612903227 0.5295833333333334 0.41612735215053764 0.5393489583333334 0.41243111559139783 0.56734375 0.40663172043010753 0.5956295572916667 0.4015225134408602 0.6254739583333333 0.3988645833333333 0.6429290364583333 0.38890961021505377 0.6793229166666667 0.38572244623655916 0.68728125 0.3818531586021505 0.6890885416666667 0.37922513440860217 0.6818444010416668 0.37882896505376346 0.665 0.3779848790322581 0.58075
29 0.33280880376344085 0.5504166666666667 0.3365050403225806 0.5250260416666667 0.3438975134408602 0.5165625 0.36137063172043016 0.5165625 0.3711152553763441 0.5165625 0.3818679435483871 0.5133072916666667 0.38422009408602154 0.5178645833333334 0.3848921370967742 0.5237239583333334 0.3862362231182796 0.5406510416666667 0.3805238575268817 0.5719010416666667 0.3751475134408602 0.592734375 0.3664109543010753 0.643515625 0.3600265456989248 0.66109375 0.3512899865591398 0.6773697916666667 0.34792002688172047 0.6812721354166666 0.34481922043010754 0.67926953125 0.3430470430107527 0.6741184895833333 0.3433424059139785 0.667537109375 0.3452415994623656 0.6623958333333334 0.34759375000000003 0.6409114583333334 0.3482657930107527 0.6116145833333334 0.3482657930107527 0.608359375 0.3412093413978495 0.6311458333333334 0.33280880376344085 0.6467708333333334 0.32665625 0.6678235677083334 0.3234002016129032 0.66890625 0.3200114247311828 0.657865234375 0.3207120295698925 0.6448177083333334 0.33213676075268816 0.577109375
30 0.28525504032258064 0.5191445312499999 0.2962019489247312 0.49351171875 0.3081317204301075 0.486328125 0.32056451612903225 0.4921875 0.33131720430107525 0.498046875 0.3400537634408602 0.51171875 0.34106182795698925 0.5247395833333334 0.34106182795698925 0.54296875 0.3336693548387097 0.5611979166666666 0.32593716397849465 0.575201171875 0.3149254032258064 0.5935390625 0.2933467741935484 0.6321614583333334 0.28171875 0.6412161458333333 0.2763850806451613 0.6402161458333333 0.27385752688172044 0.63671875 0.27449227150537636 0.6315475260416666 0.27758938172043013 0.62387890625 0.2852822580645161 0.60546875 0.2906586021505376 0.5865885416666666 0.28393817204301075 0.595703125 0.2664650537634409 0.6165364583333334 0.25797513440860215 0.6212115885416667 0.2560483870967742 0.619140625 0.2529855510752688 0.6168776041666667 0.2518548387096774 0.6142747395833333 0.25163004032258063 0.6110761718750001 0.25170497311827955 0.6080234375 0.25246908602150536 0.6055416666666666 0.2657930107526882 0.5865885416666666 0.27271135752688175 0.5721770833333334 0.2747641129032258 0.5662109375000001 0.2842288306451613 0.5354960937500001
31 0.21046975806451612 0.5705013020833333 0.21162432795698924 0.5624466145833333 0.21505376344086022 0.5543157552083333 0.2232143817204301 0.5450149739583333 0.23041465053763444 0.5347845052083333 0.23569522849462365 0.5161829427083333 0.24337567204301072 0.5106028645833333 0.2544163306451613 0.5096725260416667 0.26017674731182794 0.5189733072916667 0.2606565860215054 0.5319941406250001 0.2606565860215054 0.5422246093749999 0.2635369623655914 0.5496653645833333 0.26881720430107525 0.5580358072916667 0.2731374327956989 0.57570703125 0.2678571908602151 0.5924479166666666 0.25873655913978494 0.6045384114583333 0.2515359543010753 0.6045384114583333 0.24241565860215053 0.6101191406250001 0.23417775537634408 0.6171881510416667 0.2185520833333333 0.610177734375 0.21570396505376344 0.607044921875 0.21354872311827955 0.603763671875 0.21224025537634408 0.5995872395833334 0.2120863575268817 0.5948138020833333 0.21300974462365593 0.591681640625 0.21841397849462366 0.5868678385416667 0.2256145833333333 0.5812871093749999 0.21937399193548385 0.5850071614583333 0.21505376344086022 0.5877975260416667 0.21265356182795697 0.5877975260416667 0.2114704301075269 0.5848203125 0.21085450268817205 0.58079296875 0.21093145161290322 0.5776608072916667
