0 0.4566532258064516 0.41796875 0.4593413978494624 0.3717447916666667 0.4643817204301075 0.3489583333333333 0.46706989247311825 0.3424479166666667 0.4724462365591398 0.3450520833333333 0.47681451612903225 0.3528645833333333 0.4788306451612903 0.3776041666666667 0.4788306451612903 0.4290364583333333 0.479502688172043 0.4583333333333333 0.4788306451612903 0.4934895833333333 0.4741263440860215 0.5045572916666666 0.4620295698924731 0.4908854166666667 0.45530913978494625 0.4641927083333333
1 0.42876344086021506 0.396484375 0.4327956989247312 0.3541666666666667 0.4327956989247312 0.3326822916666667 0.4327956989247312 0.3235677083333333 0.43548387096774194 0.3203125 0.43985215053763443 0.3235677083333333 0.44388440860215056 0.333984375 0.4469086021505376 0.361328125 0.4469086021505376 0.4205729166666667 0.45026881720430106 0.4609375 0.448252688172043 0.4869791666666667 0.44388440860215056 0.498046875 0.4314516129032258 0.4993489583333333 0.4237231182795699 0.48828125 0.4217069892473118 0.4772135416666667
2 0.39986559139784944 0.37890625 0.39852150537634407 0.3313802083333333 0.39986559139784944 0.294921875 0.40356182795698925 0.27734375 0.40625 0.2688802083333333 0.4112903225806452 0.267578125 0.4146505376344086 0.2721354166666667 0.415994623655914 0.2799479166666667 0.41330645161290325 0.3235677083333333 0.42036290322580644 0.3717447916666667 0.4223790322580645 0.3977864583333333 0.427755376344086 0.4192708333333333 0.427755376344086 0.431640625 0.427755376344086 0.4505208333333333 0.4217069892473118 0.4694010416666667 0.415994623655914 0.474609375 0.40893817204301075 0.470703125 0.39919354838709675 0.4557291666666667 0.3958333333333333 0.4368489583333333
3 0.3602150537634409 0.4127604166666667 0.3699596774193548 0.3424479166666667 0.37331989247311825 0.3098958333333333 0.37768817204301075 0.298828125 0.3797043010752688 0.2975260416666667 0.38239247311827956 0.3014322916666667 0.384744623655914 0.3125 0.3854166666666667 0.41796875 0.3854166666666667 0.4518229166666667 0.38239247311827956 0.466796875 0.3790322580645161 0.48046875 0.3713037634408602 0.48046875 0.3629032258064516 0.484375 0.35618279569892475 0.4830729166666667 0.35248655913978494 0.470703125 0.35248655913978494 0.45703125
4 0.3370295698924731 0.3880208333333333 0.3484543010752688 0.34375 0.354502688172043 0.3138020833333333 0.3588709677419355 0.30859375 0.36155913978494625 0.30859375 0.3659274193548387 0.3125 0.36727150537634407 0.326171875 0.35181451612903225 0.4095052083333333 0.3491263440860215 0.4479166666666667 0.34341397849462363 0.4641927083333333 0.33501344086021506 0.4654947916666667 0.32594086021505375 0.4596354166666667 0.3225806451612903 0.443359375 0.3239247311827957 0.4244791666666667 0.32963709677419356 0.4069010416666667
6 0.30376344086021506 0.41796875 0.29536290322580644 0.41796875 0.2916666666666667 0.41796875 0.2862903225806452 0.4069010416666667 0.2862903225806452 0.390625 0.2918212365591398 0.36049609374999997 0.29260853494623656 0.295921875 0.2933467741935484 0.28125 0.2952328629032258 0.2750748697916667 0.3002190860215054 0.27456640625 0.3057795698924731 0.2786458333333333 0.3112412634408602 0.288294921875 0.3161962365591398 0.3059895833333333 0.3225806451612903 0.3463541666666667 0.3245967741935484 0.365234375 0.3323252688172043 0.3938802083333333 0.3316532258064516 0.4069010416666667 0.31955645161290325 0.42578125 0.31216397849462363 0.42578125
8 0.4825268817204301 0.478515625 0.4885752688172043 0.4290364583333333 0.49831989247311825 0.3990885416666667 0.5026881720430108 0.3893229166666667 0.5067204301075269 0.3893229166666667 0.509744623655914 0.3893229166666667 0.5104166666666666 0.3990885416666667 0.5053763440860215 0.4381510416666667 0.5020161290322581 0.4908854166666667 0.5020161290322581 0.5260416666666666 0.5020161290322581 0.5436197916666666 0.49831989247311825 0.5520833333333334 0.4781586021505376 0.5397135416666666 0.4747983870967742 0.5286458333333334
9 0.5208333333333334 0.435546875 0.5221774193548387 0.396484375 0.5278897849462365 0.3541666666666667 0.5332661290322581 0.3391927083333333 0.5346102150537635 0.3391927083333333 0.5369623655913979 0.3391927083333333 0.5376344086021505 0.34375 0.5389784946236559 0.3587239583333333 0.5389784946236559 0.435546875 0.5416666666666666 0.474609375 0.5416666666666666 0.4908854166666667 0.5376344086021505 0.5032552083333334 0.5299059139784946 0.505859375 0.5235215053763441 0.501953125 0.5178091397849462 0.4895833333333333 0.5164650537634409 0.48046875
10 0.5467069892473119 0.466796875 0.5514112903225806 0.4029947916666667 0.5557795698924731 0.369140625 0.5604838709677419 0.3528645833333333 0.5641801075268817 0.34765625 0.5661962365591398 0.3502604166666667 0.563508064516129 0.4772135416666667 0.5668682795698925 0.5123697916666666 0.5661962365591398 0.53125 0.5598118279569892 0.5475260416666666 0.552755376344086 0.55078125 0.5473790322580645 0.5462239583333334 0.540994623655914 0.537109375 0.5403225806451613 0.5247395833333334
11 0.573252688172043 0.41796875 0.5806451612903226 0.3665364583333333 0.5870295698924731 0.3287760416666667 0.5890456989247311 0.3203125 0.5934139784946236 0.3190104166666667 0.594758064516129 0.3203125 0.5987903225806451 0.3287760416666667 0.6011424731182796 0.3626302083333333 0.5974462365591398 0.435546875 0.6004704301075269 0.462890625 0.5981182795698925 0.4772135416666667 0.5940860215053764 0.4934895833333333 0.5890456989247311 0.4934895833333333 0.5799731182795699 0.4856770833333333 0.5739247311827957 0.4869791666666667 0.5688844086021505 0.4830729166666667 0.5655241935483871 0.4694010416666667 0.5655241935483871 0.4583333333333333 0.5655241935483871 0.4446614583333333
12 0.602486559139785 0.4153645833333333 0.6102150537634409 0.3567708333333333 0.6135752688172043 0.3287760416666667 0.6169354838709677 0.3151041666666667 0.6213037634408602 0.3098958333333333 0.623991935483871 0.3098958333333333 0.6283602150537635 0.3151041666666667 0.6303763440860215 0.330078125 0.6303763440860215 0.34765625 0.6290322580645161 0.4342447916666667 0.6323924731182796 0.4505208333333333 0.6297043010752689 0.470703125 0.6253360215053764 0.478515625 0.6206317204301075 0.478515625 0.6122311827956989 0.4694010416666667 0.6058467741935484 0.478515625 0.6018145161290323 0.478515625 0.5954301075268817 0.4609375 0.5961021505376344 0.443359375
14 0.6575940860215054 0.4016927083333333 0.6639784946236559 0.3424479166666667 0.6686827956989247 0.3125 0.6730510752688172 0.298828125 0.6743951612903226 0.2962239583333333 0.6770833333333334 0.2936197916666667 0.6814516129032258 0.2936197916666667 0.6841397849462365 0.2962239583333333 0.6868279569892473 0.3014322916666667 0.6905241935483871 0.31640625 0.6945564516129032 0.337890625 0.6979166666666666 0.3977864583333333 0.7022849462365591 0.4231770833333333 0.7022849462365591 0.4381510416666667 0.6989247311827957 0.4446614583333333 0.6925403225806451 0.4466145833333333 0.6868279569892473 0.453125 0.6784274193548387 0.4596354166666667 0.675739247311828 0.4596354166666667 0.6700268817204301 0.4596354166666667 0.6633064516129032 0.4557291666666667 0.6569220430107527 0.4342447916666667
15 0.6995967741935484 0.3567708333333333 0.7016129032258065 0.3125 0.707997311827957 0.2825520833333333 0.7106854838709677 0.2701822916666667 0.7170698924731183 0.2649739583333333 0.7211021505376344 0.2688802083333333 0.7261424731182796 0.28515625 0.7281586021505376 0.3190104166666667 0.7335349462365591 0.3489583333333333 0.7405913978494624 0.3639322916666667 0.7426075268817204 0.3815104166666667 0.7426075268817204 0.3938802083333333 0.7328629032258065 0.3977864583333333 0.7244623655913979 0.4127604166666667 0.7147177419354839 0.4055989583333333 0.7049731182795699 0.404296875 0.6979166666666666 0.38671875
16 0.49294354838709675 0.5911458333333334 0.4915994623655914 0.5559895833333334 0.5104166666666666 0.5598958333333334 0.5073924731182796 0.59375 0.5080645161290323 0.6302083333333334 0.5067204301075269 0.6477864583333334 0.5026881720430108 0.65625 0.4969758064516129 0.65625
17 0.5151209677419355 0.5989583333333334 0.5124327956989247 0.5709635416666666 0.5137768817204301 0.5638020833333334 0.5278897849462365 0.5559895833333334 0.5319220430107527 0.5559895833333334 0.5332661290322581 0.5598958333333334 0.53125 0.5950520833333334 0.53125 0.6399739583333334 0.5305779569892473 0.6529947916666666 0.5278897849462365 0.6614583333333334 0.5241935483870968 0.6614583333333334 0.5188172043010753 0.6588541666666666
18 0.5423387096774194 0.5950520833333334 0.5369623655913979 0.572265625 0.5389784946236559 0.5598958333333334 0.5473790322580645 0.548828125 0.552755376344086 0.5475260416666666 0.5577956989247311 0.55078125 0.5611559139784946 0.5559895833333334 0.5611559139784946 0.5885416666666666 0.5641801075268817 0.6263020833333334 0.5641801075268817 0.6627604166666666 0.5598118279569892 0.677734375 0.5557795698924731 0.6803385416666666 0.5514112903225806 0.6751302083333334 0.5473790322580645 0.6653645833333334
19 0.573252688172043 0.59375 0.5688844086021505 0.5625 0.5695564516129032 0.5520833333333334 0.573252688172043 0.5475260416666666 0.5779569892473119 0.537109375 0.582997311827957 0.537109375 0.5940860215053764 0.5397135416666666 0.5967741935483871 0.544921875 0.5974462365591398 0.5638020833333334 0.5940860215053764 0.59375 0.5907258064516129 0.6399739583333334 0.5890456989247311 0.6666666666666666 0.5863575268817204 0.6751302083333334 0.5823252688172043 0.677734375 0.5772849462365591 0.6666666666666666
20 0.5974462365591398 0.5813802083333334 0.5907258064516129 0.5475260416666666 0.5920698924731183 0.53125 0.594758064516129 0.5247395833333334 0.602486559139785 0.5286458333333334 0.6115591397849462 0.5286458333333334 0.6179435483870968 0.5384114583333334 0.6192876344086021 0.5475260416666666 0.6186155913978495 0.580078125 0.6192876344086021 0.615234375 0.6199596774193549 0.6438802083333334 0.6233198924731183 0.66015625 0.6270161290322581 0.6692708333333334 0.6270161290322581 0.6764322916666666 0.6226478494623656 0.677734375 0.614247311827957 0.6751302083333334 0.6058467741935484 0.650390625
22 0.6582661290322581 0.5989583333333334 0.6575940860215054 0.5989583333333334 0.6458333333333334 0.5885416666666666 0.6394489247311828 0.5611979166666666 0.6414650537634409 0.5475260416666666 0.6471774193548387 0.5475260416666666 0.6471774193548387 0.5182291666666666 0.6535618279569892 0.509765625 0.6646505376344086 0.509765625 0.6723790322580645 0.513671875 0.6797715053763441 0.5286458333333334 0.6861559139784946 0.5520833333333334 0.6979166666666666 0.580078125 0.706989247311828 0.59375 0.7086693548387096 0.59765625 0.7086693548387096 0.6048177083333334 0.7036290322580645 0.6048177083333334 0.6911962365591398 0.59375 0.6854838709677419 0.58984375 0.6834677419354839 0.5911458333333334 0.6905241935483871 0.5963541666666666 0.706989247311828 0.6126302083333334 0.707997311827957 0.6178385416666666 0.6965725806451613 0.62109375 0.6706989247311828 0.6139322916666666
23 0.7022849462365591 0.537109375 0.6868279569892473 0.5397135416666666 0.6784274193548387 0.53125 0.675739247311828 0.509765625 0.6764112903225806 0.4993489583333333 0.6827956989247311 0.4934895833333333 0.6841397849462365 0.4733072916666667 0.6888440860215054 0.4609375 0.6952284946236559 0.4641927083333333 0.7016129032258065 0.4518229166666667 0.707997311827957 0.4505208333333333 0.7133736559139785 0.4557291666666667 0.7261424731182796 0.48828125 0.741263440860215 0.5182291666666666 0.751008064516129 0.5358072916666666 0.7580645161290323 0.544921875 0.7594086021505376 0.5533854166666666 0.7594086021505376 0.55859375 0.7560483870967742 0.5651041666666666 0.7476478494623656 0.5696614583333334 0.7315188172043011 0.5696614583333334 0.7043010752688172 0.544921875
24 0.4734543010752688 0.5885416666666666 0.4734543010752688 0.5638020833333334 0.48723118279569894 0.5598958333333334 0.4899193548387097 0.5598958333333334 0.4915994623655914 0.5651041666666666 0.4885752688172043 0.59375 0.48588709677419356 0.62109375 0.4845430107526882 0.642578125 0.4825268817204301 0.6477864583333334 0.479502688172043 0.6490885416666666 0.47614247311827956 0.6477864583333334 0.4741263440860215 0.6399739583333334
25 0.4522849462365591 0.5872395833333334 0.45161290322580644 0.5638020833333334 0.4536290322580645 0.55859375 0.4593413978494624 0.55859375 0.46774193548387094 0.5611979166666666 0.47043010752688175 0.5638020833333334 0.4717741935483871 0.572265625 0.46774193548387094 0.5989583333333334 0.46774193548387094 0.6276041666666666 0.4657258064516129 0.6438802083333334 0.4650537634408602 0.6477864583333334 0.46001344086021506 0.65625 0.45598118279569894 0.6529947916666666 0.4536290322580645 0.6477864583333334
26 0.4270833333333333 0.5911458333333334 0.4270833333333333 0.5559895833333334 0.42943548387096775 0.5423177083333334 0.4361559139784946 0.541015625 0.4425403225806452 0.544921875 0.4489247311827957 0.5475260416666666 0.45094086021505375 0.5611979166666666 0.44623655913978494 0.59765625 0.4405241935483871 0.6412760416666666 0.43413978494623656 0.6692708333333334 0.42876344086021506 0.677734375 0.42439516129032256 0.6790364583333334 0.42036290322580644 0.6725260416666666 0.4217069892473118 0.6549479166666666 0.42573924731182794 0.6354166666666666
27 0.3951612903225806 0.5709635416666666 0.39919354838709675 0.5384114583333334 0.4022177419354839 0.53125 0.40356182795698925 0.5260416666666666 0.40826612903225806 0.5260416666666666 0.41330645161290325 0.53125 0.41868279569892475 0.5384114583333334 0.4223790322580645 0.55078125 0.42439516129032256 0.5611979166666666 0.41801075268817206 0.5826822916666666 0.4173387096774194 0.6061197916666666 0.41263440860215056 0.642578125 0.40625 0.6640625 0.40288978494623656 0.6751302083333334 0.39919354838709675 0.6790364583333334 0.39381720430107525 0.6751302083333334
28 0.3588709677419355 0.572265625 0.3588709677419355 0.5358072916666666 0.36088709677419356 0.5260416666666666 0.36928763440860213 0.515625 0.3790322580645161 0.5182291666666666 0.384744623655914 0.5123697916666666 0.38743279569892475 0.5123697916666666 0.3894489247311828 0.5260416666666666 0.3894489247311828 0.5423177083333334 0.3840725806451613 0.56640625 0.3817204301075269 0.6399739583333334 0.3790322580645161 0.6627604166666666 0.3756720430107527 0.6725260416666666 0.37331989247311825 0.6751302083333334 0.3699596774193548 0.6751302083333334 0.36727150537634407 0.6614583333333334 0.3629032258064516 0.6477864583333334
29 0.30981182795698925 0.53125 0.3155241935483871 0.5045572916666666 0.3225806451612903 0.4895833333333333 0.32963709677419356 0.4830729166666667 0.3370295698924731 0.4830729166666667 0.34139784946236557 0.4856770833333333 0.34711021505376344 0.4908854166666667 0.35181451612903225 0.5110677083333334 0.364247311827957 0.5260416666666666 0.365255376344086 0.5384114583333334 0.3588709677419355 0.5546875 0.34610215053763443 0.568359375 0.33501344086021506 0.5826822916666666 0.31821236559139787 0.6061197916666666 0.3064516129032258 0.62109375 0.29939516129032256 0.6276041666666666 0.29469086021505375 0.6276041666666666 0.29401881720430106 0.62109375 0.2980510752688172 0.607421875 0.30443548387096775 0.5924479166666666 0.30981182795698925 0.5774739583333334 0.31283602150537637 0.572265625 0.30510752688172044 0.5911458333333334 0.290994623655914 0.6126302083333334 0.2856182795698925 0.615234375 0.2849462365591398 0.603515625
30 0.271505376344086 0.4869791666666667 0.2819220430107527 0.4505208333333333 0.28830645161290325 0.4420572916666667 0.2903225806451613 0.4420572916666667 0.2923387096774194 0.4420572916666667 0.2973790322580645 0.4446614583333333 0.2980510752688172 0.44921875 0.30073924731182794 0.45703125 0.30913978494623656 0.4609375 0.31149193548387094 0.466796875 0.31418010752688175 0.4759114583333333 0.31955645161290325 0.48046875 0.3245967741935484 0.4895833333333333 0.3245967741935484 0.5045572916666666 0.31955645161290325 0.5169270833333334 0.30006720430107525 0.5397135416666666 0.28897849462365593 0.5533854166666666 0.2637768817204301 0.5696614583333334 0.2553763440860215 0.5696614583333334 0.2553763440860215 0.55859375 0.26948924731182794 0.5423177083333334 0.2765456989247312 0.5286458333333334 0.2765456989247312 0.5260416666666666 0.2674731182795699 0.5423177083333334 0.25268817204301075 0.5611979166666666 0.24865591397849462 0.5520833333333334 0.2493279569892473 0.53125
