0 0.4949596774193548 0.607693359375 0.47681451612903225 0.6063912760416666 0.4741263440860215 0.5966256510416666 0.4724462365591398 0.5738391927083334 0.4717741935483871 0.554958984375 0.47435080645161287 0.524091796875 0.479502688172043 0.426052734375 0.48151881720430106 0.41172981770833333 0.4838709677419355 0.408474609375 0.48588709677419356 0.408474609375 0.489247311827957 0.422146484375 0.4950198252688172 0.5319205729166666 0.49764784946236557 0.5673287760416666 0.49899193548387094 0.594021484375 0.49764784946236557 0.603787109375
1 0.46975806451612906 0.6048177083333334 0.4536290322580645 0.607421875 0.4489247311827957 0.6015625 0.44388440860215056 0.5885416666666666 0.44321236559139787 0.5696614583333334 0.4475806451612903 0.537109375 0.45094086021505375 0.4772135416666667 0.4543010752688172 0.4505208333333333 0.45530913978494625 0.431640625 0.4573252688172043 0.42578125 0.46068548387096775 0.42578125 0.4643817204301075 0.4466145833333333 0.4657258064516129 0.4817708333333333 0.46841397849462363 0.5397135416666666 0.47110215053763443 0.5813802083333334
2 0.44321236559139787 0.5924479166666666 0.43548387096774194 0.5989583333333334 0.4307795698924731 0.6002604166666666 0.42439516129032256 0.59375 0.41801075268817206 0.5735677083333334 0.4217069892473118 0.51953125 0.4230510752688172 0.3828125 0.4264112903225806 0.3717447916666667 0.42943548387096775 0.369140625 0.43481182795698925 0.3743489583333333 0.43918010752688175 0.4140625 0.4418682795698925 0.515625 0.4475806451612903 0.5696614583333334
3 0.42439516129032256 0.5598958333333334 0.40961021505376344 0.5872395833333334 0.40625 0.5911458333333334 0.39986559139784944 0.5774739583333334 0.3951612903225806 0.5546875 0.39852150537634407 0.515625 0.39448924731182794 0.4231770833333333 0.3971774193548387 0.4140625 0.4022177419354839 0.4114583333333333 0.4055779569892473 0.4153645833333333 0.4210349462365591 0.5110677083333334 0.427755376344086 0.5436197916666666 0.42839146505376346 0.5545944010416667
4 0.39919354838709675 0.5651041666666666 0.39448924731182794 0.5813802083333334 0.38676075268817206 0.5911458333333334 0.3803763440860215 0.5859375 0.375 0.5735677083333334 0.37331989247311825 0.5533854166666666 0.37827755376344085 0.5126608072916666 0.3790322580645161 0.443359375 0.375 0.4095052083333333 0.37836021505376344 0.3990885416666667 0.3810483870967742 0.3990885416666667 0.38676075268817206 0.4055989583333333 0.39448924731182794 0.4505208333333333 0.3978494623655914 0.51953125 0.4015456989247312 0.5462239583333334 0.39986559139784944 0.55859375
5 0.35248655913978494 0.5748697916666666 0.34408602150537637 0.576171875 0.3393817204301075 0.576171875 0.33568548387096775 0.56640625 0.332997311827957 0.55078125 0.33501344086021506 0.5234375 0.34139784946236557 0.5045572916666666 0.34139784946236557 0.4694010416666667 0.34259139784946235 0.43233398437500004 0.34289012096774196 0.41901822916666664 0.34368145161290325 0.41106770833333334 0.3464758064516129 0.4057018229166667 0.3485262096774193 0.40911197916666664 0.3497627688172043 0.41728125 0.3536475134408602 0.46938671875 0.35034307795698927 0.40637434895833335 0.3505450268817204 0.39776953125000003 0.35185450268817203 0.3906490885416667 0.35438037634408603 0.39151171874999996 0.3578121639784946 0.39698763020833333 0.36063844086021507 0.40207161458333335 0.36326276881720426 0.414587890625 0.3694845430107527 0.50180859375 0.3737597446236559 0.525666015625 0.3743279569892473 0.537109375 0.3743279569892473 0.5651041666666666 0.37264784946236557 0.5748697916666666 0.3588709677419355 0.5859375
6 0.31418010752688175 0.5533854166666666 0.3064516129032258 0.5572916666666666 0.30073924731182794 0.5546875 0.29536290322580644 0.5436197916666666 0.2919022177419355 0.5277194010416667 0.2923387096774194 0.5182291666666666 0.2923387096774194 0.5071614583333334 0.29939516129032256 0.4856770833333333 0.3036105510752688 0.4643580729166667 0.3057795698924731 0.4407552083333333 0.3057795698924731 0.4016927083333333 0.30913978494623656 0.38671875 0.31350806451612906 0.3828125 0.3175403225806452 0.3893229166666667 0.32123655913978494 0.3977864583333333 0.32833938172043015 0.4681712239583333 0.3311656586021505 0.5018079427083334 0.3343413978494624 0.5260416666666666 0.332997311827957 0.5475260416666666 0.33076176075268815 0.5569557291666667 0.3245967741935484 0.56640625
8 0.5228494623655914 0.611328125 0.5026881720430108 0.607421875 0.5006720430107527 0.59375 0.49899193548387094 0.568359375 0.5047043010752689 0.5345052083333334 0.5124327956989247 0.4583333333333333 0.5201612903225806 0.4192708333333333 0.5241935483870968 0.4127604166666667 0.5262096774193549 0.4127604166666667 0.5292338709677419 0.4153645833333333 0.5292338709677419 0.439453125 0.5262096774193549 0.537109375 0.5285618279569892 0.5735677083333334 0.5278897849462365 0.5924479166666666 0.5255376344086021 0.6061197916666666
9 0.5487231182795699 0.6178385416666666 0.53125 0.6126302083333334 0.5299059139784946 0.6002604166666666 0.5299059139784946 0.5735677083333334 0.5329895833333333 0.5387037760416666 0.5376344086021505 0.474609375 0.540994623655914 0.4505208333333333 0.5436827956989247 0.4446614583333333 0.5473790322580645 0.4446614583333333 0.550739247311828 0.4479166666666667 0.5534274193548387 0.474609375 0.552755376344086 0.537109375 0.5544354838709677 0.5859375 0.5544354838709677 0.6061197916666666 0.5520833333333334 0.6165364583333334
10 0.573252688172043 0.619140625 0.5661962365591398 0.62109375 0.5625 0.62109375 0.5564516129032258 0.6100260416666666 0.5544354838709677 0.59375 0.5544354838709677 0.580078125 0.5618279569892473 0.537109375 0.5752688172043011 0.404296875 0.5779569892473119 0.3951822916666667 0.5816532258064516 0.390625 0.5836693548387096 0.3919270833333333 0.5883736559139785 0.4095052083333333 0.5856854838709677 0.5182291666666666 0.5843413978494624 0.5462239583333334 0.5843413978494624 0.5872395833333334 0.5799731182795699 0.607421875 0.5772849462365591 0.615234375
11 0.5870295698924731 0.5927194010416666 0.5799731182795699 0.590115234375 0.5772849462365591 0.5849069010416666 0.5772849462365591 0.5712350260416666 0.5772849462365591 0.562771484375 0.5870295698924731 0.5302194010416666 0.5967741935483871 0.4384225260416667 0.5997983870967742 0.41954231770833333 0.6004704301075269 0.414333984375 0.6018145161290323 0.4130319010416667 0.6038306451612904 0.41172981770833333 0.6078629032258065 0.418240234375 0.6095430107526881 0.4735787760416667 0.6095430107526881 0.541287109375 0.6095430107526881 0.5816516927083334 0.6071908602150538 0.6005319010416666 0.6050520833333334 0.6107851562500001 0.6011424731182796 0.6168079427083334 0.5900897177419355 0.6058795572916666
12 0.6186155913978495 0.603787109375 0.6065188172043011 0.5849069010416666 0.5997983870967742 0.5790475260416666 0.5981182795698925 0.568630859375 0.5987903225806451 0.5562610677083334 0.6078629032258065 0.519802734375 0.6169354838709677 0.41954231770833333 0.6219758064516129 0.410427734375 0.6233198924731183 0.410427734375 0.6246639784946236 0.410427734375 0.6276881720430108 0.414333984375 0.6297043010752689 0.4520944010416667 0.6297043010752689 0.5224069010416666 0.6330645161290323 0.5640735677083334 0.6317204301075269 0.5829537760416666 0.6263440860215054 0.5992298177083334 0.6206317204301075 0.603787109375
13 0.6542338709677419 0.5888131510416666 0.6471774193548387 0.6005319010416666 0.6414650537634409 0.6005319010416666 0.633736559139785 0.590115234375 0.6263440860215054 0.572537109375 0.6247906586021506 0.5597194010416667 0.6263440860215054 0.5464954427083334 0.6296246639784946 0.5289459635416667 0.636300067204301 0.47899479166666664 0.640213373655914 0.43394986979166666 0.6422849462365592 0.41655598958333334 0.6445870295698924 0.4062981770833333 0.6485 0.4022845052083333 0.6514926075268818 0.4005 0.6565567876344086 0.41031184895833334 0.6588585349462366 0.4281516927083333 0.6554059139784947 0.47676497395833334 0.6609304435483871 0.4370716145833333 0.6623114919354839 0.42904361979166666 0.6641528897849462 0.42413802083333335 0.6657644489247312 0.42413802083333335 0.6680661962365592 0.4312734375 0.6701381048387096 0.4473294270833333 0.6666666666666666 0.4794381510416667 0.6634623655913978 0.504416015625 0.6626344086021505 0.527615234375 0.6706989247311828 0.558865234375 0.6686827956989247 0.590115234375 0.6639784946236559 0.5927194010416666
14 0.6939028897849462 0.5643450520833333 0.6848303091397849 0.5806210937499999 0.6757577284946237 0.5806210937499999 0.6660131048387097 0.5662981770833333 0.6633249327956989 0.5500221354166667 0.6633249327956989 0.5311419270833333 0.6687012768817204 0.5090065104166667 0.6777738575268818 0.4334856770833333 0.6814700940860215 0.4061419270833333 0.686846438172043 0.3944231770833333 0.6918867607526881 0.3944231770833333 0.6952469758064516 0.40483984375 0.6959190188172042 0.4373919270833333 0.6945749327956988 0.4738502604166666 0.6972631048387096 0.5077044270833333 0.7029754704301074 0.5324440104166667 0.7043195564516128 0.5539283854166667 0.7002872983870967 0.5676002604166667
16 0.49764784946236557 0.6181100260416666 0.4963037634408602 0.572537109375 0.49966397849462363 0.5653756510416666 0.508736559139785 0.5738391927083334 0.5144489247311828 0.580349609375 0.5157930107526881 0.5849069010416666 0.5157930107526881 0.6102975260416666 0.5144489247311828 0.6754016927083333 0.5104166666666666 0.7157662760416666 0.5080645161290323 0.7222766927083333 0.5060483870967742 0.7255319010416666 0.5020161290322581 0.7196725260416666 0.49764784946236557 0.6929798177083333
18 0.5325940860215054 0.6410045572916666 0.53125 0.6045462239583334 0.53125 0.5947805989583334 0.5332661290322581 0.589572265625 0.5383064516129032 0.5869680989583334 0.5480510752688172 0.579806640625 0.5534274193548387 0.579806640625 0.5598118279569892 0.5908743489583334 0.5641801075268817 0.6084524739583334 0.5584677419354839 0.6410045572916666 0.5618279569892473 0.7139212239583334 0.5598118279569892 0.7692597656250001 0.5551075268817204 0.7881399739583334 0.552755376344086 0.7920462239583334 0.5500672043010753 0.7920462239583334 0.5473790322580645 0.7920462239583334 0.5436827956989247 0.7842337239583334
19 0.5625 0.6627604166666666 0.5534274193548387 0.6178385416666666 0.5534274193548387 0.6100260416666666 0.5591397849462365 0.603515625 0.563508064516129 0.5963541666666666 0.5688844086021505 0.5950520833333334 0.5806451612903226 0.6015625 0.5843413978494624 0.6100260416666666 0.5843413978494624 0.6165364583333334 0.582997311827957 0.6529947916666666 0.5897177419354839 0.716796875 0.5961021505376344 0.7643229166666666 0.5967741935483871 0.7721354166666666 0.5954301075268817 0.7779947916666666 0.5940860215053764 0.7805989583333334 0.5870295698924731 0.7747395833333334 0.582997311827957 0.76953125
20 0.592741935483871 0.6627604166666666 0.5836693548387096 0.6328125 0.5836693548387096 0.62109375 0.5883736559139785 0.6126302083333334 0.5913978494623656 0.611328125 0.5961021505376344 0.6015625 0.6018145161290323 0.6015625 0.6095430107526881 0.6139322916666666 0.6135752688172043 0.6315104166666666 0.6135752688172043 0.65625 0.6192876344086021 0.7018229166666666 0.6226478494623656 0.7747395833333334 0.6219758064516129 0.783203125 0.6192876344086021 0.7845052083333334 0.6169354838709677 0.7858072916666666 0.6135752688172043 0.7805989583333334 0.6018145161290323 0.6940104166666666
21 0.624505376344086 0.6638248697916667 0.6238333333333334 0.6638248697916667 0.6100564516129032 0.6364811197916667 0.610728494623656 0.6136946614583333 0.6140887096774194 0.6058821614583333 0.6204731182795699 0.598720703125 0.6251774193548387 0.598720703125 0.632233870967742 0.5922102864583333 0.6406344086021506 0.5922102864583333 0.6463467741935484 0.5974186197916667 0.6523951612903226 0.594814453125 0.6574354838709677 0.6000227864583333 0.6601236559139785 0.6189029947916667 0.6574354838709677 0.647548828125 0.674236559139785 0.7263248697916667 0.6769247311827957 0.749111328125 0.676252688172043 0.756923828125 0.674236559139785 0.7614811197916667 0.6691962365591398 0.7595279947916667 0.654747311827957 0.700283203125 0.6490349462365591 0.6892154947916667 0.6470188172043011 0.686611328125 0.643994623655914 0.686611328125 0.643994623655914 0.696376953125 0.6470188172043011 0.7165592447916667 0.6560913978494624 0.7465071614583333 0.6601236559139785 0.7543196614583333 0.6607956989247312 0.762783203125 0.6594516129032258 0.7653873697916667 0.6530672043010752 0.762783203125 0.6406344086021506 0.7380436197916667
22 0.6666666666666666 0.6451822916666666 0.6582661290322581 0.6315104166666666 0.6525537634408602 0.6139322916666666 0.6525537634408602 0.6015625 0.6525537634408602 0.59375 0.6569220430107527 0.5859375 0.6653225806451613 0.583984375 0.6743951612903226 0.5859375 0.6848118279569892 0.5774739583333334 0.6918682795698925 0.5774739583333334 0.6965725806451613 0.58984375 0.6989247311827957 0.6100260416666666 0.7002688172043011 0.62890625 0.7204301075268817 0.7076822916666666 0.7231182795698925 0.7291666666666666 0.7224462365591398 0.734375 0.7190860215053764 0.7356770833333334 0.6979166666666666 0.6764322916666666 0.6952284946236559 0.6725260416666666 0.6952284946236559 0.681640625 0.7056451612903226 0.7076822916666666 0.719758064516129 0.7369791666666666 0.7190860215053764 0.7428385416666666 0.7153897849462365 0.7428385416666666 0.7043010752688172 0.734375 0.6959005376344086 0.720703125
23 0.7028172043010752 0.6126302083333334 0.6910564516129032 0.5963541666666666 0.6880322580645162 0.5735677083333334 0.6880322580645162 0.5611979166666666 0.6910564516129032 0.5520833333333334 0.695760752688172 0.5475260416666666 0.7028172043010752 0.5475260416666666 0.7098736559139784 0.5475260416666666 0.7166360887096773 0.5392037760416667 0.7243225806451612 0.5436197916666666 0.7320510752688172 0.5611979166666666 0.7350752688172042 0.5911458333333334 0.7501962365591397 0.6640625 0.7515403225806451 0.6803385416666666 0.7508682795698924 0.6881510416666666 0.7488521505376343 0.6927083333333334 0.7441478494623656 0.6927083333333334 0.7340672043010752 0.6829427083333334
24 0.479502688172043 0.6181100260416666 0.47748655913978494 0.5816516927083334 0.4788306451612903 0.5790475260416666 0.4949596774193548 0.5790475260416666 0.49764784946236557 0.5816516927083334 0.49899193548387094 0.590115234375 0.49361559139784944 0.6226673177083334 0.48723118279569894 0.6968860677083333 0.4852150537634409 0.7092558593749999 0.4825268817204301 0.7131621093749999 0.479502688172043 0.7105579427083333 0.4781586021505376 0.6929798177083333
25 0.4633736559139785 0.6100260416666666 0.4643817204301075 0.5638020833333334 0.46639784946236557 0.5638020833333334 0.4781586021505376 0.5559895833333334 0.4831989247311828 0.5559895833333334 0.4852150537634409 0.5638020833333334 0.4852150537634409 0.5774739583333334 0.47681451612903225 0.6126302083333334 0.4717741935483871 0.7044270833333334 0.46975806451612906 0.7154947916666666 0.46706989247311825 0.7194010416666666 0.4633736559139785 0.7180989583333334 0.46135752688172044 0.7076822916666666
26 0.4321236559139785 0.6226673177083334 0.4314516129032258 0.5875110677083334 0.4334677419354839 0.576443359375 0.43985215053763443 0.568630859375 0.4475806451612903 0.5653756510416666 0.4543010752688172 0.5653756510416666 0.4593413978494624 0.5738391927083334 0.4620295698924731 0.5829537760416666 0.4620295698924731 0.5927194010416666 0.4573252688172043 0.625271484375 0.45094086021505375 0.7242298177083333 0.44321236559139787 0.7671985677083333 0.43918010752688175 0.7769641927083333 0.43783602150537637 0.7769641927083333 0.43413978494623656 0.7711048177083333 0.4334677419354839 0.7372506510416666
27 0.40423387096774194 0.6314563802083334 0.40423387096774194 0.5917428385416666 0.4106182795698925 0.571560546875 0.42036290322580644 0.567654296875 0.427755376344086 0.5702584635416666 0.4334677419354839 0.581326171875 0.43716397849462363 0.5917428385416666 0.42747647849462367 0.6339173177083334 0.4223790322580645 0.6907011718749999 0.41263440860215056 0.7597115885416666 0.40826612903225806 0.7649199218749999 0.4069220430107527 0.7636178385416666 0.4049059139784946 0.7532011718749999 0.40288978494623656 0.7323678385416666
28 0.3763440860215054 0.6379127604166667 0.3763440860215054 0.6027565104166667 0.3790322580645161 0.5838763020833333 0.3907930107526882 0.5780169270833333 0.40423387096774194 0.5890846354166667 0.4069220430107527 0.5981992187499999 0.4069220430107527 0.6092669270833333 0.3978494623655914 0.6392148437499999 0.3887768817204301 0.70562109375 0.3834005376344086 0.7433815104166667 0.375 0.7674700520833334 0.37331989247311825 0.7674700520833334 0.3713037634408602 0.76616796875 0.3699596774193548 0.7537981770833334
29 0.3330329301075269 0.636646484375 0.33098118279569894 0.5950520833333334 0.33568548387096775 0.5735677083333334 0.3387096774193548 0.568359375 0.34543010752688175 0.5748697916666666 0.3531586021505376 0.568359375 0.3575268817204301 0.568359375 0.3635752688172043 0.5787760416666666 0.3763440860215054 0.5774739583333334 0.3803763440860215 0.5885416666666666 0.3810483870967742 0.6002604166666666 0.3790322580645161 0.615234375 0.36766061827956986 0.6433938802083333 0.3588709677419355 0.6953125 0.34543010752688175 0.7356770833333334 0.3413245967741936 0.7441744791666666 0.3387096774193548 0.7454427083333334 0.3370295698924731 0.7408854166666666 0.3370295698924731 0.7356770833333334 0.3491263440860215 0.6829427083333334 0.34918245967741934 0.6741940104166666 0.34635618279569896 0.6671536458333334 0.34030006720430106 0.6820162760416667 0.332997311827957 0.716796875 0.3272849462365591 0.73828125 0.32594086021505375 0.7428385416666666 0.3245967741935484 0.7454427083333334 0.3219086021505376 0.7454427083333334 0.32056451612903225 0.734375 0.3257654569892473 0.6886653645833333
30 0.28830645161290325 0.59375 0.2896505376344086 0.5748697916666666 0.2967069892473118 0.5520833333333334 0.30376344086021506 0.55078125 0.30981182795698925 0.5559895833333334 0.3219086021505376 0.5611979166666666 0.33568548387096775 0.5787760416666666 0.3387096774193548 0.5885416666666666 0.33568548387096775 0.6048177083333334 0.32152620967741935 0.6292154947916667 0.30510752688172044 0.6764322916666666 0.2862903225806452 0.712890625 0.2758736559139785 0.7194010416666666 0.271505376344086 0.7194010416666666 0.26881720430107525 0.712890625 0.26881720430107525 0.6966145833333334
