0 0.47043010752688175 0.5911458333333334 0.479502688172043 0.515625 0.48723118279569894 0.4609375 0.49227150537634407 0.4596354166666667 0.4963037634408602 0.4641927083333333 0.49899193548387094 0.4817708333333333 0.49764784946236557 0.5638020833333334 0.49764784946236557 0.58984375 0.49899193548387094 0.65625 0.4956317204301075 0.6666666666666666 0.4717741935483871 0.6588541666666666 0.46706989247311825 0.6399739583333334 0.46706989247311825 0.6178385416666666
1 0.4424758064516129 0.6034173177083334 0.4495967741935484 0.52734375 0.4522849462365591 0.4993489583333333 0.45161290322580644 0.4830729166666667 0.4543010752688172 0.48046875 0.4586693548387097 0.4856770833333333 0.46135752688172044 0.49609375 0.4627016129032258 0.5436197916666666 0.4639448924731183 0.6002994791666666 0.4650537634408602 0.6328125 0.4657258064516129 0.6451822916666666 0.4627016129032258 0.6490885416666666 0.4522849462365591 0.6490885416666666 0.44522849462365593 0.6399739583333334 0.4425403225806452 0.625
2 0.4334677419354839 0.62890625 0.42506720430107525 0.6399739583333334 0.4173387096774194 0.6399739583333334 0.40961021505376344 0.6263020833333334 0.4069220430107527 0.6087239583333334 0.40826612903225806 0.5885416666666666 0.41330645161290325 0.572265625 0.41969086021505375 0.4368489583333333 0.4223790322580645 0.42578125 0.42506720430107525 0.42578125 0.4270833333333333 0.431640625 0.4314516129032258 0.4772135416666667 0.43716397849462363 0.5787760416666666 0.4405241935483871 0.6048177083333334 0.43783602150537637 0.6236979166666666
3 0.38239247311827956 0.5598958333333334 0.3894489247311828 0.5032552083333334 0.3894489247311828 0.4544270833333333 0.3924731182795699 0.4342447916666667 0.39448924731182794 0.4303385416666667 0.3971774193548387 0.4303385416666667 0.4022177419354839 0.4381510416666667 0.4055779569892473 0.4772135416666667 0.4112903225806452 0.55859375 0.4112903225806452 0.5989583333333334 0.4055779569892473 0.615234375 0.3958333333333333 0.6139322916666666 0.38676075268817206 0.6223958333333334 0.3803763440860215 0.6236979166666666 0.375 0.6100260416666666 0.375 0.5859375
4 0.35685483870967744 0.5475260416666666 0.3636317204301075 0.48461328124999997 0.3659274193548387 0.4407552083333333 0.3699596774193548 0.431640625 0.3743279569892473 0.4368489583333333 0.37768817204301075 0.4694010416666667 0.3763440860215054 0.5475260416666666 0.3803763440860215 0.5813802083333334 0.37836021505376344 0.5911458333333334 0.36861559139784944 0.607421875 0.3635752688172043 0.6126302083333334 0.3581989247311828 0.6126302083333334 0.3484543010752688 0.59765625 0.3477822580645161 0.5826822916666666
5 0.32661290322580644 0.58984375 0.3155241935483871 0.5989583333333334 0.31149193548387094 0.5885416666666666 0.3077956989247312 0.5696614583333334 0.30913978494623656 0.55859375 0.31485215053763443 0.5358072916666666 0.3161962365591398 0.4518229166666667 0.3175403225806452 0.4479166666666667 0.3196639784946237 0.4463658854166667 0.3219086021505376 0.44921875 0.323252688172043 0.45703125 0.32526881720430106 0.474609375 0.3288612231182796 0.426373046875 0.3304317876344086 0.42115755208333333 0.3333477822580645 0.41898437499999996 0.33805880376344083 0.42072265625 0.3405262096774193 0.42593815104166666 0.34139784946236557 0.4329427083333333 0.34139784946236557 0.4381510416666667 0.34139784946236557 0.48828125 0.34711021505376344 0.5397135416666666 0.35181451612903225 0.5638020833333334 0.34711021505376344 0.59375 0.33803763440860213 0.5989583333333334
6 0.28763440860215056 0.5638020833333334 0.27923387096774194 0.5638020833333334 0.27352150537634407 0.55859375 0.2701612903225806 0.5423177083333334 0.2701612903225806 0.5260416666666666 0.2765456989247312 0.5071614583333334 0.2805779569892473 0.4908854166666667 0.2819220430107527 0.4641927083333333 0.28125 0.4205729166666667 0.27861256720430105 0.3946451822916666 0.2788366935483871 0.3859524739583333 0.28130443548387096 0.3820403645833333 0.2842741935483871 0.3828125 0.2862903225806452 0.3919270833333333 0.28691263440860215 0.38334440104166667 0.2896505376344086 0.3815104166666667 0.29229637096774197 0.383779296875 0.29536290322580644 0.3919270833333333 0.30006720430107525 0.4368489583333333 0.30510752688172044 0.4817708333333333 0.3084677419354839 0.509765625 0.31283602150537637 0.5423177083333334 0.31216397849462363 0.5533854166666666 0.3084677419354839 0.5638020833333334 0.30006720430107525 0.5735677083333334
7 0.26176075268817206 0.5345052083333334 0.2560483870967742 0.5384114583333334 0.24630376344086022 0.5358072916666666 0.24361559139784947 0.5234375 0.2422715053763441 0.5169270833333334 0.2469758064516129 0.4993489583333333 0.2547043010752688 0.4381510416666667 0.2590725806451613 0.4127604166666667 0.2651209677419355 0.396484375 0.2701612903225806 0.3990885416666667 0.271505376344086 0.4095052083333333 0.271505376344086 0.431640625 0.271505376344086 0.48828125 0.27419354838709675 0.5221354166666666 0.2721774193548387 0.5345052083333334
8 0.5073924731182796 0.5748697916666666 0.5164650537634409 0.4856770833333333 0.521505376344086 0.4641927083333333 0.5255376344086021 0.4609375 0.5299059139784946 0.4654947916666667 0.53125 0.4869791666666667 0.53125 0.580078125 0.5352822580645161 0.62109375 0.53125 0.65625 0.5255376344086021 0.6653645833333334 0.5026881720430108 0.6614583333333334 0.5020161290322581 0.6354166666666666
9 0.540994623655914 0.58984375 0.5467069892473119 0.53125 0.5514112903225806 0.5032552083333334 0.5577956989247311 0.498046875 0.5598118279569892 0.505859375 0.5577956989247311 0.5234375 0.5591397849462365 0.58984375 0.5604838709677419 0.6263020833333334 0.5577956989247311 0.65625 0.5534274193548387 0.66015625 0.5362903225806451 0.65625 0.5352822580645161 0.6451822916666666
10 0.5668682795698925 0.59375 0.5697869623655913 0.5611087239583333 0.5751710349462366 0.5293802083333333 0.5816532258064516 0.4694010416666667 0.5856854838709677 0.45703125 0.5877016129032258 0.45703125 0.5913978494623656 0.4641927083333333 0.5913978494623656 0.4993489583333333 0.5907258064516129 0.5911458333333334 0.5920698924731183 0.6354166666666666 0.5890456989247311 0.6575520833333334 0.5816532258064516 0.6705729166666666 0.5759408602150538 0.6705729166666666 0.5677681451612904 0.6615084635416667 0.5618279569892473 0.6451822916666666 0.5604838709677419 0.6263020833333334
11 0.6004704301075269 0.6399739583333334 0.5934139784946236 0.6399739583333334 0.5856854838709677 0.6263020833333334 0.5856854838709677 0.6015625 0.5897177419354839 0.576171875 0.6018145161290323 0.4908854166666667 0.6065188172043011 0.4641927083333333 0.6102150537634409 0.4557291666666667 0.6135752688172043 0.4557291666666667 0.6149193548387096 0.4596354166666667 0.6155913978494624 0.474609375 0.616263440860215 0.5462239583333334 0.6186155913978495 0.5774739583333334 0.6226478494623656 0.6087239583333334 0.6226478494623656 0.6315104166666666 0.6192876344086021 0.6477864583333334 0.6122311827956989 0.6575520833333334
12 0.6206317204301075 0.5638020833333334 0.6263440860215054 0.5084635416666666 0.6310278897849463 0.47374739583333336 0.6332711693548387 0.4650553385416667 0.6374327956989247 0.4609375 0.6402254704301075 0.46288216145833333 0.6420198252688172 0.4676627604166667 0.6434811827956989 0.474609375 0.6434811827956989 0.513671875 0.6471774193548387 0.56640625 0.6485215053763441 0.5872395833333334 0.6518817204301075 0.615234375 0.6491935483870968 0.6354166666666666 0.6374327956989247 0.6490885416666666 0.6310483870967742 0.6341145833333334 0.6206317204301075 0.6341145833333334 0.616263440860215 0.62109375
13 0.6507620967741935 0.55859375 0.6544583333333333 0.537109375 0.6525631720430107 0.47939778645833336 0.6530117607526882 0.456796875 0.6545823252688172 0.44462760416666663 0.6590688844086021 0.43854231770833335 0.6635309139784946 0.4381510416666667 0.6675631720430107 0.4479166666666667 0.6689391801075268 0.4546236979166667 0.676635752688172 0.5260416666666666 0.6810040322580645 0.4908854166666667 0.6830201612903225 0.4720052083333333 0.6848662634408602 0.4659244791666666 0.6877244623655914 0.4641927083333333 0.6904744623655914 0.4654895833333333 0.6920927419354839 0.4694010416666667 0.6927647849462366 0.48046875 0.6931663306451612 0.4933059895833333 0.6927647849462366 0.5110677083333334 0.686380376344086 0.5533854166666666 0.6920927419354839 0.6126302083333334 0.6914206989247312 0.6263020833333334 0.6836922043010752 0.6354166666666666 0.674619623655914 0.6399739583333334 0.6618508064516129 0.6315104166666666 0.6507620967741935 0.6263020833333334 0.6469549731182795 0.6184798177083334 0.6460577956989247 0.6100260416666666 0.6449361559139785 0.5928365885416667 0.6460577956989247 0.580232421875
14 0.7002688172043011 0.6061197916666666 0.6905241935483871 0.603515625 0.6834677419354839 0.5826822916666666 0.6848118279569892 0.5709635416666666 0.6881720430107527 0.5397135416666666 0.6932123655913979 0.515625 0.6965725806451613 0.4817708333333333 0.706989247311828 0.42578125 0.7113575268817204 0.4192708333333333 0.7170698924731183 0.4192708333333333 0.7204301075268817 0.4381510416666667 0.7224462365591398 0.49609375 0.7268145161290323 0.5475260416666666 0.7301747311827957 0.5748697916666666 0.7301747311827957 0.5950520833333334 0.7224462365591398 0.607421875 0.706989247311828 0.6126302083333334
15 0.7442876344086021 0.5787760416666666 0.7335349462365591 0.572265625 0.7261424731182796 0.5559895833333334 0.7268145161290323 0.537109375 0.7261424731182796 0.4993489583333333 0.7217741935483871 0.4557291666666667 0.7217741935483871 0.4368489583333333 0.7244623655913979 0.4368489583333333 0.7335349462365591 0.4505208333333333 0.7436155913978495 0.4856770833333333 0.7580645161290323 0.5299479166666666 0.7624327956989247 0.544921875 0.7624327956989247 0.5559895833333334 0.7600806451612904 0.5625 0.7526881720430108 0.5774739583333334
16 0.4886340725806452 0.7146080729166666 0.4899193548387097 0.6705729166666666 0.49428763440860213 0.66796875 0.508736559139785 0.6725260416666666 0.508736559139785 0.681640625 0.49966397849462363 0.7506510416666666 0.4949596774193548 0.7845052083333334 0.489247311827957 0.796875 0.4852150537634409 0.7994791666666666 0.4825268817204301 0.7936197916666666
17 0.508736559139785 0.7076822916666666 0.5080645161290323 0.6803385416666666 0.5073924731182796 0.6666666666666666 0.5104166666666666 0.6627604166666666 0.5151209677419355 0.6640625 0.5285618279569892 0.6666666666666666 0.5299059139784946 0.6725260416666666 0.53125 0.685546875 0.5255376344086021 0.712890625 0.5164650537634409 0.7819010416666666 0.509744623655914 0.7994791666666666 0.5060483870967742 0.8020833333333334 0.5020161290322581 0.791015625
18 0.53125 0.7532552083333334 0.5272177419354839 0.712890625 0.5332661290322581 0.6979166666666666 0.5403225806451613 0.6881510416666666 0.5467069892473119 0.6881510416666666 0.550739247311828 0.6966145833333334 0.5551075268817204 0.7057291666666666 0.5584677419354839 0.73046875 0.5604838709677419 0.7779947916666666 0.5557795698924731 0.8196614583333334 0.5520833333333334 0.8359375 0.5467069892473119 0.8359375 0.540994623655914 0.8287760416666666
19 0.5598118279569892 0.734375 0.5520833333333334 0.7076822916666666 0.5534274193548387 0.6940104166666666 0.5591397849462365 0.681640625 0.5648521505376344 0.681640625 0.5786290322580645 0.6751302083333334 0.5856854838709677 0.6829427083333334 0.5890456989247311 0.6940104166666666 0.5843413978494624 0.7330729166666666 0.5836693548387096 0.7845052083333334 0.5856854838709677 0.8157552083333334 0.5856854838709677 0.8274739583333334 0.582997311827957 0.83203125 0.5745967741935484 0.8235677083333334
20 0.5883736559139785 0.7180989583333334 0.5786290322580645 0.6940104166666666 0.5786290322580645 0.6725260416666666 0.5816532258064516 0.6666666666666666 0.5843413978494624 0.6666666666666666 0.5934139784946236 0.6692708333333334 0.602486559139785 0.6640625 0.6095430107526881 0.6666666666666666 0.6149193548387096 0.6725260416666666 0.616263440860215 0.6829427083333334 0.6135752688172043 0.7233072916666666 0.6149193548387096 0.7819010416666666 0.616263440860215 0.8209635416666666 0.6129032258064516 0.826171875 0.6051747311827957 0.8170572916666666
21 0.6233198924731183 0.712890625 0.6088709677419355 0.685546875 0.6078629032258065 0.6666666666666666 0.6095430107526881 0.6549479166666666 0.6135752688172043 0.6529947916666666 0.6213037634408602 0.6529947916666666 0.6317204301075269 0.6399739583333334 0.6360887096774194 0.63671875 0.6485215053763441 0.6451822916666666 0.6569220430107527 0.6451822916666666 0.6602822580645161 0.6477864583333334 0.6639784946236559 0.6614583333333334 0.6626344086021505 0.7018229166666666 0.6918682795698925 0.7805989583333334 0.6918682795698925 0.7884114583333334 0.6881720430107527 0.791015625 0.6807795698924731 0.7779947916666666 0.6582661290322581 0.7395833333333334 0.6512096774193549 0.7330729166666666 0.646505376344086 0.73828125 0.646505376344086 0.755859375 0.6535618279569892 0.779296875 0.6633064516129032 0.796875 0.6646505376344086 0.8020833333333334 0.6653225806451613 0.8072916666666666 0.6596102150537635 0.8072916666666666 0.6401209677419355 0.783203125 0.633736559139785 0.76171875 0.6303763440860215 0.7291666666666666
22 0.6700268817204301 0.6881510416666666 0.6542338709677419 0.6764322916666666 0.6512096774193549 0.6549479166666666 0.6535618279569892 0.6451822916666666 0.6596102150537635 0.6399739583333334 0.6764112903225806 0.6341145833333334 0.6898521505376344 0.6178385416666666 0.697244623655914 0.6126302083333334 0.7029569892473119 0.615234375 0.7086693548387096 0.62890625 0.7106854838709677 0.6614583333333334 0.7170698924731183 0.7018229166666666 0.7335349462365591 0.7467447916666666 0.7335349462365591 0.7584635416666666 0.727486559139785 0.755859375 0.7056451612903226 0.7180989583333334 0.7022849462365591 0.712890625 0.7016129032258065 0.7180989583333334 0.7184139784946236 0.748046875 0.7281586021505376 0.7643229166666666 0.7281586021505376 0.76953125 0.7231182795698925 0.7721354166666666 0.6989247311827957 0.7454427083333334
23 0.7184139784946236 0.6549479166666666 0.706989247311828 0.63671875 0.706989247311828 0.607421875 0.7106854838709677 0.5989583333333334 0.719758064516129 0.5924479166666666 0.7288306451612904 0.5924479166666666 0.7399193548387096 0.5859375 0.7476478494623656 0.5859375 0.7553763440860215 0.5989583333333334 0.7573924731182796 0.62109375 0.7573924731182796 0.6549479166666666 0.760752688172043 0.6881510416666666 0.7644489247311828 0.703125 0.7624327956989247 0.720703125 0.7540322580645161 0.7233072916666666 0.7365591397849462 0.7044270833333334
24 0.46975806451612906 0.7018229166666666 0.46975806451612906 0.6751302083333334 0.46975806451612906 0.66796875 0.46975806451612906 0.6640625 0.47681451612903225 0.6640625 0.4852150537634409 0.6640625 0.4879032258064516 0.6692708333333334 0.4885752688172043 0.6790364583333334 0.4845430107526882 0.7018229166666666 0.47681451612903225 0.7630208333333334 0.4717741935483871 0.783203125 0.46975806451612906 0.7923177083333334 0.4657258064516129 0.7884114583333334 0.4650537634408602 0.7779947916666666
25 0.4475806451612903 0.6940104166666666 0.4475806451612903 0.6588541666666666 0.45026881720430106 0.650390625 0.4573252688172043 0.650390625 0.46975806451612906 0.6640625 0.47110215053763443 0.677734375 0.46706989247311825 0.6881510416666666 0.4620295698924731 0.7057291666666666 0.4536290322580645 0.76171875 0.4469086021505376 0.7884114583333334 0.4418682795698925 0.80078125 0.43918010752688175 0.8020833333333334 0.43783602150537637 0.796875
26 0.415994623655914 0.7005208333333334 0.41801075268817206 0.6692708333333334 0.4223790322580645 0.6529947916666666 0.42506720430107525 0.650390625 0.43010752688172044 0.650390625 0.43413978494623656 0.6516927083333334 0.4411962365591398 0.6588541666666666 0.44623655913978494 0.6725260416666666 0.4418682795698925 0.69921875 0.43783602150537637 0.712890625 0.43413978494623656 0.7454427083333334 0.4223790322580645 0.7884114583333334 0.4153225806451613 0.8046875 0.40826612903225806 0.8098958333333334 0.40423387096774194 0.8098958333333334 0.40423387096774194 0.80078125 0.40961021505376344 0.7779947916666666
27 0.38743279569892475 0.7044270833333334 0.3854166666666667 0.677734375 0.38743279569892475 0.65625 0.3901209677419355 0.650390625 0.39852150537634407 0.6490885416666666 0.4055779569892473 0.6490885416666666 0.4069220430107527 0.6490885416666666 0.40893817204301075 0.65625 0.4146505376344086 0.6614583333333334 0.4153225806451613 0.6725260416666666 0.4153225806451613 0.6803385416666666 0.4075940860215054 0.7102864583333334 0.4015456989247312 0.76171875 0.3854166666666667 0.8033854166666666 0.3790322580645161 0.8111979166666666 0.37768817204301075 0.7994791666666666 0.3834005376344086 0.783203125
28 0.359283938172043 0.6927851562499999 0.36155913978494625 0.6549479166666666 0.365255376344086 0.6399739583333334 0.37331989247311825 0.63671875 0.3790322580645161 0.63671875 0.3840725806451613 0.642578125 0.38743279569892475 0.650390625 0.39314516129032256 0.6529947916666666 0.3951612903225806 0.6588541666666666 0.3951612903225806 0.6666666666666666 0.3914650537634409 0.6790364583333334 0.38676075268817206 0.69140625 0.37768817204301075 0.703125 0.3632032930107527 0.762513671875 0.35139549731182795 0.7936888020833334 0.34139784946236557 0.80859375 0.3388884408602151 0.8008587239583332
29 0.3161962365591398 0.6640625 0.3175403225806452 0.6263020833333334 0.31888440860215056 0.615234375 0.3219086021505376 0.6139322916666666 0.3286290322580645 0.6139322916666666 0.33635752688172044 0.607421875 0.34711021505376344 0.6126302083333334 0.35114247311827956 0.6276041666666666 0.36223118279569894 0.6276041666666666 0.36727150537634407 0.6328125 0.36794354838709675 0.646484375 0.364247311827957 0.6627604166666666 0.3595430107526882 0.6705729166666666 0.34408602150537637 0.6966145833333334 0.33803763440860213 0.73046875 0.33030913978494625 0.7545572916666666 0.31821236559139787 0.7682291666666666 0.30913978494623656 0.7734375 0.3064516129032258 0.76953125 0.30981182795698925 0.7584635416666666 0.323252688172043 0.7369791666666666 0.3272849462365591 0.7233072916666666 0.32661290322580644 0.7018229166666666 0.31888440860215056 0.7018229166666666 0.30376344086021506 0.7291666666666666 0.2916666666666667 0.751953125 0.28763440860215056 0.755859375 0.28696236559139787 0.7506510416666666 0.28696236559139787 0.73828125
30 0.2758736559139785 0.6236979166666666 0.28125 0.59375 0.28897849462365593 0.5826822916666666 0.2980510752688172 0.5826822916666666 0.3064516129032258 0.5963541666666666 0.31350806451612906 0.6061197916666666 0.31485215053763443 0.6126302083333334 0.3245967741935484 0.6236979166666666 0.32594086021505375 0.63671875 0.323252688172043 0.6438802083333334 0.31149193548387094 0.66015625 0.29939516129032256 0.6725260416666666 0.27856182795698925 0.7005208333333334 0.26243279569892475 0.7233072916666666 0.2547043010752688 0.7317708333333334 0.2513440860215054 0.7265625 0.2513440860215054 0.720703125 0.2661290322580645 0.6979166666666666 0.27419354838709675 0.6842447916666666 0.27419354838709675 0.6705729166666666 0.2651209677419355 0.6881510416666666 0.24798387096774194 0.7252604166666666 0.24495967741935484 0.716796875 0.2644489247311828 0.6627604166666666
31 0.23387096774193547 0.59765625 0.23655913978494625 0.5611979166666666 0.24092741935483872 0.5520833333333334 0.24361559139784947 0.5475260416666666 0.24798387096774194 0.5462239583333334 0.25201612903225806 0.55078125 0.2604166666666667 0.5462239583333334 0.2674731182795699 0.5475260416666666 0.271505376344086 0.56640625 0.27856182795698925 0.5696614583333334 0.2799059139784946 0.580078125 0.2799059139784946 0.5950520833333334 0.2758736559139785 0.6126302083333334 0.26310483870967744 0.6328125 0.2493279569892473 0.6751302083333334 0.23454301075268819 0.6966145833333334 0.229502688172043 0.6953125 0.22547043010752688 0.6764322916666666
