0 0.4949596774193548 0.5885416666666666 0.47681451612903225 0.5885416666666666 0.46841397849462363 0.5774739583333334 0.46639784946236557 0.544921875 0.46774193548387094 0.5032552083333334 0.4536290322580645 0.3880208333333333 0.4522849462365591 0.3763020833333333 0.45530913978494625 0.3717447916666667 0.46001344086021506 0.3776041666666667 0.4734543010752688 0.4029947916666667 0.4838709677419355 0.435546875 0.4899193548387097 0.4680989583333333 0.49428763440860213 0.5045572916666666 0.49899193548387094 0.576171875
1 0.44321236559139787 0.505859375 0.43783602150537637 0.4127604166666667 0.4361559139784946 0.3990885416666667 0.43985215053763443 0.396484375 0.448252688172043 0.4095052083333333 0.45530913978494625 0.439453125 0.4627016129032258 0.5071614583333334 0.46639784946236557 0.5475260416666666 0.46639784946236557 0.56640625 0.4633736559139785 0.5735677083333334 0.4529569892473118 0.5735677083333334 0.44623655913978494 0.5651041666666666 0.4425403225806452 0.5546875
3 0.40423387096774194 0.5709635416666666 0.3978494623655914 0.5787760416666666 0.3907930107526882 0.5859375 0.3860887096774194 0.5859375 0.3834005376344086 0.5735677083333334 0.3834005376344086 0.5638020833333334 0.38676075268817206 0.5247395833333334 0.37836021505376344 0.4016927083333333 0.3797043010752688 0.3893229166666667 0.38239247311827956 0.3880208333333333 0.38676075268817206 0.396484375 0.4075940860215054 0.5123697916666666 0.41330645161290325 0.5397135416666666 0.41397849462365593 0.5520833333333334 0.4106182795698925 0.5696614583333334
4 0.3797043010752688 0.5559895833333334 0.3706317204301075 0.572265625 0.36223118279569894 0.572265625 0.35618279569892475 0.55859375 0.35618279569892475 0.5462239583333334 0.36155913978494625 0.5084635416666666 0.3602150537634409 0.4095052083333333 0.3629032258064516 0.3951822916666667 0.36727150537634407 0.3951822916666667 0.3699596774193548 0.4140625 0.3743279569892473 0.4505208333333333 0.3797043010752688 0.5110677083333334 0.3854166666666667 0.5423177083333334
4 0.44038944892473114 0.55651171875 0.4360211693548387 0.5766940104166667 0.4319889112903226 0.5832044270833333 0.4276206317204301 0.5890638020833333 0.41854805107526877 0.5792981770833333 0.4104835349462365 0.5617200520833333 0.4088034274193548 0.5454440104166667 0.4124996639784946 0.5161471354166667 0.39905880376344083 0.37226692708333337 0.39905880376344083 0.34166796875 0.3997308467741935 0.33190234375 0.40275504032258064 0.33190234375 0.4054432123655914 0.33711067708333337 0.4209002016129032 0.42955859375 0.4346770833333333 0.51744921875 0.4417335349462365 0.5402356770833333
5 0.31888440860215056 0.48828125 0.31149193548387094 0.4342447916666667 0.30981182795698925 0.4069010416666667 0.31283602150537637 0.404296875 0.3155241935483871 0.4095052083333333 0.31888440860215056 0.4205729166666667 0.3225806451612903 0.4342447916666667 0.32123655913978494 0.37890625 0.32123655913978494 0.369140625 0.3233380376344086 0.36491731770833336 0.32589784946236555 0.3641341145833333 0.32899630376344086 0.366744140625 0.33098118279569894 0.3717447916666667 0.3491263440860215 0.4733072916666667 0.35618279569892475 0.4856770833333333 0.36155913978494625 0.5182291666666666 0.36088709677419356 0.5286458333333334 0.3588709677419355 0.533203125 0.354502688172043 0.533203125 0.3504704301075269 0.544921875 0.34408602150537637 0.55078125 0.3407258064516129 0.544921875 0.3343413978494624 0.5546875 0.3239247311827957 0.5546875 0.3175403225806452 0.5345052083333334 0.3175403225806452 0.5182291666666666
7 0.2415994623655914 0.49609375 0.23387096774193547 0.4908854166666667 0.2318548387096774 0.4694010416666667 0.2318548387096774 0.453125 0.23655913978494625 0.4342447916666667 0.23723118279569894 0.4016927083333333 0.23723118279569894 0.3743489583333333 0.23891129032258066 0.361328125 0.23891129032258066 0.3587239583333333 0.24294354838709678 0.3600260416666667 0.24495967741935484 0.3665364583333333 0.25 0.3854166666666667 0.25268817204301075 0.4029947916666667 0.2547043010752688 0.4095052083333333 0.259744623655914 0.3938802083333333 0.2610887096774194 0.3743489583333333 0.2610887096774194 0.361328125 0.2644489247311828 0.3587239583333333 0.26948924731182794 0.3626302083333333 0.26948924731182794 0.3815104166666667 0.26948924731182794 0.4055989583333333 0.26948924731182794 0.4329427083333333 0.2701612903225806 0.4609375 0.2708333333333333 0.4830729166666667 0.2674731182795699 0.4993489583333333 0.2553763440860215 0.505859375
8 0.5026881720430108 0.501953125 0.5178091397849462 0.4095052083333333 0.5248655913978495 0.390625 0.5299059139784946 0.3880208333333333 0.5332661290322581 0.3938802083333333 0.5362903225806451 0.4095052083333333 0.5305779569892473 0.513671875 0.5325940860215054 0.5572916666666666 0.53125 0.5826822916666666 0.5248655913978495 0.59375 0.5033602150537635 0.5911458333333334 0.49966397849462363 0.576171875
9 0.5346102150537635 0.51953125 0.5346102150537635 0.515625 0.5460349462365591 0.4290364583333333 0.5544354838709677 0.3990885416666667 0.5591397849462365 0.3938802083333333 0.5611559139784946 0.3938802083333333 0.5625 0.3990885416666667 0.5625 0.408203125 0.5571236559139785 0.4505208333333333 0.5564516129032258 0.5234375 0.5564516129032258 0.5696614583333334 0.5520833333333334 0.5826822916666666 0.5480510752688172 0.5885416666666666 0.5389784946236559 0.5885416666666666 0.5305779569892473 0.5774739583333334
10 0.5611559139784946 0.541015625 0.5806451612903226 0.4095052083333333 0.585013440860215 0.3567708333333333 0.5890456989247311 0.34375 0.5913978494623656 0.34765625 0.5920698924731183 0.3626302083333333 0.5920698924731183 0.4244791666666667 0.5863575268817204 0.541015625 0.5883736559139785 0.576171875 0.5863575268817204 0.5911458333333334 0.5799731182795699 0.607421875 0.573252688172043 0.6126302083333334 0.5668682795698925 0.6126302083333334 0.5604838709677419 0.59765625 0.5564516129032258 0.580078125 0.5557795698924731 0.5748697916666666 0.5557795698924731 0.5638020833333334
11 0.5987903225806451 0.5950520833333334 0.5987903225806451 0.59375 0.5890456989247311 0.5989583333333334 0.5836693548387096 0.58984375 0.582997311827957 0.5611979166666666 0.5907258064516129 0.5358072916666666 0.6031586021505376 0.4342447916666667 0.6088709677419355 0.4205729166666667 0.6108870967741935 0.4205729166666667 0.6129032258064516 0.4270833333333333 0.6115591397849462 0.5520833333333334 0.6192876344086021 0.5885416666666666 0.6155913978494624 0.6048177083333334 0.6088709677419355 0.6126302083333334
12 0.6414650537634409 0.55859375 0.6421370967741935 0.5611979166666666 0.644489247311828 0.5748697916666666 0.6407930107526881 0.5950520833333334 0.6303763440860215 0.603515625 0.6219758064516129 0.5963541666666666 0.614247311827957 0.5963541666666666 0.6088709677419355 0.580078125 0.6088709677419355 0.5696614583333334 0.6135752688172043 0.5475260416666666 0.614247311827957 0.4231770833333333 0.6169354838709677 0.41796875 0.6219758064516129 0.41796875 0.6253360215053764 0.4368489583333333 0.633736559139785 0.544921875
13 0.6491935483870968 0.4993489583333333 0.65625 0.4205729166666667 0.6616263440860215 0.396484375 0.665994623655914 0.3828125 0.6686827956989247 0.3828125 0.6706989247311828 0.3893229166666667 0.6737231182795699 0.4029947916666667 0.6750672043010753 0.4231770833333333 0.6750672043010753 0.431640625 0.6737231182795699 0.4641927083333333 0.6784274193548387 0.4407552083333333 0.6821236559139785 0.4342447916666667 0.6861559139784946 0.4342447916666667 0.6868279569892473 0.4420572916666667 0.6827956989247311 0.4680989583333333 0.6784274193548387 0.509765625 0.6848118279569892 0.5462239583333334 0.6790994623655914 0.5611979166666666 0.6730510752688172 0.5696614583333334 0.6646505376344086 0.56640625 0.6535618279569892 0.572265625 0.6387768817204301 0.5625 0.638047379032258 0.547326171875 0.6386488575268817 0.5330533854166667 0.6412046370967741 0.5149934895833334
14 0.6938844086021505 0.498046875 0.6898521505376344 0.41796875 0.6898521505376344 0.4095052083333333 0.6925403225806451 0.4069010416666667 0.6938844086021505 0.4069010416666667 0.6979166666666666 0.41796875 0.7036290322580645 0.4505208333333333 0.7043010752688172 0.4641927083333333 0.7049731182795699 0.4680989583333333 0.7029569892473119 0.4290364583333333 0.7029569892473119 0.4055989583333333 0.706989247311828 0.3990885416666667 0.7133736559139785 0.4095052083333333 0.7184139784946236 0.435546875 0.719758064516129 0.4772135416666667 0.7315188172043011 0.5169270833333334 0.7335349462365591 0.5397135416666666 0.7335349462365591 0.5423177083333334 0.7281586021505376 0.5475260416666666 0.7254704301075269 0.55078125 0.7211021505376344 0.5546875 0.717741935483871 0.5546875 0.710013440860215 0.5611979166666666 0.7029569892473119 0.5638020833333334 0.697244623655914 0.5638020833333334 0.6925403225806451 0.5533854166666666
16 0.5006720430107527 0.6451822916666666 0.5026881720430108 0.5911458333333334 0.521505376344086 0.5989583333333334 0.5178091397849462 0.6490885416666666 0.5178091397849462 0.6927083333333334 0.5178091397849462 0.7317708333333334 0.5188172043010753 0.7454427083333334 0.5164650537634409 0.7545572916666666 0.5137768817204301 0.7545572916666666 0.5080645161290323 0.748046875
17 0.5248655913978495 0.6529947916666666 0.5208333333333334 0.607421875 0.5208333333333334 0.5989583333333334 0.5235215053763441 0.5911458333333334 0.5376344086021505 0.5911458333333334 0.543010752688172 0.5950520833333334 0.5460349462365591 0.5989583333333334 0.5467069892473119 0.607421875 0.5467069892473119 0.6126302083333334 0.5416666666666666 0.6575520833333334 0.543010752688172 0.720703125 0.5416666666666666 0.7428385416666666 0.5389784946236559 0.7545572916666666 0.5376344086021505 0.7584635416666666 0.5346102150537635 0.7584635416666666 0.5319220430107527 0.7545572916666666
18 0.5473790322580645 0.6653645833333334 0.5473790322580645 0.6139322916666666 0.5520833333333334 0.6002604166666666 0.5625 0.5989583333333334 0.5725806451612904 0.6002604166666666 0.5766129032258065 0.603515625 0.5793010752688172 0.6126302083333334 0.5793010752688172 0.6236979166666666 0.5745967741935484 0.6614583333333334 0.5806451612903226 0.7721354166666666 0.5786290322580645 0.791015625 0.5752688172043011 0.796875 0.5688844086021505 0.7897135416666666
19 0.5786290322580645 0.6490885416666666 0.5702284946236559 0.6178385416666666 0.5702284946236559 0.6061197916666666 0.5766129032258065 0.5950520833333334 0.5823252688172043 0.59375 0.5877016129032258 0.59375 0.5961021505376344 0.59375 0.6018145161290323 0.59765625 0.6058467741935484 0.6087239583333334 0.604502688172043 0.6341145833333334 0.602486559139785 0.6516927083333334 0.6051747311827957 0.7141927083333334 0.6071908602150538 0.748046875 0.6078629032258065 0.7584635416666666 0.6065188172043011 0.7682291666666666 0.6031586021505376 0.7682291666666666 0.5974462365591398 0.7604166666666666
20 0.6051747311827957 0.6399739583333334 0.5981182795698925 0.6126302083333334 0.5974462365591398 0.6002604166666666 0.6011424731182796 0.5924479166666666 0.6078629032258065 0.5885416666666666 0.6149193548387096 0.5911458333333334 0.6226478494623656 0.5911458333333334 0.6270161290322581 0.59375 0.6283602150537635 0.603515625 0.6270161290322581 0.638671875 0.6310483870967742 0.6966145833333334 0.6394489247311828 0.7643229166666666 0.6394489247311828 0.7760416666666666 0.6354166666666666 0.7805989583333334 0.6283602150537635 0.76953125
21 0.6344086021505376 0.6315104166666666 0.6246639784946236 0.583984375 0.6253360215053764 0.572265625 0.6297043010752689 0.5651041666666666 0.636760752688172 0.5651041666666666 0.6458333333333334 0.5748697916666666 0.65625 0.5625 0.6633064516129032 0.5625 0.6693548387096774 0.5651041666666666 0.6737231182795699 0.572265625 0.6743951612903226 0.5859375 0.675739247311828 0.6015625 0.6723790322580645 0.62109375 0.6814516129032258 0.69921875 0.6827956989247311 0.720703125 0.6827956989247311 0.7265625 0.6797715053763441 0.7265625 0.675739247311828 0.716796875 0.6616263440860215 0.6477864583333334 0.6569220430107527 0.6477864583333334 0.6555779569892473 0.65625 0.6575940860215054 0.6751302083333334 0.6646505376344086 0.7180989583333334 0.6666666666666666 0.7317708333333334 0.6653225806451613 0.7369791666666666 0.6575940860215054 0.7330729166666666 0.646505376344086 0.69921875 0.6394489247311828 0.6451822916666666
22 0.6827956989247311 0.6178385416666666 0.6723790322580645 0.5787760416666666 0.6764112903225806 0.56640625 0.6827956989247311 0.5638020833333334 0.6938844086021505 0.5638020833333334 0.7133736559139785 0.5572916666666666 0.717741935483871 0.5651041666666666 0.7211021505376344 0.5859375 0.7231182795698925 0.6165364583333334 0.7301747311827957 0.6614583333333334 0.7358870967741935 0.69140625 0.7352150537634409 0.703125 0.7288306451612904 0.703125 0.717741935483871 0.6725260416666666 0.707997311827957 0.63671875 0.7063172043010753 0.6399739583333334 0.7063172043010753 0.6490885416666666 0.7106854838709677 0.6692708333333334 0.7184139784946236 0.7044270833333334 0.7163978494623656 0.7102864583333334 0.7106854838709677 0.7102864583333334 0.6989247311827957 0.6829427083333334
24 0.48151881720430106 0.63671875 0.4808467741935484 0.5826822916666666 0.5026881720430108 0.5859375 0.49831989247311825 0.638671875 0.4963037634408602 0.6692708333333334 0.4905913978494624 0.7265625 0.48588709677419356 0.744140625 0.48151881720430106 0.7428385416666666 0.4781586021505376 0.73046875 0.48151881720430106 0.677734375
25 0.45598118279569894 0.6328125 0.4620295698924731 0.58984375 0.4633736559139785 0.5826822916666666 0.47110215053763443 0.580078125 0.4831989247311828 0.58984375 0.4845430107526882 0.6002604166666666 0.4754704301075269 0.6451822916666666 0.4586693548387097 0.7265625 0.4566532258064516 0.734375 0.4522849462365591 0.7369791666666666 0.45026881720430106 0.734375 0.4475806451612903 0.7278645833333334
26 0.4306653225806452 0.632849609375 0.4321236559139785 0.59765625 0.43413978494623656 0.5826822916666666 0.43985215053763443 0.5748697916666666 0.4475806451612903 0.572265625 0.45094086021505375 0.572265625 0.45598118279569894 0.580078125 0.4593413978494624 0.5924479166666666 0.4593413978494624 0.6015625 0.4593413978494624 0.6126302083333334 0.45094086021505375 0.6399739583333334 0.43716397849462363 0.7154947916666666 0.42876344086021506 0.748046875 0.4217069892473118 0.76171875 0.42036290322580644 0.7630208333333334 0.4173387096774194 0.7571614583333334 0.4166666666666667 0.7454427083333334
27 0.4015456989247312 0.6236979166666666 0.4022177419354839 0.5911458333333334 0.4075940860215054 0.576171875 0.4146505376344086 0.56640625 0.41868279569892475 0.56640625 0.4217069892473118 0.56640625 0.4264112903225806 0.572265625 0.42943548387096775 0.5826822916666666 0.42943548387096775 0.5911458333333334 0.42876344086021506 0.603515625 0.4270833333333333 0.6178385416666666 0.42036290322580644 0.638671875 0.40625 0.7180989583333334 0.39919354838709675 0.7408854166666666 0.3958333333333333 0.744140625 0.39381720430107525 0.7395833333333334
28 0.3756720430107527 0.6139322916666666 0.3743279569892473 0.580078125 0.37701612903225806 0.5735677083333334 0.384744623655914 0.5638020833333334 0.3914650537634409 0.5638020833333334 0.3971774193548387 0.568359375 0.40288978494623656 0.5787760416666666 0.4049059139784946 0.58984375 0.4049059139784946 0.5989583333333334 0.3951612903225806 0.625 0.38239247311827956 0.6966145833333334 0.36928763440860213 0.734375 0.3629032258064516 0.744140625 0.36155913978494625 0.7428385416666666 0.3665994623655914 0.7076822916666666 0.37264784946236557 0.66015625
29 0.3286290322580645 0.607421875 0.32661290322580644 0.5598958333333334 0.3279569892473118 0.5475260416666666 0.33098118279569894 0.544921875 0.33568548387096775 0.544921875 0.34139784946236557 0.544921875 0.354502688172043 0.5611979166666666 0.36861559139784944 0.5520833333333334 0.375 0.5533854166666666 0.37836021505376344 0.5625 0.3790322580645161 0.5774739583333334 0.3719758064516129 0.59375 0.3659274193548387 0.6087239583333334 0.36223118279569894 0.6263020833333334 0.35618279569892475 0.66796875 0.3484543010752688 0.69140625 0.33635752688172044 0.7233072916666666 0.332997311827957 0.7233072916666666 0.3323252688172043 0.712890625 0.34206989247311825 0.6705729166666666 0.34610215053763443 0.642578125 0.34475806451612906 0.6328125 0.34206989247311825 0.62890625 0.3393817204301075 0.638671875 0.32963709677419356 0.685546875 0.3225806451612903 0.7005208333333334 0.31955645161290325 0.7076822916666666 0.3155241935483871 0.7018229166666666
30 0.2805779569892473 0.5924479166666666 0.28125 0.5572916666666666 0.2842741935483871 0.537109375 0.2916666666666667 0.5260416666666666 0.2960349462365591 0.5260416666666666 0.3030913978494624 0.533203125 0.3155241935483871 0.533203125 0.32594086021505375 0.5397135416666666 0.33098118279569894 0.5533854166666666 0.3316532258064516 0.5735677083333334 0.32526881720430106 0.59375 0.31821236559139787 0.6165364583333334 0.3071236559139785 0.6666666666666666 0.29536290322580644 0.6979166666666666 0.28897849462365593 0.7018229166666666 0.28830645161290325 0.69140625 0.29469086021505375 0.6575520833333334 0.30006720430107525 0.6263020833333334 0.29939516129032256 0.6178385416666666 0.2960349462365591 0.619140625 0.28830645161290325 0.6477864583333334 0.2799059139784946 0.6829427083333334 0.2758736559139785 0.6927083333333334 0.271505376344086 0.685546875 0.271505376344086 0.677734375
31 0.2724059139784946 0.5422311197916666 0.27271975806451615 0.5274830729166667 0.267278561827957 0.5233587239583334 0.26656854838709676 0.509609375 0.2625467069892473 0.503193359375 0.254502688172043 0.503193359375 0.2485880376344086 0.507318359375 0.2410174731182796 0.520150390625 0.23462970430107527 0.5371074218749999 0.22705880376344084 0.5435240885416667 0.21948823924731184 0.554064453125 0.21712231182795697 0.56598046875 0.21712231182795697 0.5888951822916667 0.22185416666666669 0.5893535156249999 0.23013440860215054 0.5866041666666667 0.23652217741935483 0.5847708333333334 0.2348662634408602 0.592103515625 0.2298978494623656 0.6021861979166666 0.22445665322580644 0.6200598958333333 0.22398319892473117 0.6292259114583333 0.2351028225806452 0.6278509114583334 0.24574899193548388 0.6200598958333333 0.2523736559139785 0.6159348958333334 0.2601807795698925 0.6044778645833333 0.27461256720430105 0.6008111979166667 0.2836028225806451 0.5838541666666667 0.2850221774193548 0.56735546875 0.2836028225806451 0.5522317708333333 0.2779247311827957 0.542607421875
