0 0.5067204301075269 0.642578125 0.4845430107526882 0.650390625 0.4801747311827957 0.6451822916666666 0.47748655913978494 0.6328125 0.47681451612903225 0.6165364583333334 0.48151881720430106 0.572265625 0.48588709677419356 0.4993489583333333 0.48723118279569894 0.4934895833333333 0.49294354838709675 0.4895833333333333 0.4956317204301075 0.4908854166666667 0.49966397849462363 0.5084635416666666 0.5026881720430108 0.572265625 0.5080645161290323 0.615234375 0.508736559139785 0.62890625
1 0.4734543010752688 0.638671875 0.46639784946236557 0.63671875 0.4593413978494624 0.619140625 0.457997311827957 0.5963541666666666 0.46001344086021506 0.5748697916666666 0.4529569892473118 0.4772135416666667 0.4536290322580645 0.4680989583333333 0.4566532258064516 0.466796875 0.4593413978494624 0.4694010416666667 0.4657258064516129 0.4895833333333333 0.47681451612903225 0.568359375 0.4825268817204301 0.5963541666666666 0.4831989247311828 0.619140625 0.48151881720430106 0.6328125
2 0.44522849462365593 0.6549479166666666 0.43481182795698925 0.650390625 0.4264112903225806 0.6315104166666666 0.42573924731182794 0.6100260416666666 0.427755376344086 0.583984375 0.41969086021505375 0.4609375 0.41969086021505375 0.4505208333333333 0.42036290322580644 0.443359375 0.4237231182795699 0.443359375 0.427755376344086 0.44921875 0.43548387096774194 0.478515625 0.448252688172043 0.5774739583333334 0.4566532258064516 0.611328125 0.4566532258064516 0.6263020833333334 0.45530913978494625 0.6341145833333334 0.4529569892473118 0.6412760416666666
3 0.4146505376344086 0.6354166666666666 0.40423387096774194 0.65625 0.3951612903225806 0.6451822916666666 0.3907930107526882 0.6178385416666666 0.3951612903225806 0.5963541666666666 0.38676075268817206 0.4817708333333333 0.38676075268817206 0.4720052083333333 0.3894489247311828 0.466796875 0.3914650537634409 0.4654947916666667 0.3951612903225806 0.4694010416666667 0.4049059139784946 0.498046875 0.4217069892473118 0.5774739583333334 0.427755376344086 0.59375 0.43010752688172044 0.615234375 0.42876344086021506 0.642578125
4 0.38676075268817206 0.6451822916666666 0.3743279569892473 0.650390625 0.3665994623655914 0.6490885416666666 0.36155913978494625 0.63671875 0.3602150537634409 0.62109375 0.3665994623655914 0.5950520833333334 0.36155913978494625 0.474609375 0.36155913978494625 0.4641927083333333 0.364247311827957 0.4583333333333333 0.36727150537634407 0.4583333333333333 0.3713037634408602 0.4641927083333333 0.3797043010752688 0.5032552083333334 0.38810483870967744 0.5826822916666666 0.3971774193548387 0.615234375 0.39448924731182794 0.6341145833333334
6 0.2860352822580645 0.623271484375 0.28092741935483867 0.6225240885416666 0.2752016129032258 0.6126302083333334 0.2701612903225806 0.59765625 0.26948924731182794 0.5859375 0.2716757392473118 0.5674212239583333 0.2752016129032258 0.5625 0.26948924731182794 0.51953125 0.26713004032258064 0.4909427083333333 0.26702755376344084 0.4851861979166667 0.26723252688172044 0.4796282552083333 0.26815423387096776 0.47625390624999997 0.26948924731182794 0.4733072916666667 0.271533938172043 0.47109244791666666 0.27352150537634407 0.4720052083333333 0.2746065188172043 0.4748639322916666 0.2787029569892473 0.49034765625 0.2807513440860215 0.49908138020833337 0.2819220430107527 0.4518229166666667 0.28341431451612903 0.44488997395833335 0.28495026881720426 0.440919921875 0.28638407258064513 0.4385377604166667 0.28822782258064517 0.43714843750000004 0.290994623655914 0.4368489583333333 0.29314381720430105 0.4413170572916667 0.29580645161290325 0.45580729166666667 0.31365557795698923 0.5720533854166666 0.3168360215053763 0.5952154947916667 0.3167395833333333 0.608291015625 0.3133084677419355 0.6186015625 0.306466061827957 0.6266334635416667 0.2960349462365591 0.62890625
8 0.5460349462365591 0.6451822916666666 0.5272177419354839 0.6438802083333334 0.5235215053763441 0.6412760416666666 0.5208333333333334 0.6236979166666666 0.521505376344086 0.6048177083333334 0.5255376344086021 0.5696614583333334 0.5332661290322581 0.48828125 0.5362903225806451 0.4772135416666667 0.540994623655914 0.474609375 0.5436827956989247 0.474609375 0.5473790322580645 0.4869791666666667 0.5500672043010753 0.56640625 0.5544354838709677 0.6015625 0.5534274193548387 0.62890625 0.550739247311828 0.6412760416666666
9 0.5668682795698925 0.6451822916666666 0.5551075268817204 0.625 0.5544354838709677 0.6015625 0.5591397849462365 0.572265625 0.5668682795698925 0.48046875 0.5725806451612904 0.4641927083333333 0.5766129032258065 0.462890625 0.5806451612903226 0.4720052083333333 0.582997311827957 0.5032552083333334 0.5823252688172043 0.576171875 0.5843413978494624 0.6048177083333334 0.5836693548387096 0.615234375 0.5806451612903226 0.625
10 0.5967741935483871 0.642578125 0.5890456989247311 0.6490885416666666 0.5836693548387096 0.6451822916666666 0.5786290322580645 0.6315104166666666 0.5779569892473119 0.6165364583333334 0.5779569892473119 0.607421875 0.5843413978494624 0.58984375 0.5907258064516129 0.4856770833333333 0.594758064516129 0.478515625 0.5974462365591398 0.4772135416666667 0.6011424731182796 0.4830729166666667 0.604502688172043 0.509765625 0.6078629032258065 0.583984375 0.6135752688172043 0.6126302083333334 0.6149193548387096 0.6302083333333334 0.6129032258064516 0.6438802083333334 0.6018145161290323 0.6516927083333334
11 0.6199596774193549 0.6438802083333334 0.6129032258064516 0.6399739583333334 0.6078629032258065 0.62890625 0.6078629032258065 0.619140625 0.6129032258064516 0.59375 0.6186155913978495 0.5045572916666666 0.6226478494623656 0.4772135416666667 0.6263440860215054 0.466796875 0.6290322580645161 0.466796875 0.6317204301075269 0.4720052083333333 0.6310483870967742 0.509765625 0.6317204301075269 0.5384114583333334 0.636760752688172 0.5950520833333334 0.6451612903225806 0.6178385416666666 0.6451612903225806 0.6315104166666666 0.6434811827956989 0.6399739583333334 0.636760752688172 0.6549479166666666
13 0.6673387096774194 0.6399739583333334 0.65625 0.6451822916666666 0.6478494623655914 0.6451822916666666 0.6414650537634409 0.6341145833333334 0.6381048387096774 0.6087239583333334 0.646505376344086 0.5859375 0.6542338709677419 0.5045572916666666 0.6569220430107527 0.4895833333333333 0.6602822580645161 0.4817708333333333 0.6631108870967741 0.47988020833333334 0.665994623655914 0.4817708333333333 0.6674946236559139 0.48616015625 0.668010752688172 0.4908854166666667 0.6646505376344086 0.5397135416666666 0.665994623655914 0.544921875 0.6686827956989247 0.5436197916666666 0.6700268817204301 0.5345052083333334 0.676262432795699 0.48985481770833333 0.677755376344086 0.484375 0.6797715053763441 0.484375 0.6834677419354839 0.4908854166666667 0.6854838709677419 0.509765625 0.6807795698924731 0.5859375 0.6848118279569892 0.611328125 0.6827956989247311 0.6315104166666666 0.675739247311828 0.642578125
14 0.7049731182795699 0.6236979166666666 0.6932123655913979 0.6302083333333334 0.6888440860215054 0.6236979166666666 0.6841397849462365 0.6100260416666666 0.6841397849462365 0.58984375 0.6911962365591398 0.5748697916666666 0.7009408602150538 0.4830729166666667 0.7049731182795699 0.4733072916666667 0.7093413978494624 0.474609375 0.7120295698924731 0.4869791666666667 0.7106854838709677 0.5221354166666666 0.7106854838709677 0.5345052083333334 0.7133736559139785 0.52734375 0.7288306451612904 0.470703125 0.7321908602150538 0.4694010416666667 0.7345430107526881 0.4759114583333333 0.7345430107526881 0.49609375 0.7244623655913979 0.5748697916666666 0.727486559139785 0.5963541666666666 0.7288306451612904 0.611328125 0.7190860215053764 0.6315104166666666
15 0.7567204301075269 0.6100260416666666 0.7426075268817204 0.625 0.7372311827956989 0.62109375 0.7301747311827957 0.6087239583333334 0.727486559139785 0.5885416666666666 0.7308467741935484 0.56640625 0.7281586021505376 0.49609375 0.727486559139785 0.4772135416666667 0.7301747311827957 0.4641927083333333 0.7345430107526881 0.4609375 0.7385752688172043 0.4609375 0.7456317204301075 0.4720052083333333 0.7624327956989247 0.5475260416666666 0.7698252688172043 0.56640625 0.7721774193548387 0.5885416666666666 0.7678091397849462 0.6015625
16 0.5221774193548387 0.6575520833333334 0.521505376344086 0.615234375 0.5235215053763441 0.6126302083333334 0.5352822580645161 0.6165364583333334 0.5443548387096774 0.6236979166666666 0.5480510752688172 0.6276041666666666 0.5480510752688172 0.63671875 0.5396505376344086 0.6666666666666666 0.5319220430107527 0.7506510416666666 0.5285618279569892 0.7643229166666666 0.5262096774193549 0.7669270833333334 0.5235215053763441 0.765625 0.5201612903225806 0.7571614583333334
17 0.5423387096774194 0.6692708333333334 0.5423387096774194 0.6399739583333334 0.5453629032258065 0.62890625 0.5514112903225806 0.625 0.5625 0.6263020833333334 0.5682123655913979 0.6341145833333334 0.5682123655913979 0.6490885416666666 0.5584677419354839 0.6829427083333334 0.5436827956989247 0.7819010416666666 0.5416666666666666 0.783203125 0.5376344086021505 0.7819010416666666
18 0.5648521505376344 0.6803385416666666 0.5618279569892473 0.650390625 0.5618279569892473 0.6399739583333334 0.5682123655913979 0.6223958333333334 0.5752688172043011 0.619140625 0.5806451612903226 0.6236979166666666 0.5877016129032258 0.63671875 0.5913978494623656 0.6529947916666666 0.5863575268817204 0.6803385416666666 0.5843413978494624 0.8020833333333334 0.5806451612903226 0.8131510416666666 0.5766129032258065 0.8131510416666666 0.5725806451612904 0.796875
19 0.592741935483871 0.69140625 0.5877016129032258 0.6588541666666666 0.5877016129032258 0.6451822916666666 0.602486559139785 0.6328125 0.6115591397849462 0.6354166666666666 0.6213037634408602 0.646484375 0.623991935483871 0.6529947916666666 0.6155913978494624 0.6940104166666666 0.6135752688172043 0.8046875 0.6129032258064516 0.814453125 0.6095430107526881 0.8157552083333334 0.6038306451612904 0.8046875
20 0.623991935483871 0.6881510416666666 0.6155913978494624 0.6640625 0.6155913978494624 0.6575520833333334 0.6199596774193549 0.642578125 0.6283602150537635 0.6354166666666666 0.6374327956989247 0.6354166666666666 0.644489247311828 0.6412760416666666 0.6485215053763441 0.6490885416666666 0.6498655913978495 0.6614583333333334 0.6434811827956989 0.6881510416666666 0.6491935483870968 0.7994791666666666 0.6471774193548387 0.8072916666666666 0.646505376344086 0.80859375 0.6428091397849462 0.80859375 0.6387768817204301 0.7994791666666666
21 0.6549059139784946 0.6868489583333334 0.6451612903225806 0.6575520833333334 0.6458333333333334 0.6438802083333334 0.6525537634408602 0.6328125 0.6589381720430108 0.6315104166666666 0.6673387096774194 0.6412760416666666 0.6770833333333334 0.625 0.6854838709677419 0.6236979166666666 0.6905241935483871 0.62890625 0.6959005376344086 0.6315104166666666 0.6989247311827957 0.6451822916666666 0.6989247311827957 0.6529947916666666 0.6938844086021505 0.6829427083333334 0.7063172043010753 0.7721354166666666 0.706989247311828 0.7845052083333334 0.7049731182795699 0.791015625 0.7022849462365591 0.791015625 0.6875 0.7265625 0.6814516129032258 0.712890625 0.6797715053763441 0.712890625 0.675739247311828 0.7194010416666666 0.675739247311828 0.734375 0.6764112903225806 0.748046875 0.6868279569892473 0.7884114583333334 0.6875 0.796875 0.6854838709677419 0.8020833333333334 0.677755376344086 0.7923177083333334 0.6686827956989247 0.7682291666666666
22 0.7036290322580645 0.6803385416666666 0.6938844086021505 0.6490885416666666 0.6938844086021505 0.63671875 0.6965725806451613 0.6276041666666666 0.7022849462365591 0.6178385416666666 0.7106854838709677 0.6178385416666666 0.7190860215053764 0.6178385416666666 0.7352150537634409 0.607421875 0.7419354838709677 0.6126302083333334 0.7483198924731183 0.6263020833333334 0.7483198924731183 0.6399739583333334 0.7442876344086021 0.673828125 0.7526881720430108 0.7545572916666666 0.7526881720430108 0.7643229166666666 0.7516801075268817 0.76953125 0.7496639784946236 0.76953125 0.7463037634408602 0.7682291666666666 0.7335349462365591 0.7076822916666666 0.7315188172043011 0.7057291666666666 0.7308467741935484 0.7102864583333334 0.7315188172043011 0.720703125 0.7463037634408602 0.7669270833333334 0.7469758064516129 0.7747395833333334 0.7469758064516129 0.7805989583333334 0.7419354838709677 0.7819010416666666 0.7328629032258065 0.7669270833333334
23 0.823252688172043 0.6631321614583333 0.8136522177419355 0.67336328125 0.8026112231182796 0.6780136718750001 0.7891703629032257 0.68359375 0.7824499327956989 0.6854537760416667 0.777169690860215 0.69382421875 0.769489247311828 0.7003346354166666 0.7613286290322581 0.7003346354166666 0.7526881720430108 0.6966145833333334 0.7483679435483871 0.6826634114583333 0.7421273521505376 0.6566217447916667 0.7435675403225807 0.638951171875 0.7493279569892473 0.6184895833333334 0.752207997311828 0.611048828125 0.7622886424731182 0.6008183593749999 0.7718894489247312 0.5970983072916667 0.777169690860215 0.6017486979166666 0.7829301075268817 0.60546875 0.7925305779569892 0.6036087239583333 0.8045315860215054 0.6008183593749999 0.8131720430107527 0.599888671875 0.8194122983870967 0.5980279947916667 0.8251727150537634 0.6036087239583333 0.8237328629032258 0.61476953125 0.8146122311827957 0.6240696614583333 0.8122120295698925 0.6287200520833334 0.8136522177419355 0.6370904947916667 0.823252688172043 0.6380208333333334 0.8323733198924731 0.6380208333333334 0.8357335349462366 0.6426712239583333 0.8371737231182796 0.6473216145833333 0.8314133064516129 0.6575520833333334
24 0.49966397849462363 0.6666666666666666 0.4969758064516129 0.619140625 0.5178091397849462 0.615234375 0.521505376344086 0.6223958333333334 0.5164650537634409 0.6653645833333334 0.511760752688172 0.73828125 0.5040322580645161 0.7643229166666666 0.49899193548387094 0.7734375 0.49428763440860213 0.7779947916666666 0.4915994623655914 0.7734375 0.4969758064516129 0.7493489583333334 0.49966397849462363 0.73046875
25 0.47614247311827956 0.6692708333333334 0.4741263440860215 0.6276041666666666 0.47681451612903225 0.6165364583333334 0.4825268817204301 0.6126302083333334 0.4915994623655914 0.607421875 0.49831989247311825 0.6126302083333334 0.5013440860215054 0.6236979166666666 0.5013440860215054 0.642578125 0.4949596774193548 0.673828125 0.4899193548387097 0.751953125 0.4831989247311828 0.7858072916666666 0.4788306451612903 0.7955729166666666 0.4754704301075269 0.796875 0.4741263440860215 0.791015625 0.47681451612903225 0.7643229166666666
26 0.44388440860215056 0.6725260416666666 0.4495967741935484 0.63671875 0.4573252688172043 0.62890625 0.46639784946236557 0.6315104166666666 0.4741263440860215 0.6399739583333334 0.47681451612903225 0.6477864583333334 0.47681451612903225 0.6640625 0.4657258064516129 0.6966145833333334 0.4522849462365591 0.76171875 0.4469086021505376 0.7936197916666666 0.44388440860215056 0.8020833333333334 0.43985215053763443 0.8046875 0.43716397849462363 0.8033854166666666 0.43413978494623656 0.7923177083333334
27 0.41196236559139787 0.6881510416666666 0.4069220430107527 0.6490885416666666 0.4106182795698925 0.63671875 0.41969086021505375 0.6315104166666666 0.4217069892473118 0.6315104166666666 0.4307795698924731 0.62890625 0.43481182795698925 0.6341145833333334 0.4418682795698925 0.642578125 0.44522849462365593 0.6529947916666666 0.44522849462365593 0.66796875 0.4334677419354839 0.6953125 0.4264112903225806 0.7571614583333334 0.41330645161290325 0.796875 0.40893817204301075 0.8072916666666666 0.40625 0.80859375 0.40356182795698925 0.7981770833333334 0.40961021505376344 0.7721354166666666
28 0.3810483870967742 0.685546875 0.37836021505376344 0.6516927083333334 0.3810483870967742 0.6412760416666666 0.3924731182795699 0.6341145833333334 0.4015456989247312 0.6315104166666666 0.40826612903225806 0.6341145833333334 0.4146505376344086 0.646484375 0.41801075268817206 0.6640625 0.4173387096774194 0.677734375 0.4069220430107527 0.69140625 0.39919354838709675 0.7369791666666666 0.3907930107526882 0.7858072916666666 0.3840725806451613 0.8020833333333334 0.3817204301075269 0.8059895833333334 0.3790322580645161 0.8020833333333334 0.37836021505376344 0.791015625
29 0.3316532258064516 0.6803385416666666 0.32661290322580644 0.6477864583333334 0.32963709677419356 0.6328125 0.33803763440860213 0.62109375 0.34543010752688175 0.6165364583333334 0.3497983870967742 0.6165364583333334 0.36155913978494625 0.6236979166666666 0.3756720430107527 0.6223958333333334 0.3803763440860215 0.6236979166666666 0.3854166666666667 0.6315104166666666 0.38676075268817206 0.6477864583333334 0.384744623655914 0.6666666666666666 0.3713037634408602 0.6940104166666666 0.3602150537634409 0.7467447916666666 0.3477822580645161 0.7884114583333334 0.34341397849462363 0.7981770833333334 0.34206989247311825 0.7981770833333334 0.3393817204301075 0.791015625 0.3484543010752688 0.7428385416666666 0.3484543010752688 0.7233072916666666 0.3477822580645161 0.7180989583333334 0.34475806451612906 0.712890625 0.34139784946236557 0.7154947916666666 0.33501344086021506 0.7408854166666666 0.3239247311827957 0.7747395833333334 0.31821236559139787 0.783203125 0.3155241935483871 0.779296875
30 0.2708333333333333 0.6627604166666666 0.27352150537634407 0.62890625 0.28125 0.6139322916666666 0.28763440860215056 0.6139322916666666 0.29536290322580644 0.62109375 0.30006720430107525 0.6276041666666666 0.3161962365591398 0.6315104166666666 0.3225806451612903 0.6315104166666666 0.32963709677419356 0.6490885416666666 0.32963709677419356 0.6614583333333334 0.32661290322580644 0.6751302083333334 0.3084153225806452 0.7073157552083332 0.29469086021505375 0.748046875 0.27923387096774194 0.7779947916666666 0.26948924731182794 0.7858072916666666 0.26814516129032256 0.7858072916666666 0.2651209677419355 0.7747395833333334 0.2799059139784946 0.7545572916666666 0.2862903225806452 0.734375 0.28897849462365593 0.708984375 0.28763440860215056 0.703125 0.2856182795698925 0.708984375 0.2708333333333333 0.7369791666666666 0.2560483870967742 0.7643229166666666 0.2493279569892473 0.7747395833333334 0.24563172043010753 0.7747395833333334 0.24563172043010753 0.7643229166666666 0.2644489247311828 0.7057291666666666
31 0.21303763440860216 0.6178385416666666 0.22043010752688172 0.5872395833333334 0.23387096774193547 0.5774739583333334 0.2540322580645161 0.5826822916666666 0.26881720430107525 0.6002604166666666 0.2721774193548387 0.6223958333333334 0.2701612903225806 0.6490885416666666 0.2513440860215054 0.6614583333333334 0.23454301075268819 0.69921875 0.21505376344086022 0.7194010416666666 0.21001344086021506 0.720703125 0.2086693548387097 0.7115885416666666 0.2234543010752688 0.685546875 0.2288306451612903 0.6666666666666666 0.22614247311827956 0.6666666666666666 0.2073252688172043 0.6842447916666666 0.198252688172043 0.6927083333333334 0.19489247311827956 0.6927083333333334 0.19186827956989247 0.685546875
