0 0.4915994623655914 0.5983072916666666 0.49126344086021506 0.5983072916666666 0.46673387096774194 0.6028645833333334 0.46303763440860213 0.5930989583333334 0.4620295698924731 0.5729166666666666 0.4620295698924731 0.5559895833333334 0.46243010752688174 0.5349244791666666 0.4549731182795699 0.451171875 0.4576612903225806 0.44140625 0.4593413978494624 0.44140625 0.4637096774193548 0.44140625 0.4724462365591398 0.4654947916666667 0.48689516129032256 0.529296875 0.49227150537634407 0.5598958333333334 0.49428763440860213 0.580078125 0.4949596774193548 0.5944010416666666
1 0.4586693548387097 0.595703125 0.43649193548387094 0.6067708333333334 0.4314516129032258 0.6015625 0.427755376344086 0.5859375 0.4270833333333333 0.564453125 0.42943548387096775 0.5364583333333334 0.43010752688172044 0.4609375 0.4324596774193548 0.4401041666666667 0.4344758064516129 0.4375 0.4388440860215054 0.435546875 0.44522849462365593 0.4453125 0.4489247311827957 0.4700520833333333 0.4519489247311828 0.529296875 0.4586693548387097 0.5559895833333334 0.4620295698924731 0.5859375 0.4620295698924731 0.5930989583333334
2 0.4022177419354839 0.6197916666666666 0.39213709677419356 0.6041666666666666 0.3897849462365591 0.5826822916666666 0.39348118279569894 0.544921875 0.3978494623655914 0.4303385416666667 0.39885752688172044 0.4186197916666667 0.4015456989247312 0.416015625 0.40524193548387094 0.4186197916666667 0.40826612903225806 0.4303385416666667 0.41901881720430106 0.5462239583333334 0.42506720430107525 0.5670572916666666 0.42573924731182794 0.58984375 0.4176747311827957 0.6015625
3 0.38844086021505375 0.6087239583333334 0.37331989247311825 0.6184895833333334 0.3659274193548387 0.62109375 0.36088709677419356 0.6165364583333334 0.3592069892473118 0.60546875 0.3592069892473118 0.5944010416666666 0.364247311827957 0.5598958333333334 0.3709677419354839 0.466796875 0.37466397849462363 0.447265625 0.37768817204301075 0.4375 0.3803763440860215 0.4368489583333333 0.3834005376344086 0.4427083333333333 0.384744623655914 0.4537760416666667 0.39448924731182794 0.5475260416666666 0.39885752688172044 0.568359375 0.3978494623655914 0.5930989583333334 0.3951612903225806 0.6028645833333334
4 0.35114247311827956 0.6165364583333334 0.34038978494623656 0.6223958333333334 0.33501344086021506 0.6223958333333334 0.33131720430107525 0.6165364583333334 0.3269489247311828 0.6087239583333334 0.32560483870967744 0.595703125 0.3316532258064516 0.560546875 0.33803763440860213 0.5123697916666666 0.34610215053763443 0.4869791666666667 0.35651881720430106 0.466796875 0.3598790322580645 0.4680989583333333 0.3629032258064516 0.4752604166666667 0.3629032258064516 0.4869791666666667 0.35786290322580644 0.5123697916666666 0.35786290322580644 0.55859375 0.36155913978494625 0.5859375 0.36155913978494625 0.6028645833333334 0.3598790322580645 0.6067708333333334
5 0.2950268817204301 0.6009114583333334 0.28763440860215056 0.6067708333333334 0.28393817204301075 0.6041666666666666 0.28024193548387094 0.595703125 0.27956989247311825 0.5774739583333334 0.27956989247311825 0.5690104166666666 0.2862903225806452 0.5475260416666666 0.29435483870967744 0.4798177083333333 0.2973790322580645 0.4700520833333333 0.30073924731182794 0.4694010416666667 0.3024193548387097 0.4739583333333333 0.30338239247311827 0.4832337239583333 0.30443548387096775 0.513671875 0.30443548387096775 0.4993489583333333 0.3050403225806452 0.4796647135416667 0.3057772177419355 0.47359765625 0.3074596774193548 0.4700520833333333 0.3111559139784946 0.4700520833333333 0.31485215053763443 0.4739583333333333 0.3185483870967742 0.486328125 0.3232765456989247 0.5496158854166667 0.3269489247311828 0.576171875 0.3269489247311828 0.5983072916666666 0.3131720430107527 0.6197916666666666 0.30611559139784944 0.6171875
6 0.24596774193548387 0.5813802083333334 0.23723118279569894 0.5729166666666666 0.2313108198924731 0.5701458333333334 0.2307130376344086 0.5570208333333333 0.23151881720430106 0.5436197916666666 0.23219086021505375 0.5364583333333334 0.2476478494623656 0.4440104166666667 0.25336021505376344 0.4303385416666667 0.2571475134408602 0.4257740885416667 0.25972647849462366 0.42648763020833336 0.2615682123655914 0.430056640625 0.26276881720430106 0.4440104166666667 0.26344086021505375 0.435546875 0.2635947580645161 0.42898567708333335 0.2651209677419355 0.4244791666666667 0.2681995967741936 0.42398958333333336 0.27059442204301076 0.4257740885416667 0.2721774193548387 0.4303385416666667 0.2752016129032258 0.447265625 0.2805779569892473 0.5631510416666666 0.2745295698924731 0.5826822916666666 0.2620967741935484 0.5924479166666666
8 0.5235215053763441 0.6028645833333334 0.4993279569892473 0.599609375 0.4959677419354839 0.5924479166666666 0.4959677419354839 0.5572916666666666 0.49798387096774194 0.533203125 0.5036962365591398 0.482421875 0.5084005376344086 0.45703125 0.5147849462365591 0.4427083333333333 0.5184811827956989 0.4427083333333333 0.5228494623655914 0.4524739583333333 0.5272177419354839 0.529296875 0.5315860215053764 0.5755208333333334 0.532258064516129 0.58984375 0.5285618279569892 0.599609375
9 0.5675403225806451 0.5924479166666666 0.5601478494623656 0.599609375 0.550739247311828 0.6015625 0.5446908602150538 0.599609375 0.540994623655914 0.5859375 0.5372983870967742 0.57421875 0.5423387096774194 0.529296875 0.540994623655914 0.4459635416666667 0.5440188172043011 0.4270833333333333 0.5483870967741935 0.4212239583333333 0.550739247311828 0.421875 0.5520833333333334 0.431640625 0.5645161290322581 0.5279947916666666 0.5695564516129032 0.5690104166666666 0.5702284946236559 0.5846354166666666
10 0.5920698924731183 0.6126302083333334 0.5745967741935484 0.5944010416666666 0.5715725806451613 0.576171875 0.573252688172043 0.5377604166666666 0.5813172043010753 0.4173177083333333 0.5833333333333334 0.41015625 0.5870295698924731 0.41015625 0.5920698924731183 0.4231770833333333 0.6051747311827957 0.5319010416666666 0.6095430107526881 0.5755208333333334 0.6068548387096774 0.58984375
11 0.6186155913978495 0.5970052083333334 0.613239247311828 0.599609375 0.605510752688172 0.595703125 0.5987903225806451 0.5755208333333334 0.5981182795698925 0.5559895833333334 0.6051747311827957 0.533203125 0.614247311827957 0.4329427083333333 0.6192876344086021 0.4212239583333333 0.6256720430107527 0.4212239583333333 0.6286962365591398 0.4388020833333333 0.6344086021505376 0.54296875 0.6418010752688172 0.5670572916666666 0.6424731182795699 0.5826822916666666 0.6418010752688172 0.58984375 0.6286962365591398 0.6067708333333334
12 0.6553380376344087 0.5972845052083333 0.6415611559139786 0.5868678385416667 0.636184811827957 0.5731959635416667 0.636184811827957 0.562779296875 0.6415611559139786 0.5380397135416667 0.642948252688172 0.4975188802083333 0.6334966397849463 0.43843033854166663 0.6368568548387097 0.4332220052083333 0.6422331989247312 0.435826171875 0.6516418010752688 0.457310546875 0.6654186827956989 0.5321803385416667 0.6728111559139786 0.5575709635416667 0.6751633064516129 0.580357421875 0.6648424059139785 0.5905878906250001
13 0.7066532258064516 0.5774739583333334 0.6935483870967742 0.5911458333333334 0.6821236559139785 0.58984375 0.676747311827957 0.580078125 0.6723790322580645 0.560546875 0.6723790322580645 0.5501302083333334 0.6752883064516129 0.5314140625 0.6756569220430108 0.5217779947916666 0.6793410618279571 0.47145638020833336 0.6841397849462365 0.4368489583333333 0.6891801075268817 0.4303385416666667 0.6942204301075269 0.4303385416666667 0.7016129032258065 0.4498697916666667 0.7032930107526881 0.462890625 0.7112079973118279 0.5207076822916666 0.7161814516129033 0.5364108072916667 0.7184139784946236 0.5520833333333334 0.7170698924731183 0.5716145833333334 0.7120295698924731 0.5813802083333334
14 0.752840053763441 0.5530286458333333 0.7350309139784947 0.5680026041666667 0.7286465053763441 0.5667005208333333 0.7212540322580646 0.5556328125 0.714869623655914 0.5361015625 0.7182298387096775 0.5146171875 0.7242782258064517 0.4423515625 0.7279744623655915 0.41240364583333333 0.7313346774193549 0.40459114583333333 0.7357029569892474 0.40459114583333333 0.7395752688172044 0.41114127604166667 0.7425225134408602 0.4229186197916666 0.7522852822580645 0.498580078125 0.7576273521505377 0.5110716145833333 0.7612405913978495 0.5289401041666667 0.7598965053763441 0.5484713541666667
16 0.5067204301075269 0.6549479166666666 0.5 0.5970052083333334 0.5047043010752689 0.5944010416666666 0.5228494623655914 0.5930989583333334 0.5252016129032258 0.595703125 0.5221774193548387 0.65234375 0.5221774193548387 0.7356770833333334 0.521505376344086 0.7454427083333334 0.520497311827957 0.748046875 0.5184811827956989 0.748046875
17 0.5329301075268817 0.65625 0.5258736559139785 0.5970052083333334 0.5295698924731183 0.58984375 0.540994623655914 0.5905878906250001 0.5540994623655914 0.6028645833333334 0.5551075268817204 0.6126302083333334 0.5551075268817204 0.62109375 0.5510752688172043 0.6603424479166666 0.5549156586021505 0.76171875 0.5529952956989247 0.77101953125 0.5453148521505377 0.7663691406250001 0.5414747983870968 0.7542779947916666 0.5385944220430108 0.7338170572916667
18 0.5557795698924731 0.6549479166666666 0.5504032258064516 0.615234375 0.5564516129032258 0.599609375 0.5665322580645161 0.5944010416666666 0.5745967741935484 0.5944010416666666 0.581989247311828 0.6041666666666666 0.585013440860215 0.615234375 0.5870295698924731 0.626953125 0.5803091397849462 0.662109375 0.5762768817204301 0.7708333333333334 0.573252688172043 0.7740885416666666 0.5715725806451613 0.7727864583333334 0.5682123655913979 0.7669270833333334
19 0.5928380376344087 0.6646744791666667 0.5803091397849462 0.6223958333333334 0.581989247311828 0.6100260416666666 0.5893817204301075 0.5970052083333334 0.5994623655913979 0.5944010416666666 0.6075268817204301 0.5983072916666666 0.613239247311828 0.6080729166666666 0.616263440860215 0.62109375 0.6125672043010753 0.6510416666666666 0.6149193548387096 0.7584635416666666 0.6139112903225806 0.7643229166666666 0.6105510752688172 0.7669270833333334 0.604502688172043 0.759765625
20 0.6236559139784946 0.6575520833333334 0.6112231182795699 0.6236979166666666 0.6139112903225806 0.6041666666666666 0.6229838709677419 0.5911458333333334 0.6310483870967742 0.5872395833333334 0.6418010752688172 0.5911458333333334 0.6485215053763441 0.6009114583333334 0.6522177419354839 0.615234375 0.6505376344086021 0.6497395833333334 0.6586021505376344 0.75390625 0.65625 0.7584635416666666 0.6518817204301075 0.759765625
21 0.6599462365591398 0.6510416666666666 0.647513440860215 0.6080729166666666 0.6528897849462365 0.5911458333333334 0.6602822580645161 0.583984375 0.6696908602150538 0.58984375 0.6871639784946236 0.5813802083333334 0.6945564516129032 0.5846354166666666 0.698252688172043 0.595703125 0.6989247311827957 0.6028645833333334 0.6995967741935484 0.646484375 0.709005376344086 0.7311197916666666 0.709005376344086 0.740234375 0.7083333333333334 0.744140625 0.7053091397849462 0.7454427083333334 0.7016129032258065 0.7428385416666666 0.6841397849462365 0.6744791666666666 0.6811155913978495 0.6692708333333334 0.6790994623655914 0.6731770833333334 0.6790994623655914 0.6888020833333334 0.6891801075268817 0.728515625 0.6945564516129032 0.748046875 0.6928763440860215 0.75390625 0.6858198924731183 0.75390625 0.6747311827956989 0.7298177083333334
22 0.7110215053763441 0.640625 0.6995967741935484 0.611328125 0.6995967741935484 0.5930989583333334 0.7046370967741935 0.5787760416666666 0.7157258064516129 0.57421875 0.7325268817204301 0.5546875 0.7395833333333334 0.5559895833333334 0.748991935483871 0.5774739583333334 0.7513440860215054 0.6087239583333334 0.7657930107526881 0.68359375 0.7651209677419355 0.693359375 0.7614247311827957 0.6985677083333334 0.7419354838709677 0.6451822916666666 0.7358870967741935 0.6380208333333334 0.7352150537634409 0.6451822916666666 0.740255376344086 0.6575520833333334 0.7469758064516129 0.677734375 0.7573924731182796 0.7018229166666666 0.7580645161290323 0.7102864583333334 0.7543682795698925 0.7154947916666666 0.7439516129032258 0.7076822916666666 0.7301747311827957 0.6907552083333334
24 0.4791666666666667 0.646484375 0.4754704301075269 0.5944010416666666 0.4798387096774194 0.5944010416666666 0.5 0.5983072916666666 0.5023521505376344 0.6041666666666666 0.49731182795698925 0.6490885416666666 0.4959677419354839 0.740234375 0.49428763440860213 0.748046875 0.4915994623655914 0.748046875 0.489247311827957 0.740234375
25 0.4532930107526882 0.6510416666666666 0.44854435483870964 0.6249309895833334 0.45060483870967744 0.595703125 0.457997311827957 0.5930989583333334 0.4724462365591398 0.599609375 0.4754704301075269 0.6067708333333334 0.4724462365591398 0.6549479166666666 0.46875 0.7565104166666666 0.46673387096774194 0.7571614583333334 0.4637096774193548 0.7552083333333334 0.46001344086021506 0.7454427083333334
26 0.4153225806451613 0.6608072916666666 0.41196236559139787 0.630859375 0.41263440860215056 0.6165364583333334 0.4206989247311828 0.5983072916666666 0.427755376344086 0.5924479166666666 0.43649193548387094 0.5930989583333334 0.44321236559139787 0.6015625 0.4475806451612903 0.6139322916666666 0.448252688172043 0.6295572916666666 0.444317876344086 0.6623365885416667 0.4394882392473118 0.7394850260416667 0.4381720430107527 0.78125 0.43581989247311825 0.7877604166666666 0.4314516129032258 0.7877604166666666 0.42573924731182794 0.7669270833333334 0.4206989247311828 0.7272135416666666
27 0.38844086021505375 0.6666666666666666 0.3834005376344086 0.6419270833333334 0.3834005376344086 0.6197916666666666 0.3904569892473118 0.60546875 0.3971774193548387 0.5970052083333334 0.40524193548387094 0.6015625 0.4146505376344086 0.6184895833333334 0.4156586021505376 0.6295572916666666 0.40893817204301075 0.6666666666666666 0.4008736559139785 0.7708333333333334 0.39852150537634407 0.78515625 0.396505376344086 0.7890625 0.3914650537634409 0.7890625 0.3864247311827957 0.7740885416666666
28 0.35114247311827956 0.6634114583333334 0.3504704301075269 0.626953125 0.35651881720430106 0.6126302083333334 0.36794354838709675 0.6041666666666666 0.37231182795698925 0.6015625 0.3797043010752688 0.6041666666666666 0.384744623655914 0.6126302083333334 0.38911290322580644 0.625 0.38911290322580644 0.6419270833333334 0.37768817204301075 0.66796875 0.3629032258064516 0.7708333333333334 0.35651881720430106 0.7805989583333334 0.3528225806451613 0.7805989583333334 0.3491263440860215 0.7682291666666666
29 0.2980510752688172 0.6575520833333334 0.2956989247311828 0.6256510416666666 0.30006720430107525 0.6100260416666666 0.30611559139784944 0.6041666666666666 0.3131720430107527 0.6041666666666666 0.3229166666666667 0.6139322916666666 0.3387096774193548 0.6087239583333334 0.3474462365591398 0.615234375 0.35248655913978494 0.6282552083333334 0.35248655913978494 0.6393229166666666 0.3484543010752688 0.6510416666666666 0.338059811827957 0.6822083333333334 0.33064516129032256 0.740234375 0.3219086021505376 0.765625 0.3161962365591398 0.7721354166666666 0.3138440860215054 0.7721354166666666 0.3131720430107527 0.765625 0.3131720430107527 0.7584635416666666 0.31989247311827956 0.7317708333333334 0.3225806451612903 0.703125 0.31989247311827956 0.6875 0.3168682795698925 0.6875 0.3131720430107527 0.6959635416666666 0.30678763440860213 0.7102864583333334 0.301747311827957 0.734375 0.2963709677419355 0.7552083333333334 0.29368279569892475 0.7610677083333334 0.2906586021505376 0.763671875 0.28897849462365593 0.7552083333333334 0.28763440860215056 0.7415364583333334
30 0.2415994623655914 0.62109375 0.2446236559139785 0.5944010416666666 0.25268817204301075 0.5774739583333334 0.2600806451612903 0.5755208333333334 0.26814516129032256 0.5885416666666666 0.2906586021505376 0.5885416666666666 0.2956989247311828 0.60546875 0.2980510752688172 0.625 0.2950268817204301 0.6438802083333334 0.2805779569892473 0.6608072916666666 0.2664650537634409 0.7044270833333334 0.2469758064516129 0.7317708333333334 0.24260752688172044 0.734375 0.24092741935483872 0.7330729166666666 0.24092741935483872 0.724609375 0.25336021505376344 0.6985677083333334 0.2584005376344086 0.6744791666666666 0.2584005376344086 0.6666666666666666 0.25571236559139787 0.6705729166666666 0.24260752688172044 0.7018229166666666 0.23286290322580644 0.7174479166666666 0.22849462365591397 0.7161458333333334 0.22580645161290322 0.7005208333333334
