0 0.5 0.6282552083333334 0.4798387096774194 0.626953125 0.4737903225806452 0.6223958333333334 0.46875 0.6100260416666666 0.46673387096774194 0.6028645833333334 0.46875 0.5859375 0.4781586021505376 0.5559895833333334 0.4842069892473118 0.4680989583333333 0.4862231182795699 0.45703125 0.4885752688172043 0.4537760416666667 0.4915994623655914 0.4544270833333333 0.49798387096774194 0.4869791666666667 0.5023521505376344 0.5572916666666666 0.5053763440860215 0.5970052083333334 0.5043682795698925 0.6139322916666666 0.5036962365591398 0.6197916666666666
1 0.4593413978494624 0.6236979166666666 0.44522849462365593 0.6236979166666666 0.4381720430107527 0.62109375 0.4338037634408602 0.6126302083333334 0.4331317204301075 0.6015625 0.4331317204301075 0.5930989583333334 0.4425403225806452 0.5631510416666666 0.45060483870967744 0.4895833333333333 0.4526209677419355 0.4694010416666667 0.4526209677419355 0.4557291666666667 0.4543010752688172 0.4498697916666667 0.45698924731182794 0.4498697916666667 0.46135752688172044 0.4596354166666667 0.46236559139784944 0.4869791666666667 0.46303763440860213 0.564453125 0.4680779569892473 0.6015625 0.46673387096774194 0.6165364583333334 0.4643817204301075 0.6223958333333334
2 0.40826612903225806 0.6126302083333334 0.3995295698924731 0.5944010416666666 0.39885752688172044 0.580078125 0.3995295698924731 0.5690104166666666 0.4075940860215054 0.5436197916666666 0.4146505376344086 0.4231770833333333 0.4163306451612903 0.4134114583333333 0.41901881720430106 0.41015625 0.4213709677419355 0.4127604166666667 0.42506720430107525 0.4375 0.4307795698924731 0.5501302083333334 0.43514784946236557 0.576171875 0.43514784946236557 0.5930989583333334 0.4314516129032258 0.6028645833333334
3 0.3941532258064516 0.5930989583333334 0.38205645161290325 0.5970052083333334 0.37331989247311825 0.5930989583333334 0.36928763440860213 0.5787760416666666 0.36928763440860213 0.5690104166666666 0.36928763440860213 0.5598958333333334 0.3790322580645161 0.5364583333333334 0.3904569892473118 0.4524739583333333 0.3907930107526882 0.4375 0.39348118279569894 0.431640625 0.39852150537634407 0.431640625 0.4008736559139785 0.4401041666666667 0.40456989247311825 0.4752604166666667 0.40456989247311825 0.54296875 0.40826612903225806 0.5755208333333334 0.40389784946236557 0.5911458333333334
4 0.3665994623655914 0.580078125 0.35651881720430106 0.58984375 0.3497983870967742 0.5859375 0.34475806451612906 0.5657552083333334 0.34475806451612906 0.5501302083333334 0.35181451612903225 0.5260416666666666 0.36155913978494625 0.4524739583333333 0.3665994623655914 0.4368489583333333 0.3702956989247312 0.4368489583333333 0.37231182795698925 0.4401041666666667 0.37399193548387094 0.4485677083333333 0.37298387096774194 0.529296875 0.37668010752688175 0.5533854166666666 0.37600806451612906 0.5690104166666666
5 0.3155241935483871 0.5559895833333334 0.30678763440860213 0.55859375 0.3014112903225806 0.54296875 0.3014112903225806 0.5260416666666666 0.3057795698924731 0.513671875 0.3111559139784946 0.501953125 0.3138440860215054 0.4368489583333333 0.3168682795698925 0.4212239583333333 0.3192204301075269 0.4186197916666667 0.3219086021505376 0.419921875 0.3229166666666667 0.431640625 0.3235887096774194 0.4388020833333333 0.332997311827957 0.3990885416666667 0.33736559139784944 0.39453125 0.3397177419354839 0.39453125 0.3430779569892473 0.404296875 0.3430779569892473 0.4173177083333333 0.34375 0.513671875 0.3467741935483871 0.54296875 0.34475806451612906 0.5572916666666666 0.3387096774193548 0.5657552083333334 0.32426075268817206 0.5670572916666666
6 0.2745295698924731 0.5234375 0.2708333333333333 0.5234375 0.26276881720430106 0.5234375 0.2584005376344086 0.5110677083333334 0.2584005376344086 0.4947916666666667 0.2667725134408602 0.4720944010416666 0.2775537634408602 0.4173177083333333 0.28393817204301075 0.4029947916666667 0.28830645161290325 0.400390625 0.2906586021505376 0.404296875 0.29297647849462366 0.41180468750000004 0.2947960349462366 0.417798828125 0.29770766129032256 0.43542708333333335 0.3020752688172043 0.48584505208333334 0.30376344086021506 0.5065104166666666 0.30376344086021506 0.5260416666666666 0.2987231182795699 0.5390625
8 0.5396505376344086 0.6236979166666666 0.5272177419354839 0.6341145833333334 0.5134408602150538 0.6354166666666666 0.5090725806451613 0.6341145833333334 0.5053763440860215 0.62109375 0.5053763440860215 0.60546875 0.511760752688172 0.5690104166666666 0.5134408602150538 0.517578125 0.520497311827957 0.4700520833333333 0.5228494623655914 0.462890625 0.5248655913978495 0.462890625 0.5278897849462365 0.466796875 0.5295698924731183 0.5026041666666666 0.5336021505376344 0.5657552083333334 0.5403225806451613 0.5930989583333334 0.5433467741935484 0.6080729166666666 0.5423387096774194 0.6197916666666666
9 0.5759408602150538 0.6126302083333334 0.5540994623655914 0.6197916666666666 0.550739247311828 0.6165364583333334 0.5490591397849462 0.6015625 0.5490591397849462 0.5885416666666666 0.552755376344086 0.560546875 0.5504032258064516 0.4895833333333333 0.5564516129032258 0.4537760416666667 0.5591397849462365 0.4498697916666667 0.5621639784946236 0.4524739583333333 0.5645161290322581 0.466796875 0.5725806451612904 0.5520833333333334 0.5796370967741935 0.58984375 0.5796370967741935 0.599609375 0.5796370967741935 0.60546875
10 0.6011424731182796 0.62109375 0.5877016129032258 0.6165364583333334 0.5813172043010753 0.6028645833333334 0.581989247311828 0.5774739583333334 0.584005376344086 0.5631510416666666 0.5826612903225806 0.447265625 0.585013440860215 0.4186197916666667 0.5877016129032258 0.4134114583333333 0.5900537634408602 0.4147135416666667 0.5913978494623656 0.4368489583333333 0.604502688172043 0.5475260416666666 0.6118951612903226 0.5690104166666666 0.6139112903225806 0.5859375 0.6118951612903226 0.6067708333333334
11 0.6273521505376344 0.583984375 0.6206317204301075 0.5872395833333334 0.6139112903225806 0.5872395833333334 0.6068548387096774 0.5774739583333334 0.605510752688172 0.560546875 0.6098790322580645 0.5279947916666666 0.6125672043010753 0.4375 0.613239247311828 0.4270833333333333 0.6149193548387096 0.4231770833333333 0.6169354838709677 0.4231770833333333 0.6199596774193549 0.4329427083333333 0.6317204301075269 0.5234375 0.6411290322580645 0.5572916666666666 0.6418010752688172 0.5729166666666666 0.6404569892473119 0.583984375 0.6307123655913979 0.5911458333333334
12 0.6593511424731183 0.5666744791666667 0.645497311827957 0.576171875 0.6404569892473119 0.5716145833333334 0.6374327956989247 0.5559895833333334 0.6374327956989247 0.5234375 0.6263440860215054 0.421875 0.6273521505376344 0.4114583333333333 0.6286962365591398 0.41015625 0.636760752688172 0.4329427083333333 0.657258064516129 0.5123697916666666 0.668010752688172 0.5364583333333334 0.6682822580645161 0.559109375
13 0.6901881720430108 0.55859375 0.6827956989247311 0.5618489583333334 0.6790994623655914 0.5618489583333334 0.6717069892473119 0.5598958333333334 0.6653225806451613 0.548828125 0.6646505376344086 0.5377604166666666 0.668010752688172 0.5162760416666666 0.6666666666666666 0.435546875 0.6673051075268818 0.41444335937500004 0.6693521505376344 0.39421679687500005 0.6726273521505376 0.386681640625 0.6760752688172043 0.3860677083333333 0.6790994623655914 0.3919270833333333 0.6834677419354839 0.4173177083333333 0.6858198924731183 0.4401041666666667 0.6871639784946236 0.416015625 0.6922043010752689 0.4127604166666667 0.6952284946236559 0.4212239583333333 0.697244623655914 0.4967447916666667 0.7066532258064516 0.52734375 0.7076612903225806 0.54296875 0.7022849462365591 0.5520833333333334
14 0.7315188172043011 0.5110677083333334 0.7163978494623656 0.52734375 0.7113575268817204 0.5279947916666666 0.7059811827956989 0.52734375 0.7009408602150538 0.517578125 0.7002688172043011 0.501953125 0.7032930107526881 0.4837239583333333 0.7096774193548387 0.390625 0.7147177419354839 0.3776041666666667 0.7190860215053764 0.3763020833333333 0.7221102150537635 0.384765625 0.7352150537634409 0.4609375 0.7426075268817204 0.4908854166666667 0.7432795698924731 0.5026041666666666 0.7419354838709677 0.5104166666666666
16 0.5090725806451613 0.68359375 0.5067204301075269 0.6438802083333334 0.5090725806451613 0.63671875 0.5258736559139785 0.6438802083333334 0.5295698924731183 0.6510416666666666 0.5295698924731183 0.65625 0.5258736559139785 0.6875 0.5235215053763441 0.765625 0.5211693548387096 0.7740885416666666 0.5184811827956989 0.7766927083333334 0.5161290322580645 0.7740885416666666
17 0.5329301075268817 0.6764322916666666 0.5295698924731183 0.642578125 0.5315860215053764 0.6341145833333334 0.5453629032258065 0.630859375 0.552755376344086 0.6380208333333334 0.5551075268817204 0.6419270833333334 0.5571236559139785 0.6477864583333334 0.5504032258064516 0.68359375 0.5463709677419355 0.7610677083333334 0.5460349462365591 0.7669270833333334 0.5446908602150538 0.76953125 0.5396505376344086 0.7669270833333334
18 0.5631720430107527 0.671875 0.5571236559139785 0.6510416666666666 0.5577956989247311 0.6380208333333334 0.5645161290322581 0.6236979166666666 0.5752688172043011 0.62109375 0.581989247311828 0.6223958333333334 0.5856854838709677 0.630859375 0.584005376344086 0.6666666666666666 0.5870295698924731 0.748046875 0.5843413978494624 0.7727864583333334 0.581989247311828 0.7779947916666666 0.5782930107526881 0.7766927083333334
19 0.5900537634408602 0.658203125 0.5826612903225806 0.6334635416666666 0.5843413978494624 0.6223958333333334 0.5887096774193549 0.615234375 0.6001344086021505 0.599609375 0.6075268817204301 0.6015625 0.6118951612903226 0.6087239583333334 0.6139112903225806 0.6184895833333334 0.6118951612903226 0.6510416666666666 0.613239247311828 0.72265625 0.613239247311828 0.7317708333333334 0.6118951612903226 0.7369791666666666 0.6088709677419355 0.7369791666666666 0.604502688172043 0.7330729166666666
20 0.6206317204301075 0.6438802083333334 0.6081989247311828 0.626953125 0.605510752688172 0.6087239583333334 0.6098790322580645 0.5983072916666666 0.6176075268817204 0.599609375 0.6307123655913979 0.5774739583333334 0.6391129032258065 0.580078125 0.6434811827956989 0.5911458333333334 0.6441532258064516 0.6282552083333334 0.6522177419354839 0.6901041666666666 0.6528897849462365 0.7076822916666666 0.6528897849462365 0.7161458333333334 0.6512096774193549 0.72265625 0.6478494623655914 0.7233072916666666 0.6431451612903226 0.7161458333333334
21 0.6478494623655914 0.6197916666666666 0.6350806451612904 0.6015625 0.633736559139785 0.5859375 0.6360887096774194 0.5755208333333334 0.6441532258064516 0.5690104166666666 0.6522177419354839 0.5690104166666666 0.6696908602150538 0.5572916666666666 0.6754032258064516 0.55859375 0.6797715053763441 0.564453125 0.6821236559139785 0.5774739583333334 0.6827956989247311 0.6015625 0.7032930107526881 0.6647135416666666 0.7046370967741935 0.677734375 0.7039650537634409 0.68359375 0.7026209677419355 0.68359375 0.6834677419354839 0.6419270833333334 0.6733870967741935 0.6282552083333334 0.6717069892473119 0.6282552083333334 0.6696908602150538 0.6380208333333334 0.6710349462365591 0.6510416666666666 0.6754032258064516 0.6764322916666666 0.6784274193548387 0.6907552083333334 0.6784274193548387 0.697265625 0.6770833333333334 0.7057291666666666 0.6717069892473119 0.697265625
22 0.6945564516129032 0.5983072916666666 0.6821236559139785 0.583984375 0.6811155913978495 0.564453125 0.6834677419354839 0.5546875 0.6915322580645161 0.5462239583333334 0.6965725806451613 0.5436197916666666 0.7076612903225806 0.5221354166666666 0.7170698924731183 0.5221354166666666 0.7234543010752689 0.5279947916666666 0.7281586021505376 0.560546875 0.7449596774193549 0.6171875 0.7463037634408602 0.630859375 0.7463037634408602 0.6380208333333334 0.7432795698924731 0.6380208333333334 0.7221102150537635 0.599609375 0.7207661290322581 0.6015625 0.7227822580645161 0.611328125 0.7345430107526881 0.6419270833333334 0.7395833333333334 0.6536458333333334 0.7395833333333334 0.6575520833333334 0.7368951612903226 0.662109375 0.7281586021505376 0.65625
24 0.48689516129032256 0.6790364583333334 0.4835349462365591 0.6380208333333334 0.4848790322580645 0.6354166666666666 0.5043682795698925 0.6354166666666666 0.5073924731182796 0.640625 0.5084005376344086 0.6438802083333334 0.5036962365591398 0.681640625 0.5 0.7610677083333334 0.49663978494623656 0.7708333333333334 0.49428763440860213 0.76953125
25 0.46068548387096775 0.6764322916666666 0.4586693548387097 0.6380208333333334 0.46236559139784944 0.6334635416666666 0.4798387096774194 0.63671875 0.4831989247311828 0.640625 0.4842069892473118 0.6438802083333334 0.4848790322580645 0.6575520833333334 0.48051075268817206 0.6803385416666666 0.48051075268817206 0.75390625 0.4798387096774194 0.763671875 0.4788306451612903 0.76953125 0.4754704301075269 0.7708333333333334 0.4724462365591398 0.765625
26 0.42943548387096775 0.6705729166666666 0.427755376344086 0.6380208333333334 0.43514784946236557 0.6256510416666666 0.44086021505376344 0.6223958333333334 0.44556451612903225 0.6236979166666666 0.4543010752688172 0.6380208333333334 0.4576612903225806 0.6477864583333334 0.4586693548387097 0.65625 0.4512768817204301 0.677734375 0.4475806451612903 0.7259114583333334 0.44018817204301075 0.7610677083333334 0.43581989247311825 0.7727864583333334 0.4321236559139785 0.7766927083333334 0.4284274193548387 0.7708333333333334
27 0.40288978494623656 0.6575520833333334 0.3995295698924731 0.630859375 0.4008736559139785 0.6165364583333334 0.40591397849462363 0.6041666666666666 0.41330645161290325 0.6015625 0.4200268817204301 0.6028645833333334 0.427755376344086 0.611328125 0.43010752688172044 0.6282552083333334 0.43010752688172044 0.6419270833333334 0.42405913978494625 0.658203125 0.4163306451612903 0.734375 0.4146505376344086 0.7486979166666666 0.4112903225806452 0.7565104166666666 0.40725806451612906 0.7565104166666666 0.40456989247311825 0.7454427083333334
28 0.3702956989247312 0.642578125 0.3696236559139785 0.60546875 0.37399193548387094 0.595703125 0.3864247311827957 0.5885416666666666 0.3978494623655914 0.58984375 0.40456989247311825 0.5983072916666666 0.40893817204301075 0.611328125 0.40826612903225806 0.615234375 0.39448924731182794 0.6549479166666666 0.3834005376344086 0.7272135416666666 0.3797043010752688 0.7356770833333334 0.37533602150537637 0.7369791666666666 0.37163978494623656 0.7311197916666666
29 0.3262768817204301 0.60546875 0.32426075268817206 0.5755208333333334 0.3269489247311828 0.5657552083333334 0.3323252688172043 0.564453125 0.3430779569892473 0.568359375 0.35114247311827956 0.568359375 0.35786290322580644 0.57421875 0.36223118279569894 0.5813802083333334 0.37768817204301075 0.5846354166666666 0.3797043010752688 0.5911458333333334 0.37836021505376344 0.60546875 0.3605510752688172 0.6295572916666666 0.3497983870967742 0.6803385416666666 0.3393817204301075 0.708984375 0.33064516129032256 0.7161458333333334 0.3299731182795699 0.7115885416666666 0.3350423387096774 0.6844739583333334 0.33950772849462363 0.6715052083333334 0.34106182795698925 0.646484375 0.3393817204301075 0.6419270833333334 0.33602150537634407 0.6419270833333334 0.332997311827957 0.65234375 0.31418010752688175 0.6829427083333334 0.3088037634408602 0.6946614583333334 0.30443548387096775 0.6946614583333334 0.30376344086021506 0.6848958333333334
30 0.2721774193548387 0.57421875 0.2782258064516129 0.5377604166666666 0.28830645161290325 0.533203125 0.2980510752688172 0.533203125 0.3057795698924731 0.5390625 0.31048387096774194 0.548828125 0.3192204301075269 0.5598958333333334 0.32426075268817206 0.5716145833333334 0.32560483870967744 0.5846354166666666 0.32056451612903225 0.5970052083333334 0.3057795698924731 0.615234375 0.2849462365591398 0.65625 0.2701612903225806 0.66796875 0.2657930107526882 0.6647135416666666 0.2664650537634409 0.6595052083333334 0.271505376344086 0.6477864583333334 0.28326612903225806 0.62109375 0.2849462365591398 0.6100260416666666 0.28326612903225806 0.6087239583333334 0.2644489247311828 0.6477864583333334 0.260752688172043 0.6510416666666666 0.25705645161290325 0.6536458333333334 0.25571236559139787 0.6438802083333334
