0 0.46841397849462363 0.4466145833333333 0.46841397849462363 0.3782552083333333 0.47043010752688175 0.3430989583333333 0.47143817204301075 0.3372395833333333 0.4747983870967742 0.3333333333333333 0.4808467741935484 0.3333333333333333 0.4852150537634409 0.373046875 0.4909274193548387 0.4479166666666667 0.4946236559139785 0.4720052083333333 0.4963037634408602 0.505859375 0.4969758064516129 0.51171875 0.4801747311827957 0.5201822916666666 0.46908602150537637 0.5162760416666666 0.46606182795698925 0.5032552083333334
1 0.4435483870967742 0.455078125 0.44489247311827956 0.3684895833333333 0.447244623655914 0.3561197916666667 0.44926075268817206 0.3502604166666667 0.4536290322580645 0.3502604166666667 0.4566532258064516 0.3828125 0.4596774193548387 0.44921875 0.46169354838709675 0.466796875 0.46538978494623656 0.4993489583333333 0.4640456989247312 0.5149739583333334 0.4596774193548387 0.517578125 0.45094086021505375 0.5162760416666666 0.4442204301075269 0.5104166666666666 0.4405241935483871 0.4947916666666667
2 0.41388037634408603 0.440466796875 0.41431451612903225 0.3561197916666667 0.4156586021505376 0.330078125 0.417002688172043 0.3216145833333333 0.4206989247311828 0.31640625 0.4237231182795699 0.3177083333333333 0.4280913978494624 0.3404947916666667 0.43918010752688175 0.48046875 0.43918010752688175 0.5006510416666666 0.4324596774193548 0.517578125 0.426747311827957 0.5234375 0.4206989247311828 0.5201822916666666 0.41498655913978494 0.505859375 0.4106182795698925 0.4889322916666667
3 0.3894489247311828 0.451171875 0.39213709677419356 0.3561197916666667 0.39381720430107525 0.345703125 0.39818548387096775 0.341796875 0.4008736559139785 0.3502604166666667 0.4069220430107527 0.3958333333333333 0.4112903225806452 0.4524739583333333 0.41431451612903225 0.4680989583333333 0.41431451612903225 0.48046875 0.4112903225806452 0.4934895833333333 0.4075940860215054 0.4947916666666667 0.3995295698924731 0.51171875 0.3907930107526882 0.5078125 0.3870967741935484 0.4973958333333333 0.3834005376344086 0.4817708333333333
4 0.3645833333333333 0.4381510416666667 0.3665994623655914 0.4010416666666667 0.36794354838709675 0.3717447916666667 0.3702956989247312 0.361328125 0.37466397849462363 0.3528645833333333 0.37768817204301075 0.3528645833333333 0.38138440860215056 0.36328125 0.3840725806451613 0.3854166666666667 0.3836827956989247 0.43363281249999996 0.3864247311827957 0.455078125 0.38776881720430106 0.4765625 0.3840725806451613 0.486328125 0.37836021505376344 0.4889322916666667 0.3709677419354839 0.4993489583333333 0.365255376344086 0.4921875 0.36155913978494625 0.48046875 0.36155913978494625 0.4680989583333333 0.36155913978494625 0.4537760416666667
5 0.33064516129032256 0.4127604166666667 0.34173387096774194 0.3502604166666667 0.3424059139784946 0.3274739583333333 0.34475806451612906 0.3131510416666667 0.3491263440860215 0.3020833333333333 0.3541666666666667 0.3079427083333333 0.3598790322580645 0.3391927083333333 0.3608178763440861 0.4157233072916667 0.3629032258064516 0.4322916666666667 0.3629032258064516 0.4694010416666667 0.3592069892473118 0.48046875 0.3491263440860215 0.4791666666666667 0.3424059139784946 0.4720052083333333 0.33669354838709675 0.4765625 0.3323252688172043 0.4791666666666667 0.32493279569892475 0.4720052083333333 0.32426075268817206 0.466796875
6 0.30510752688172044 0.4576822916666667 0.2970430107526882 0.4609375 0.2913306451612903 0.4596354166666667 0.28830645161290325 0.4440104166666667 0.28830645161290325 0.423828125 0.292002688172043 0.3971354166666667 0.2926747311827957 0.3587239583333333 0.29401881720430106 0.3346354166666667 0.2970430107526882 0.3190104166666667 0.3020833333333333 0.3131510416666667 0.3057795698924731 0.3131510416666667 0.3094758064516129 0.3046875 0.3138440860215054 0.2994791666666667 0.3161962365591398 0.3079427083333333 0.3219086021505376 0.3645833333333333 0.32560483870967744 0.4029947916666667 0.3286290322580645 0.4212239583333333 0.3262768817204301 0.4440104166666667 0.3225806451612903 0.4609375 0.3131720430107527 0.466796875
8 0.49764784946236557 0.4440104166666667 0.5006720430107527 0.3587239583333333 0.5063844086021505 0.3372395833333333 0.508736559139785 0.330078125 0.510752688172043 0.330078125 0.5137768817204301 0.3372395833333333 0.5188172043010753 0.373046875 0.5211693548387096 0.439453125 0.5262096774193549 0.4733072916666667 0.5262096774193549 0.4947916666666667 0.5238575268817204 0.5045572916666666 0.5131048387096774 0.5091145833333334 0.5020161290322581 0.5091145833333334 0.49764784946236557 0.501953125 0.4952956989247312 0.4908854166666667
9 0.5325940860215054 0.3587239583333333 0.5325940860215054 0.341796875 0.5356182795698925 0.3391927083333333 0.5386424731182796 0.3391927083333333 0.543010752688172 0.357421875 0.5530913978494624 0.48046875 0.5530913978494624 0.5006510416666666 0.5480510752688172 0.505859375 0.53125 0.5091145833333334 0.5282258064516129 0.5006510416666666 0.5282258064516129 0.4765625
10 0.5550645161290323 0.4321145833333333 0.5547715053763441 0.3756510416666667 0.5530913978494624 0.3274739583333333 0.5567876344086021 0.30078125 0.5604838709677419 0.2903645833333333 0.5641801075268817 0.2890625 0.5672043010752689 0.2962239583333333 0.5672043010752689 0.3235677083333333 0.5703592069892472 0.3599798177083333 0.5816532258064516 0.4479166666666667 0.584005376344086 0.4720052083333333 0.5735887096774194 0.4973958333333333 0.5685483870967742 0.4993489583333333 0.5591397849462365 0.4921875 0.5543303091397849 0.47698763020833335 0.553512432795699 0.46114127604166666
11 0.5826612903225806 0.4322916666666667 0.5816532258064516 0.373046875 0.5846774193548387 0.3333333333333333 0.5860215053763441 0.31640625 0.5897177419354839 0.3118489583333333 0.6021505376344086 0.3658854166666667 0.6058467741935484 0.41796875 0.613239247311828 0.455078125 0.6095430107526881 0.4752604166666667 0.604502688172043 0.4889322916666667 0.592741935483871 0.48046875 0.5853494623655914 0.4889322916666667 0.5789650537634409 0.470703125 0.5803091397849462 0.44921875
12 0.6031586021505376 0.341796875 0.6038306451612904 0.3190104166666667 0.6065188172043011 0.310546875 0.6102150537634409 0.3118489583333333 0.6145833333333334 0.3287760416666667 0.6263440860215054 0.4029947916666667 0.636760752688172 0.4322916666666667 0.636760752688172 0.44921875 0.6350806451612904 0.466796875 0.6323924731182796 0.4778645833333333 0.6206317204301075 0.4694010416666667 0.613239247311828 0.4765625 0.6095430107526881 0.4765625 0.6051747311827957 0.455078125 0.6075268817204301 0.4153645833333333
13 0.6263051075268817 0.3922076822916667 0.6199596774193549 0.3033854166666667 0.6219758064516129 0.2903645833333333 0.6226478494623656 0.2838541666666667 0.625 0.2819010416666667 0.6270161290322581 0.28515625 0.6300403225806451 0.2877604166666667 0.6330645161290323 0.2877604166666667 0.636760752688172 0.2903645833333333 0.6438172043010753 0.3190104166666667 0.6542338709677419 0.373046875 0.6599462365591398 0.3854166666666667 0.6673387096774194 0.4069010416666667 0.6703629032258065 0.4296875 0.6690188172043011 0.451171875 0.6616263440860215 0.455078125 0.6518817204301075 0.4466145833333333 0.6448252688172043 0.4596354166666667 0.6381048387096774 0.4609375 0.6350806451612904 0.4622395833333333 0.6307123655913979 0.4609375 0.6263440860215054 0.43359375 0.6256720430107527 0.4095052083333333
14 0.6599462365591398 0.3743489583333333 0.6535618279569892 0.3177083333333333 0.6555779569892473 0.3046875 0.6586021505376344 0.2975260416666667 0.6599462365591398 0.2962239583333333 0.6622983870967742 0.3046875 0.665994623655914 0.3190104166666667 0.6673387096774194 0.310546875 0.6717069892473119 0.2903645833333333 0.6740591397849462 0.28515625 0.6760752688172043 0.28515625 0.6790994623655914 0.2877604166666667 0.6821236559139785 0.3020833333333333 0.6827956989247311 0.3216145833333333 0.6878360215053764 0.3444010416666667 0.6928763440860215 0.3658854166666667 0.7002688172043011 0.3815104166666667 0.7053091397849462 0.3997395833333333 0.6995967741935484 0.423828125 0.6908602150537635 0.4322916666666667 0.6797715053763441 0.4407552083333333 0.6723790322580645 0.4440104166666667 0.6643145161290323 0.4296875 0.6616263440860215 0.404296875
15 0.6938844086021505 0.34765625 0.6871639784946236 0.2936197916666667 0.686491935483871 0.2734375 0.686491935483871 0.2610677083333333 0.6895161290322581 0.25390625 0.6938844086021505 0.2552083333333333 0.706989247311828 0.2734375 0.7251344086021505 0.31640625 0.7368951612903226 0.3391927083333333 0.7436155913978495 0.36328125 0.7426075268817204 0.3756510416666667 0.7362231182795699 0.3841145833333333 0.7288306451612904 0.3984375 0.7244623655913979 0.4069010416666667 0.717741935483871 0.4095052083333333 0.7026209677419355 0.404296875 0.6959005376344086 0.3854166666666667
16 0.5063844086021505 0.552734375 0.5020161290322581 0.505859375 0.5231854838709677 0.505859375 0.5231854838709677 0.5390625 0.522513440860215 0.5572916666666666 0.5275537634408602 0.6223958333333334 0.5282258064516129 0.642578125 0.5255376344086021 0.6510416666666666 0.5188172043010753 0.646484375 0.5120967741935484 0.6197916666666666
17 0.5299059139784946 0.5546875 0.5238575268817204 0.5201822916666666 0.5248655913978495 0.5091145833333334 0.5268817204301075 0.5032552083333334 0.5319220430107527 0.5006510416666666 0.5393145161290323 0.5006510416666666 0.5443548387096774 0.501953125 0.5460349462365591 0.5078125 0.5460349462365591 0.5358072916666666 0.551747311827957 0.60546875 0.5530913978494624 0.6282552083333334 0.551747311827957 0.6334635416666666 0.5487231182795699 0.6354166666666666 0.543010752688172 0.6282552083333334 0.5379704301075269 0.599609375
18 0.5519270833333334 0.5490475260416666 0.5473790322580645 0.517578125 0.5473790322580645 0.505859375 0.551747311827957 0.5006510416666666 0.5591397849462365 0.4921875 0.5621639784946236 0.4921875 0.5678763440860215 0.4973958333333333 0.5709005376344086 0.505859375 0.5735887096774194 0.5201822916666666 0.572244623655914 0.537109375 0.5759408602150538 0.6009114583333334 0.5796370967741935 0.6393229166666666 0.5796370967741935 0.6536458333333334 0.5766129032258065 0.6536458333333334 0.5692204301075269 0.642578125 0.5621639784946236 0.611328125
19 0.5796370967741935 0.54296875 0.5709005376344086 0.51171875 0.572244623655914 0.505859375 0.5789650537634409 0.4934895833333333 0.5846774193548387 0.4817708333333333 0.5870295698924731 0.4778645833333333 0.5940860215053764 0.486328125 0.5971102150537635 0.4934895833333333 0.5977822580645161 0.51171875 0.5971102150537635 0.537109375 0.5984543010752689 0.5729166666666666 0.6014784946236559 0.6126302083333334 0.6038306451612904 0.6282552083333334 0.6038306451612904 0.6393229166666666 0.6008064516129032 0.6393229166666666 0.5890456989247311 0.6009114583333334 0.5833333333333334 0.5696614583333334
20 0.6021505376344086 0.5286458333333334 0.5913978494623656 0.5032552083333334 0.592741935483871 0.4934895833333333 0.5977822580645161 0.4850260416666667 0.604502688172043 0.4752604166666667 0.6075268817204301 0.4733072916666667 0.6139112903225806 0.4765625 0.6189516129032258 0.4765625 0.6213037634408602 0.4837239583333333 0.6219758064516129 0.5032552083333334 0.6219758064516129 0.517578125 0.6270161290322581 0.5598958333333334 0.633736559139785 0.6139322916666666 0.6350806451612904 0.625 0.6350806451612904 0.630859375 0.6313844086021505 0.6354166666666666 0.6236559139784946 0.6223958333333334
21 0.6300403225806451 0.521484375 0.6176075268817204 0.49609375 0.613239247311828 0.4778645833333333 0.6169354838709677 0.4694010416666667 0.6206317204301075 0.46484375 0.6226478494623656 0.46484375 0.6286962365591398 0.46484375 0.6394489247311828 0.4622395833333333 0.6485215053763441 0.4537760416666667 0.6555779569892473 0.4453125 0.6616263440860215 0.451171875 0.665994623655914 0.4694010416666667 0.6643145161290323 0.501953125 0.6790994623655914 0.5572916666666666 0.6848118279569892 0.580078125 0.686491935483871 0.5872395833333334 0.6804435483870968 0.5885416666666666 0.665994623655914 0.5546875 0.6586021505376344 0.54296875 0.6542338709677419 0.5416666666666666 0.6555779569892473 0.5546875 0.6616263440860215 0.580078125 0.6653225806451613 0.5970052083333334 0.6653225806451613 0.6067708333333334 0.6629704301075269 0.6080729166666666 0.6542338709677419 0.6028645833333334
22 0.6740591397849462 0.5091145833333334 0.6629704301075269 0.4889322916666667 0.6579301075268817 0.4733072916666667 0.6579301075268817 0.4622395833333333 0.6586021505376344 0.455078125 0.6616263440860215 0.451171875 0.6653225806451613 0.4453125 0.6717069892473119 0.4440104166666667 0.6790994623655914 0.4420572916666667 0.6908602150537635 0.4212239583333333 0.698252688172043 0.4212239583333333 0.7046370967741935 0.435546875 0.706989247311828 0.4563802083333333 0.7053091397849462 0.4720052083333333 0.7200940860215054 0.5149739583333334 0.7301747311827957 0.5455729166666666 0.7311827956989247 0.5572916666666666 0.7301747311827957 0.5598958333333334 0.7214381720430108 0.5572916666666666 0.7046370967741935 0.521484375 0.6965725806451613 0.51171875 0.7076612903225806 0.537109375 0.7200940860215054 0.5546875 0.7214381720430108 0.5611979166666666 0.71875 0.5657552083333334 0.697244623655914 0.5455729166666666
23 0.7231182795698925 0.4720052083333333 0.7076612903225806 0.4576822916666667 0.7009408602150538 0.4440104166666667 0.7009408602150538 0.43359375 0.7053091397849462 0.423828125 0.7150537634408602 0.4127604166666667 0.7237903225806451 0.3899739583333333 0.7301747311827957 0.3815104166666667 0.7338709677419355 0.3782552083333333 0.7399193548387096 0.3782552083333333 0.7463037634408602 0.3854166666666667 0.7530241935483871 0.3984375 0.7573924731182796 0.423828125 0.7684811827956989 0.4576822916666667 0.7741935483870968 0.4778645833333333 0.7765456989247311 0.4837239583333333 0.7741935483870968 0.4908854166666667 0.7678091397849462 0.486328125 0.759744623655914 0.4720052083333333 0.7516801075268817 0.466796875 0.7493279569892473 0.466796875 0.7493279569892473 0.4791666666666667 0.7573924731182796 0.5032552083333334 0.7610887096774194 0.51171875 0.7624327956989247 0.5234375 0.758736559139785 0.5260416666666666 0.7506720430107527 0.5201822916666666 0.7348790322580645 0.5006510416666666
24 0.4887956989247312 0.5559609375 0.48487399193548386 0.53014453125 0.4845430107526882 0.5149739583333334 0.5026881720430108 0.505859375 0.5026881720430108 0.537109375 0.5033064516129032 0.5521647135416666 0.5063844086021505 0.5911458333333334 0.5077284946236559 0.6282552083333334 0.5077284946236559 0.63671875 0.5050403225806451 0.6393229166666666 0.5020161290322581 0.6393229166666666 0.49764784946236557 0.6223958333333334
25 0.4640456989247312 0.552734375 0.46102150537634407 0.5104166666666666 0.46236559139784944 0.505859375 0.46673387096774194 0.501953125 0.4741263440860215 0.501953125 0.4808467741935484 0.5032552083333334 0.48286290322580644 0.5078125 0.48151881720430106 0.5319010416666666 0.4808467741935484 0.5514322916666666 0.4801747311827957 0.6028645833333334 0.4801747311827957 0.6354166666666666 0.4791666666666667 0.6490885416666666 0.4771505376344086 0.6510416666666666 0.4727822580645161 0.6438802083333334
26 0.4368279569892473 0.5501302083333334 0.43481182795698925 0.5247395833333334 0.4375 0.5091145833333334 0.44556451612903225 0.5006510416666666 0.45161290322580644 0.5006510416666666 0.457997311827957 0.5091145833333334 0.4596774193548387 0.5149739583333334 0.46102150537634407 0.5319010416666666 0.4573252688172043 0.548828125 0.45598118279569894 0.595703125 0.4536290322580645 0.642578125 0.45094086021505375 0.6536458333333334 0.44489247311827956 0.65625 0.43985215053763443 0.6451822916666666 0.43850806451612906 0.6139322916666666
27 0.4055779569892473 0.548828125 0.40456989247311825 0.51171875 0.4099462365591398 0.501953125 0.417002688172043 0.49609375 0.4213709677419355 0.4947916666666667 0.42439516129032256 0.5006510416666666 0.42573924731182794 0.5032552083333334 0.4280913978494624 0.5032552083333334 0.43044354838709675 0.501953125 0.4324596774193548 0.5091145833333334 0.43481182795698925 0.521484375 0.43111559139784944 0.537109375 0.4274193548387097 0.5501302083333334 0.42573924731182794 0.6028645833333334 0.4200268817204301 0.6380208333333334 0.417002688172043 0.6510416666666666 0.41498655913978494 0.6510416666666666 0.4099462365591398 0.642578125 0.40826612903225806 0.5944010416666666
28 0.3790322580645161 0.5345052083333334 0.37600806451612906 0.5091145833333334 0.37768817204301075 0.4973958333333333 0.3850806451612903 0.4973958333333333 0.3907930107526882 0.4921875 0.4008736559139785 0.4993489583333333 0.4069220430107527 0.5091145833333334 0.4069220430107527 0.517578125 0.4002016129032258 0.537109375 0.39381720430107525 0.5970052083333334 0.38844086021505375 0.630859375 0.38272849462365593 0.6393229166666666 0.38205645161290325 0.6393229166666666 0.3790322580645161 0.6354166666666666 0.37533602150537637 0.62109375
29 0.33501344086021506 0.517578125 0.3316532258064516 0.4837239583333333 0.3343413978494624 0.4778645833333333 0.34106182795698925 0.4733072916666667 0.3484543010752688 0.4752604166666667 0.3585349462365591 0.486328125 0.3689516129032258 0.4889322916666667 0.37836021505376344 0.4947916666666667 0.3790322580645161 0.501953125 0.37163978494623656 0.5260416666666666 0.3659274193548387 0.5390625 0.3592069892473118 0.5924479166666666 0.3528225806451613 0.6184895833333334 0.34543010752688175 0.6321614583333334 0.34173387096774194 0.6354166666666666 0.3397177419354839 0.625 0.3467741935483871 0.60546875 0.35114247311827956 0.5755208333333334 0.3521505376344086 0.5572916666666666 0.3484543010752688 0.5514322916666666 0.3430779569892473 0.5546875 0.33501344086021506 0.5768229166666666 0.3262768817204301 0.6041666666666666 0.3225806451612903 0.611328125 0.31989247311827956 0.6139322916666666 0.3192204301075269 0.6080729166666666 0.31821236559139787 0.595703125
30 0.2913306451612903 0.4921875 0.2926747311827957 0.4609375 0.2956989247311828 0.4466145833333333 0.30006720430107525 0.4453125 0.30443548387096775 0.4453125 0.3111559139784946 0.4537760416666667 0.3192204301075269 0.4609375 0.3323252688172043 0.4694010416666667 0.3397177419354839 0.4752604166666667 0.33803763440860213 0.4934895833333333 0.3262768817204301 0.517578125 0.3175403225806452 0.537109375 0.3057795698924731 0.57421875 0.28763440860215056 0.5911458333333334 0.28326612903225806 0.5911458333333334 0.28024193548387094 0.5885416666666666 0.2862903225806452 0.5716145833333334 0.2945225134408602 0.545681640625 0.28393817204301075 0.5670572916666666 0.2782258064516129 0.583984375 0.2752016129032258 0.5852864583333334 0.2728494623655914 0.5852864583333334 0.2721774193548387 0.5716145833333334
