0 0.46236559139784944 0.521484375 0.4640456989247312 0.4733072916666667 0.46538978494623656 0.4524739583333333 0.46673387096774194 0.419921875 0.46841397849462363 0.4069010416666667 0.46975806451612906 0.4029947916666667 0.4741263440860215 0.4029947916666667 0.4778225806451613 0.4095052083333333 0.4838709677419355 0.4440104166666667 0.490255376344086 0.4947916666666667 0.49260752688172044 0.521484375 0.4915994623655914 0.5657552083333334 0.490255376344086 0.5944010416666666 0.46673387096774194 0.5872395833333334 0.46169354838709675 0.583984375 0.4603494623655914 0.564453125
1 0.43481182795698925 0.5091145833333334 0.43481182795698925 0.4296875 0.4361559139784946 0.408203125 0.43918010752688175 0.3997395833333333 0.4435483870967742 0.3984375 0.4485887096774194 0.4095052083333333 0.45530913978494625 0.486328125 0.4596774193548387 0.5442708333333334 0.4603494623655914 0.5696614583333334 0.457997311827957 0.5826822916666666 0.4522849462365591 0.5852864583333334 0.4411962365591398 0.5826822916666666 0.43548387096774194 0.5755208333333334 0.4331317204301075 0.5631510416666666
2 0.394328629032258 0.42817122395833335 0.39197647849462364 0.38194726562500003 0.39365658602150533 0.36762434895833335 0.39634475806451613 0.36762434895833335 0.403065188172043 0.3786920572916667 0.42860282258064514 0.5036920572916667 0.43297110215053763 0.5316868489583334 0.43297110215053763 0.5544733072916667 0.42793077956989245 0.5759576822916667 0.4154979838709677 0.571400390625 0.40743346774193545 0.5700983072916667 0.403065188172043 0.555775390625 0.4023931451612903 0.5121555989583334
3 0.37331989247311825 0.486328125 0.37466397849462363 0.423828125 0.37466397849462363 0.408203125 0.37600806451612906 0.3997395833333333 0.3790322580645161 0.3958333333333333 0.385752688172043 0.4010416666666667 0.39818548387096775 0.4837239583333333 0.40389784946236557 0.505859375 0.4032258064516129 0.5475260416666666 0.3995295698924731 0.5611979166666666 0.3907930107526882 0.55859375 0.3850806451612903 0.5787760416666666 0.3797043010752688 0.5826822916666666 0.3709677419354839 0.568359375 0.3689516129032258 0.548828125 0.37331989247311825 0.5078125
4 0.34543010752688175 0.4993489583333333 0.3497983870967742 0.451171875 0.3521505376344086 0.4270833333333333 0.353494623655914 0.4166666666666667 0.35551075268817206 0.4153645833333333 0.3592069892473118 0.41796875 0.3645833333333333 0.4420572916666667 0.3702956989247312 0.5006510416666666 0.37331989247311825 0.52734375 0.37163978494623656 0.5442708333333334 0.36794354838709675 0.5501302083333334 0.36223118279569894 0.5657552083333334 0.35551075268817206 0.5716145833333334 0.3504704301075269 0.5657552083333334 0.34408602150537637 0.5546875 0.34408602150537637 0.533203125
5 0.30510752688172044 0.4720052083333333 0.30443548387096775 0.4368489583333333 0.3081317204301075 0.423828125 0.3118279569892473 0.423828125 0.3161962365591398 0.4524739583333333 0.31821236559139787 0.44921875 0.31989247311827956 0.4296875 0.32056451612903225 0.4140625 0.3235887096774194 0.4127604166666667 0.3279569892473118 0.423828125 0.332997311827957 0.4466145833333333 0.3397177419354839 0.4791666666666667 0.34475806451612906 0.5091145833333334 0.3424059139784946 0.5286458333333334 0.34038978494623656 0.5442708333333334 0.33602150537634407 0.5501302083333334 0.3299731182795699 0.5501302083333334 0.3219086021505376 0.5416666666666666 0.3161962365591398 0.5514322916666666 0.3094758064516129 0.5546875 0.3030913978494624 0.5345052083333334 0.3014112903225806 0.5188802083333334 0.3014112903225806 0.5006510416666666 0.30443548387096775 0.48046875
6 0.2657930107526882 0.46484375 0.2745295698924731 0.408203125 0.28091397849462363 0.3997395833333333 0.28830645161290325 0.4010416666666667 0.2913306451612903 0.4140625 0.2956989247311828 0.4563802083333333 0.2977150537634409 0.4889322916666667 0.30006720430107525 0.5149739583333334 0.30006720430107525 0.5305989583333334 0.2963709677419355 0.5403645833333334 0.2896505376344086 0.54296875 0.2852822580645161 0.5358072916666666 0.27889784946236557 0.5286458333333334 0.2721774193548387 0.5345052083333334 0.2664650537634409 0.533203125 0.2610887096774194 0.505859375 0.26344086021505375 0.4889322916666667 0.2647849462365591 0.4720052083333333
7 0.22916666666666666 0.49848046875 0.22311827956989247 0.4932721354166667 0.22379032258064516 0.4763450520833334 0.22983870967741934 0.44769921875 0.23723118279569894 0.4151471354166667 0.2399193548387097 0.37933984375 0.2452956989247312 0.3669700520833334 0.24966397849462366 0.3669700520833334 0.25772849462365593 0.3884544270833334 0.2610887096774194 0.42816796875 0.2620967741935484 0.4646263020833334 0.2620967741935484 0.4900169270833334 0.2584005376344086 0.5069440104166667 0.25336021505376344 0.5186627604166667 0.24596774193548387 0.5212669270833333 0.2399193548387097 0.5128033854166667 0.23790322580645162 0.5004335937500001 0.23420698924731181 0.5004335937500001
8 0.4963037634408602 0.5188802083333334 0.5020161290322581 0.466796875 0.5094086021505376 0.435546875 0.5174731182795699 0.4166666666666667 0.5238575268817204 0.4166666666666667 0.5268817204301075 0.4270833333333333 0.5262096774193549 0.4837239583333333 0.5248655913978495 0.5305989583333334 0.5262096774193549 0.5852864583333334 0.5255376344086021 0.5944010416666666 0.4932795698924731 0.5970052083333334 0.4939516129032258 0.5755208333333334 0.4963037634408602 0.5358072916666666
9 0.5325940860215054 0.5319010416666666 0.5372983870967742 0.466796875 0.539986559139785 0.4322916666666667 0.5436827956989247 0.4127604166666667 0.5460349462365591 0.4095052083333333 0.5504032258064516 0.4153645833333333 0.5530913978494624 0.4407552083333333 0.5530913978494624 0.4921875 0.5547715053763441 0.5416666666666666 0.5567876344086021 0.5696614583333334 0.5540994623655914 0.5944010416666666 0.5487231182795699 0.5983072916666666 0.5299059139784946 0.5944010416666666 0.5282258064516129 0.5768229166666666
10 0.5611559139784946 0.5091145833333334 0.5735887096774194 0.4322916666666667 0.5809811827956989 0.3958333333333333 0.5853494623655914 0.3841145833333333 0.5903030913978494 0.378578125 0.5934139784946236 0.3854166666666667 0.5957661290322581 0.3997395833333333 0.5934139784946236 0.4694010416666667 0.5890456989247311 0.5201822916666666 0.5883736559139785 0.5611979166666666 0.5826612903225806 0.5872395833333334 0.5766129032258065 0.5885416666666666 0.5665322580645161 0.5885416666666666 0.563508064516129 0.5852864583333334 0.5591397849462365 0.5755208333333334 0.5577956989247311 0.548828125
11 0.5977822580645161 0.4765625 0.6014784946236559 0.4296875 0.604502688172043 0.4212239583333333 0.6095430107526881 0.4225260416666667 0.613239247311828 0.4420572916666667 0.6176075268817204 0.517578125 0.625 0.548828125 0.6236559139784946 0.5657552083333334 0.6201367607526882 0.5851022135416667 0.613239247311828 0.58984375 0.6039768145161291 0.582091796875 0.5980722446236559 0.57125390625 0.5940860215053764 0.5716145833333334 0.5897177419354839 0.568359375 0.5870295698924731 0.537109375 0.5934139784946236 0.5032552083333334
12 0.6199596774193549 0.505859375 0.6226478494623656 0.4466145833333333 0.6236559139784946 0.4296875 0.6236559139784946 0.423828125 0.625 0.419921875 0.6280241935483871 0.419921875 0.6323924731182796 0.4283854166666667 0.6411290322580645 0.4817708333333333 0.6431451612903226 0.517578125 0.647513440860215 0.5403645833333334 0.647513440860215 0.5631510416666666 0.6381048387096774 0.5787760416666666 0.6344086021505376 0.5787760416666666 0.625 0.5631510416666666 0.6219758064516129 0.5631510416666666 0.6199596774193549 0.5598958333333334 0.6164072580645161 0.5562011718750001 0.6157859543010753 0.5363313802083333
13 0.6485215053763441 0.4921875 0.6599462365591398 0.4270833333333333 0.6627116935483871 0.41169401041666664 0.6642654569892473 0.40326432291666664 0.6683054435483871 0.39122265625 0.6720349462365591 0.38520117187499997 0.6745208333333333 0.3942330729166667 0.6742100134408603 0.4092858072916667 0.6711024865591398 0.43698307291666666 0.6760752688172043 0.419921875 0.6810470430107527 0.40266276041666665 0.6841549059139785 0.3954368489583333 0.6878840725806452 0.3954368489583333 0.6888161962365591 0.40868359375 0.6860194892473118 0.432166015625 0.6826008064516129 0.46407812499999995 0.6848118279569892 0.49609375 0.6878360215053764 0.5260416666666666 0.686491935483871 0.5514322916666666 0.6821236559139785 0.5631510416666666 0.6690188172043011 0.5572916666666666 0.6629704301075269 0.5631510416666666 0.6565860215053764 0.5657552083333334 0.6528897849462365 0.564453125 0.647513440860215 0.548828125 0.6448252688172043 0.5247395833333334
14 0.6895161290322581 0.4752604166666667 0.6922043010752689 0.4440104166666667 0.6952284946236559 0.4140625 0.698252688172043 0.4010416666666667 0.7039650537634409 0.3997395833333333 0.7096774193548387 0.3997395833333333 0.7157258064516129 0.4127604166666667 0.7235816532258064 0.4699381510416667 0.727486559139785 0.5091145833333334 0.727362567204301 0.5212174479166667 0.7231182795698925 0.5319010416666666 0.71875 0.5390625 0.7120295698924731 0.537109375 0.7083333333333334 0.5416666666666666 0.7019489247311828 0.548828125 0.6952284946236559 0.548828125 0.6895161290322581 0.5345052083333334 0.6878360215053764 0.5032552083333334
15 0.727486559139785 0.4720052083333333 0.727486559139785 0.423828125 0.7301747311827957 0.3873697916666667 0.7355510752688172 0.3782552083333333 0.739247311827957 0.3756510416666667 0.7419354838709677 0.3756510416666667 0.7449596774193549 0.3854166666666667 0.7492923387096774 0.41279817708333333 0.7567204301075269 0.4407552083333333 0.761760752688172 0.4563802083333333 0.7668010752688172 0.48046875 0.7661290322580645 0.4947916666666667 0.7610887096774194 0.5006510416666666 0.7523521505376344 0.5032552083333334 0.7479838709677419 0.5130208333333334 0.7405913978494624 0.5188802083333334 0.7325268817204301 0.5162760416666666 0.727486559139785 0.4973958333333333
16 0.4939516129032258 0.6438802083333334 0.490255376344086 0.60546875 0.5070564516129032 0.599609375 0.508736559139785 0.599609375 0.508736559139785 0.6197916666666666 0.5100806451612904 0.6451822916666666 0.5120967741935484 0.6692708333333334 0.5137768817204301 0.6959635416666666 0.5120967741935484 0.7272135416666666 0.510752688172043 0.7389322916666666 0.5077284946236559 0.7369791666666666 0.5033602150537635 0.7272135416666666 0.49966397849462363 0.6959635416666666 0.49768279569892476 0.6803658854166666
17 0.5137768817204301 0.6393229166666666 0.5094086021505376 0.595703125 0.5181451612903226 0.58984375 0.53125 0.58984375 0.5342741935483871 0.595703125 0.5342741935483871 0.6334635416666666 0.5336021505376344 0.65625 0.5372983870967742 0.7102864583333334 0.5372983870967742 0.73046875 0.5349462365591398 0.7389322916666666 0.5319220430107527 0.740234375 0.5238575268817204 0.7220052083333334 0.5181451612903226 0.6822916666666666
18 0.5379704301075269 0.6438802083333334 0.5342741935483871 0.60546875 0.5356182795698925 0.5924479166666666 0.539986559139785 0.5911458333333334 0.5460349462365591 0.5924479166666666 0.5547715053763441 0.5944010416666666 0.5577956989247311 0.5944010416666666 0.5604838709677419 0.6028645833333334 0.563508064516129 0.6295572916666666 0.5641801075268817 0.65234375 0.5692204301075269 0.697265625 0.5715725806451613 0.7473958333333334 0.5709005376344086 0.7669270833333334 0.5685483870967742 0.7701822916666666 0.5655241935483871 0.7727864583333334 0.5604838709677419 0.7701822916666666 0.5547715053763441 0.7513020833333334 0.5480510752688172 0.7018229166666666
19 0.5709005376344086 0.66796875 0.563508064516129 0.6334635416666666 0.5665322580645161 0.630859375 0.5685483870967742 0.626953125 0.5709005376344086 0.6126302083333334 0.5735887096774194 0.60546875 0.5772849462365591 0.6028645833333334 0.5846774193548387 0.6080729166666666 0.5897177419354839 0.615234375 0.592741935483871 0.6236979166666666 0.592741935483871 0.642578125 0.5957661290322581 0.6790364583333334 0.5984543010752689 0.7174479166666666 0.5994623655913979 0.755859375 0.5971102150537635 0.7669270833333334 0.5940860215053764 0.7727864583333334 0.5883736559139785 0.7630208333333334 0.5789650537634409 0.7220052083333334
20 0.5934139784946236 0.6536458333333334 0.5853494623655914 0.625 0.5853494623655914 0.615234375 0.5907258064516129 0.6009114583333334 0.5971102150537635 0.6009114583333334 0.604502688172043 0.5970052083333334 0.6118951612903226 0.5970052083333334 0.6155913978494624 0.5983072916666666 0.6182795698924731 0.626953125 0.6182795698924731 0.6477864583333334 0.625 0.6959635416666666 0.6270161290322581 0.724609375 0.625 0.7356770833333334 0.6226478494623656 0.7356770833333334 0.6169354838709677 0.7356770833333334 0.6108870967741935 0.7200520833333334 0.5995530913978494 0.6778151041666667
21 0.6270161290322581 0.6595052083333334 0.6169354838709677 0.6165364583333334 0.6155913978494624 0.6028645833333334 0.6189516129032258 0.5872395833333334 0.625 0.5872395833333334 0.6344086021505376 0.5911458333333334 0.6411290322580645 0.5983072916666666 0.6498655913978495 0.5813802083333334 0.6549059139784946 0.580078125 0.6616263440860215 0.5885416666666666 0.6643145161290323 0.5983072916666666 0.6643145161290323 0.6393229166666666 0.6690188172043011 0.6731770833333334 0.677755376344086 0.71875 0.6747311827956989 0.73046875 0.6673387096774194 0.724609375 0.6586021505376344 0.6920572916666666 0.6555779569892473 0.6822916666666666 0.6528897849462365 0.6803385416666666 0.6498655913978495 0.6803385416666666 0.6485215053763441 0.68359375 0.6468413978494624 0.6888020833333334 0.645497311827957 0.697265625 0.6491935483870968 0.7233072916666666 0.6505376344086021 0.7330729166666666 0.6485215053763441 0.7389322916666666 0.6404569892473119 0.73046875 0.6330645161290323 0.697265625
22 0.6744290994623656 0.641357421875 0.665994623655914 0.6126302083333334 0.6629704301075269 0.599609375 0.6636424731182796 0.5885416666666666 0.6690188172043011 0.580078125 0.6834677419354839 0.580078125 0.686491935483871 0.5852864583333334 0.6952284946236559 0.5729166666666666 0.698252688172043 0.5696614583333334 0.7039650537634409 0.5696614583333334 0.709005376344086 0.5716145833333334 0.7133736559139785 0.5970052083333334 0.7157258064516129 0.6295572916666666 0.7244623655913979 0.6822916666666666 0.727486559139785 0.7044270833333334 0.7268145161290323 0.712890625 0.7200940860215054 0.7115885416666666 0.7053091397849462 0.6731770833333334 0.7026209677419355 0.6751302083333334 0.7084576612903225 0.7014277343750001 0.7114825268817204 0.72120703125 0.7096774193548387 0.728515625 0.7046370967741935 0.73046875 0.6831253360215054 0.6669973958333334
23 0.7231182795698925 0.6165364583333334 0.7113575268817204 0.5911458333333334 0.7096774193548387 0.580078125 0.7113575268817204 0.5657552083333334 0.7127016129032258 0.55859375 0.7170698924731183 0.5559895833333334 0.7301747311827957 0.5559895833333334 0.7368951612903226 0.5390625 0.7463037634408602 0.537109375 0.7536962365591398 0.537109375 0.758736559139785 0.5475260416666666 0.7641129032258065 0.5813802083333334 0.7647849462365591 0.5911458333333334 0.7721774193548387 0.6282552083333334 0.7785618279569892 0.65234375 0.7778897849462365 0.662109375 0.7735215053763441 0.6666666666666666 0.7580645161290323 0.6321614583333334 0.7516801075268817 0.6223958333333334 0.7493279569892473 0.626953125 0.759744623655914 0.6608072916666666 0.7610887096774194 0.6751302083333334 0.759744623655914 0.6822916666666666 0.7523521505376344 0.6822916666666666 0.7449596774193549 0.671875 0.7288306451612904 0.6282552083333334 0.7268145161290323 0.6223958333333334
24 0.47143817204301075 0.63671875 0.46841397849462363 0.5944010416666666 0.48823924731182794 0.595703125 0.4889112903225806 0.62109375 0.4895833333333333 0.6692708333333334 0.490255376344086 0.69921875 0.4915994623655914 0.7161458333333334 0.4915994623655914 0.7259114583333334 0.490255376344086 0.73046875 0.4845430107526882 0.7272135416666666 0.4791666666666667 0.7076822916666666 0.47675067204301075 0.6886790364583333 0.4746038306451613 0.6699739583333333
25 0.44926075268817206 0.6282552083333334 0.44489247311827956 0.6028645833333334 0.44489247311827956 0.5911458333333334 0.44623655913978494 0.5911458333333334 0.45530913978494625 0.5885416666666666 0.46236559139784944 0.5852864583333334 0.46606182795698925 0.5852864583333334 0.46908602150537637 0.5944010416666666 0.46841397849462363 0.626953125 0.47043010752688175 0.662109375 0.4727822580645161 0.6946614583333334 0.4741263440860215 0.712890625 0.47580645161290325 0.7272135416666666 0.4747983870967742 0.73046875 0.4727822580645161 0.7356770833333334 0.46673387096774194 0.7356770833333334 0.46102150537634407 0.71484375
26 0.42254166666666665 0.6439947916666667 0.4206989247311828 0.5944010416666666 0.42439516129032256 0.5826822916666666 0.43111559139784944 0.583984375 0.4442204301075269 0.5911458333333334 0.4485887096774194 0.595703125 0.44926075268817206 0.609375 0.44926075268817206 0.65234375 0.45094086021505375 0.7115885416666666 0.44926075268817206 0.7428385416666666 0.4418682795698925 0.7643229166666666 0.4361559139784946 0.7669270833333334 0.43044354838709675 0.7513020833333334 0.42439516129032256 0.724609375 0.42307829301075267 0.6824440104166666
27 0.3914650537634409 0.6477864583333334 0.396505376344086 0.6197916666666666 0.4055779569892473 0.6041666666666666 0.4106182795698925 0.5970052083333334 0.41330645161290325 0.5970052083333334 0.41801075268817206 0.611328125 0.4206989247311828 0.630859375 0.4230510752688172 0.6393229166666666 0.4213709677419355 0.662109375 0.41801075268817206 0.6751302083333334 0.40625 0.7389322916666666 0.3995295698924731 0.7669270833333334 0.3958333333333333 0.7786458333333334 0.39213709677419356 0.7799479166666666 0.38844086021505375 0.7669270833333334 0.3864247311827957 0.7330729166666666 0.39213709677419356 0.6634114583333334
28 0.37331989247311825 0.6321614583333334 0.37836021505376344 0.5924479166666666 0.3834005376344086 0.583984375 0.3894489247311828 0.583984375 0.39818548387096775 0.58984375 0.4069220430107527 0.5944010416666666 0.4069220430107527 0.6041666666666666 0.4055779569892473 0.625 0.3995295698924731 0.6438802083333334 0.3951612903225806 0.662109375 0.385752688172043 0.7102864583333334 0.38205645161290325 0.7356770833333334 0.37331989247311825 0.75 0.3702956989247312 0.7526041666666666 0.36794354838709675 0.7486979166666666 0.3702956989247312 0.708984375
29 0.32560483870967744 0.6236979166666666 0.3262768817204301 0.5826822916666666 0.33064516129032256 0.57421875 0.33736559139784944 0.5657552083333334 0.3430779569892473 0.5696614583333334 0.3491263440860215 0.580078125 0.3528225806451613 0.580078125 0.3598790322580645 0.580078125 0.3702956989247312 0.5768229166666666 0.37533602150537637 0.580078125 0.3790322580645161 0.5911458333333334 0.3790322580645161 0.6028645833333334 0.3702956989247312 0.6197916666666666 0.3656491935483871 0.6419166666666667 0.36155913978494625 0.66796875 0.35551075268817206 0.7044270833333334 0.35114247311827956 0.71875 0.3467741935483871 0.73046875 0.3424059139784946 0.734375 0.34173387096774194 0.7259114583333334 0.34408602150537637 0.7044270833333334 0.3484543010752688 0.6764322916666666 0.34543010752688175 0.66796875 0.34106182795698925 0.6705729166666666 0.3336693548387097 0.6875 0.3262768817204301 0.7174479166666666 0.3192204301075269 0.7272135416666666 0.3161962365591398 0.73046875 0.3131720430107527 0.7272135416666666 0.3131720430107527 0.7220052083333334 0.3192204301075269 0.69921875 0.3211011424731183 0.6751699218749999 0.3247513440860215 0.6424837239583333
30 0.2752016129032258 0.6080729166666666 0.2782258064516129 0.5716145833333334 0.2825940860215054 0.5631510416666666 0.292002688172043 0.5559895833333334 0.2950268817204301 0.5559895833333334 0.3030913978494624 0.5716145833333334 0.3111559139784946 0.568359375 0.32056451612903225 0.5657552083333334 0.32426075268817206 0.5716145833333334 0.3269489247311828 0.5885416666666666 0.32426075268817206 0.60546875 0.3168682795698925 0.625 0.31014784946236557 0.6510416666666666 0.30073924731182794 0.6920572916666666 0.29401881720430106 0.708984375 0.2926747311827957 0.712890625 0.2913306451612903 0.712890625 0.28830645161290325 0.712890625 0.28830645161290325 0.7044270833333334 0.2906586021505376 0.6848958333333334 0.2926747311827957 0.6666666666666666 0.2926747311827957 0.6595052083333334 0.2896505376344086 0.6595052083333334 0.2852822580645161 0.6705729166666666 0.28024193548387094 0.693359375 0.28024193548387094 0.7076822916666666 0.2765456989247312 0.7115885416666666 0.27385752688172044 0.7102864583333334 0.2708333333333333 0.7005208333333334 0.2708333333333333 0.6764322916666666 0.2752016129032258 0.630859375
31 0.22379032258064516 0.580078125 0.23051075268817203 0.5403645833333334 0.23555107526881722 0.5305989583333334 0.2399193548387097 0.5286458333333334 0.2452956989247312 0.5358072916666666 0.24865591397849462 0.5403645833333334 0.2540322580645161 0.537109375 0.259744623655914 0.5403645833333334 0.2708333333333333 0.5501302083333334 0.2752016129032258 0.5572916666666666 0.2782258064516129 0.5696614583333334 0.2772177419354839 0.583984375 0.2721774193548387 0.5944010416666666 0.26411290322580644 0.6067708333333334 0.2567204301075269 0.625 0.24663978494623656 0.6510416666666666 0.2385752688172043 0.6705729166666666 0.23487903225806453 0.6764322916666666 0.2318548387096774 0.6764322916666666 0.22815860215053763 0.6764322916666666 0.22748655913978494 0.66796875 0.23286290322580644 0.6536458333333334 0.23555107526881722 0.6321614583333334 0.23555107526881722 0.6197916666666666 0.22983870967741934 0.6393229166666666 0.22379032258064516 0.6510416666666666 0.2194220430107527 0.658203125 0.21673387096774194 0.658203125 0.21236559139784947 0.6536458333333334 0.21135752688172044 0.6477864583333334 0.22244623655913978 0.599609375
