0 0.49428763440860213 0.6901041666666666 0.46706989247311825 0.6901041666666666 0.4633736559139785 0.6868489583333334 0.4620295698924731 0.66796875 0.46841397849462363 0.6263020833333334 0.47110215053763443 0.5533854166666666 0.4747983870967742 0.513671875 0.4801747311827957 0.5084635416666666 0.4831989247311828 0.5123697916666666 0.48723118279569894 0.52734375 0.49361559139784944 0.572265625 0.49294354838709675 0.6263020833333334 0.49764784946236557 0.673828125 0.49764784946236557 0.6829427083333334
1 0.4593413978494624 0.6842447916666666 0.448252688172043 0.6881510416666666 0.43985215053763443 0.681640625 0.43716397849462363 0.6692708333333334 0.4361559139784946 0.65625 0.4411962365591398 0.62109375 0.44522849462365593 0.5625 0.4469086021505376 0.537109375 0.45026881720430106 0.5234375 0.45094086021505375 0.509765625 0.45094086021505375 0.5006510416666666 0.4529569892473118 0.4993489583333333 0.4566532258064516 0.5032552083333334 0.46001344086021506 0.5234375 0.4593413978494624 0.619140625 0.46135752688172044 0.6588541666666666 0.4620295698924731 0.6725260416666666 0.46068548387096775 0.681640625
2 0.4321236559139785 0.66015625 0.42573924731182794 0.6725260416666666 0.42036290322580644 0.6751302083333334 0.41330645161290325 0.6725260416666666 0.40625 0.6575520833333334 0.4049059139784946 0.62890625 0.4075940860215054 0.6061197916666666 0.4022177419354839 0.474609375 0.4022177419354839 0.453125 0.4055779569892473 0.4505208333333333 0.4075940860215054 0.4557291666666667 0.4166666666666667 0.4993489583333333 0.42943548387096775 0.6048177083333334 0.43716397849462363 0.6341145833333334 0.43783602150537637 0.6451822916666666 0.43716397849462363 0.65625
3 0.40356182795698925 0.63671875 0.39381720430107525 0.65625 0.38676075268817206 0.6614583333333334 0.3790322580645161 0.6549479166666666 0.3756720430107527 0.6438802083333334 0.3756720430107527 0.6315104166666666 0.37836021505376344 0.6139322916666666 0.38239247311827956 0.59765625 0.3797043010752688 0.52734375 0.3797043010752688 0.4934895833333333 0.38239247311827956 0.4830729166666667 0.3854166666666667 0.48046875 0.38810483870967744 0.4856770833333333 0.3924731182795699 0.4993489583333333 0.39919354838709675 0.55078125 0.40356182795698925 0.59765625 0.4075940860215054 0.6178385416666666 0.40826612903225806 0.6263020833333334
4 0.3699596774193548 0.650390625 0.3629032258064516 0.6549479166666666 0.35685483870967744 0.6477864583333334 0.35181451612903225 0.6477864583333334 0.3477822580645161 0.63671875 0.3477822580645161 0.6100260416666666 0.35114247311827956 0.58984375 0.35181451612903225 0.568359375 0.354502688172043 0.544921875 0.35618279569892475 0.5234375 0.3531586021505376 0.498046875 0.35181451612903225 0.4817708333333333 0.3538306451612903 0.474609375 0.3595430107526882 0.474609375 0.36861559139784944 0.5032552083333334 0.3713037634408602 0.5872395833333334 0.3790322580645161 0.62109375 0.3790322580645161 0.63671875 0.37701612903225806 0.6438802083333334
6 0.3057795698924731 0.646484375 0.3057795698924731 0.6451822916666666 0.2960349462365591 0.650390625 0.28830645161290325 0.6451822916666666 0.2819220430107527 0.6341145833333334 0.2805779569892473 0.615234375 0.28326612903225806 0.5885416666666666 0.2752016129032258 0.5045572916666666 0.2752016129032258 0.4856770833333333 0.2765456989247312 0.474609375 0.28125 0.474609375 0.30006720430107525 0.52734375 0.3155241935483871 0.5735677083333334 0.3239247311827957 0.607421875 0.32594086021505375 0.6263020833333334 0.32123655913978494 0.642578125 0.3168682795698925 0.6477864583333334
7 0.2500961021505376 0.39434505208333337 0.2476959005376344 0.41108658854166663 0.24289549731182794 0.43154752604166663 0.2390554435483871 0.454798828125 0.2371350806451613 0.474330078125 0.2376152553763441 0.5003717447916667 0.24337567204301072 0.5199029947916667 0.2544163306451613 0.5236236979166666 0.2616165994623656 0.5087428385416667 0.2616165994623656 0.5161829427083333 0.2678571908602151 0.5226933593749999 0.27601780913978496 0.5226933593749999 0.28273823924731184 0.5143229166666666 0.2856182795698925 0.4808404947916667 0.28705846774193544 0.44549869791666663 0.28705846774193544 0.4073658854166667 0.28513810483870966 0.38969466145833337 0.2817778897849462 0.3738841145833333 0.2716972446236559 0.37202408854166663 0.25873655913978494 0.37109375 0.2539361559139785 0.385044921875
8 0.5272177419354839 0.6842447916666666 0.49899193548387094 0.6868489583333334 0.4969758064516129 0.6751302083333334 0.49831989247311825 0.650390625 0.5026881720430108 0.62109375 0.5073924731182796 0.53125 0.511760752688172 0.509765625 0.5144489247311828 0.505859375 0.5178091397849462 0.505859375 0.5221774193548387 0.5169270833333334 0.5241935483870968 0.5559895833333334 0.5262096774193549 0.6178385416666666 0.5319220430107527 0.6640625 0.5319220430107527 0.673828125 0.53125 0.681640625
9 0.5544354838709677 0.6803385416666666 0.5319220430107527 0.685546875 0.5292338709677419 0.6751302083333334 0.5339381720430108 0.6263020833333334 0.5403225806451613 0.52734375 0.5453629032258065 0.513671875 0.5473790322580645 0.5123697916666666 0.5500672043010753 0.5208333333333334 0.552755376344086 0.5423177083333334 0.552755376344086 0.6263020833333334 0.5557795698924731 0.6516927083333334 0.5571236559139785 0.6640625 0.5571236559139785 0.6764322916666666
10 0.5648521505376344 0.6048177083333334 0.5823252688172043 0.498046875 0.5890456989247311 0.4583333333333333 0.5913978494623656 0.4557291666666667 0.5934139784946236 0.4583333333333333 0.594758064516129 0.4921875 0.5897177419354839 0.615234375 0.5877016129032258 0.6516927083333334 0.5836693548387096 0.6725260416666666 0.5823252688172043 0.677734375 0.5739247311827957 0.6829427083333334 0.5655241935483871 0.677734375 0.5598118279569892 0.6692708333333334 0.5577956989247311 0.6614583333333334
11 0.5920698924731183 0.6516927083333334 0.5843413978494624 0.6451822916666666 0.5823252688172043 0.625 0.5843413978494624 0.6100260416666666 0.5940860215053764 0.583984375 0.6051747311827957 0.52734375 0.614247311827957 0.4947916666666667 0.616263440860215 0.48828125 0.6179435483870968 0.48828125 0.6206317204301075 0.4934895833333333 0.6219758064516129 0.5123697916666666 0.6199596774193549 0.5423177083333334 0.614247311827957 0.611328125 0.6155913978494624 0.62890625 0.6155913978494624 0.6438802083333334 0.6115591397849462 0.6575520833333334 0.6078629032258065 0.6627604166666666 0.6018145161290323 0.6653645833333334 0.5967741935483871 0.6692708333333334
12 0.6186155913978495 0.650390625 0.614247311827957 0.6451822916666666 0.6122311827956989 0.6315104166666666 0.6129032258064516 0.615234375 0.6199596774193549 0.5950520833333334 0.6276881720430108 0.5397135416666666 0.6354166666666666 0.5071614583333334 0.6394489247311828 0.501953125 0.6428091397849462 0.501953125 0.6451612903225806 0.509765625 0.6428091397849462 0.5423177083333334 0.6407930107526881 0.6048177083333334 0.6428091397849462 0.642578125 0.6407930107526881 0.65625 0.6303763440860215 0.6666666666666666 0.6253360215053764 0.6653645833333334
14 0.6979166666666666 0.6451822916666666 0.6925403225806451 0.65625 0.6854838709677419 0.6588541666666666 0.6784274193548387 0.6490885416666666 0.6743951612903226 0.6276041666666666 0.675739247311828 0.6015625 0.6821236559139785 0.580078125 0.6952284946236559 0.48828125 0.7009408602150538 0.474609375 0.7049731182795699 0.4680989583333333 0.707997311827957 0.4680989583333333 0.7093413978494624 0.470703125 0.7056451612903226 0.5182291666666666 0.7009408602150538 0.5559895833333334 0.7009408602150538 0.55859375 0.7093413978494624 0.4993489583333333 0.7106854838709677 0.4934895833333333 0.7120295698924731 0.4934895833333333 0.7133736559139785 0.5045572916666666 0.7106854838709677 0.5774739583333334 0.7147177419354839 0.58984375 0.7170698924731183 0.6100260416666666 0.7170698924731183 0.6315104166666666 0.7133736559139785 0.6451822916666666 0.7113575268817204 0.6477864583333334 0.6995967741935484 0.6399739583333334
16 0.5026881720430108 0.7669270833333334 0.4969758064516129 0.7291666666666666 0.49361559139784944 0.6790364583333334 0.48588709677419356 0.6263020833333334 0.5026881720430108 0.625 0.5080645161290323 0.625 0.508736559139785 0.6263020833333334 0.5067204301075269 0.6751302083333334 0.509744623655914 0.7369791666666666 0.509744623655914 0.755859375 0.509744623655914 0.7682291666666666 0.5080645161290323 0.7721354166666666 0.5053763440860215 0.7721354166666666
17 0.5178091397849462 0.7102864583333334 0.5164650537634409 0.6705729166666666 0.5124327956989247 0.62109375 0.5144489247311828 0.6178385416666666 0.5255376344086021 0.6139322916666666 0.5339381720430108 0.6139322916666666 0.5369623655913979 0.6139322916666666 0.5369623655913979 0.6178385416666666 0.5319220430107527 0.6764322916666666 0.5319220430107527 0.7317708333333334 0.5319220430107527 0.755859375 0.53125 0.7630208333333334 0.5299059139784946 0.7682291666666666 0.5278897849462365 0.7708333333333334 0.5248655913978495 0.7708333333333334 0.5221774193548387 0.7669270833333334
18 0.5420813172043011 0.7149609375 0.5403225806451613 0.6725260416666666 0.5389784946236559 0.6178385416666666 0.5403225806451613 0.6126302083333334 0.5436827956989247 0.6087239583333334 0.5611559139784946 0.619140625 0.5688844086021505 0.6263020833333334 0.5695564516129032 0.6315104166666666 0.5695564516129032 0.6412760416666666 0.5641801075268817 0.6803385416666666 0.5655241935483871 0.7545572916666666 0.5682123655913979 0.8020833333333334 0.5682123655913979 0.8098958333333334 0.5682123655913979 0.8131510416666666 0.5655241935483871 0.814453125 0.5611559139784946 0.814453125 0.5591397849462365 0.8131510416666666 0.5532449596774194 0.7808860677083334
19 0.5739247311827957 0.6966145833333334 0.573252688172043 0.6803385416666666 0.5682123655913979 0.6529947916666666 0.5682123655913979 0.646484375 0.5709005376344086 0.6341145833333334 0.5793010752688172 0.6302083333333334 0.5856854838709677 0.62890625 0.5907258064516129 0.62890625 0.594758064516129 0.6341145833333334 0.5987903225806451 0.642578125 0.6004704301075269 0.6477864583333334 0.594758064516129 0.6842447916666666 0.5907258064516129 0.7682291666666666 0.5920698924731183 0.814453125 0.5907258064516129 0.8235677083333334 0.585013440860215 0.8209635416666666 0.5793010752688172 0.7936197916666666 0.5766129032258065 0.7819010416666666
20 0.602486559139785 0.6901041666666666 0.5974462365591398 0.6529947916666666 0.5987903225806451 0.6451822916666666 0.6018145161290323 0.6399739583333334 0.6102150537634409 0.642578125 0.6186155913978495 0.6399739583333334 0.6233198924731183 0.6412760416666666 0.6290322580645161 0.6516927083333334 0.6297043010752689 0.6614583333333334 0.623991935483871 0.69921875 0.623991935483871 0.7708333333333334 0.623991935483871 0.791015625 0.6213037634408602 0.7981770833333334 0.6169354838709677 0.7981770833333334 0.6115591397849462 0.7936197916666666 0.6078629032258065 0.7760416666666666
22 0.6686827956989247 0.712890625 0.65625 0.6829427083333334 0.6549059139784946 0.66796875 0.65625 0.6529947916666666 0.6633064516129032 0.6412760416666666 0.6700268817204301 0.6412760416666666 0.6764112903225806 0.642578125 0.6898521505376344 0.6341145833333334 0.6965725806451613 0.6341145833333334 0.7002688172043011 0.638671875 0.7022849462365591 0.650390625 0.7022849462365591 0.6588541666666666 0.7056451612903226 0.6881510416666666 0.719758064516129 0.7454427083333334 0.7231182795698925 0.7682291666666666 0.7231182795698925 0.7760416666666666 0.7204301075268817 0.7760416666666666 0.7049731182795699 0.734375 0.6979166666666666 0.7252604166666666 0.6965725806451613 0.7291666666666666 0.6965725806451613 0.73828125 0.7106854838709677 0.779296875 0.7140456989247311 0.791015625 0.7140456989247311 0.7936197916666666 0.7106854838709677 0.796875 0.7049731182795699 0.7936197916666666 0.6841397849462365 0.7369791666666666 0.6743951612903226 0.716796875
23 0.7127016129032258 0.685546875 0.6989247311827957 0.6588541666666666 0.6989247311827957 0.6451822916666666 0.7009408602150538 0.638671875 0.7049731182795699 0.6276041666666666 0.7190860215053764 0.6165364583333334 0.7261424731182796 0.607421875 0.7301747311827957 0.6100260416666666 0.739247311827957 0.619140625 0.7442876344086021 0.6328125 0.7456317204301075 0.6725260416666666 0.7516801075268817 0.7278645833333334 0.7526881720430108 0.73828125 0.7526881720430108 0.7428385416666666 0.751008064516129 0.7454427083333334 0.7469758064516129 0.7454427083333334 0.7449596774193549 0.7291666666666666 0.739247311827957 0.7044270833333334 0.7358870967741935 0.7044270833333334 0.7358870967741935 0.7102864583333334 0.7419354838709677 0.7395833333333334 0.7469758064516129 0.7493489583333334 0.7469758064516129 0.7532552083333334 0.741263440860215 0.7545572916666666 0.7288306451612904 0.7395833333333334
24 0.47614247311827956 0.779296875 0.4717741935483871 0.76953125 0.46841397849462363 0.7180989583333334 0.46639784946236557 0.677734375 0.4627016129032258 0.6315104166666666 0.479502688172043 0.6236979166666666 0.4838709677419355 0.6236979166666666 0.4831989247311828 0.677734375 0.4838709677419355 0.7428385416666666 0.4825268817204301 0.7630208333333334 0.4808467741935484 0.7734375 0.479502688172043 0.779296875
25 0.44388440860215056 0.708984375 0.44321236559139787 0.6842447916666666 0.4361559139784946 0.642578125 0.43850806451612906 0.6328125 0.4536290322580645 0.6165364583333334 0.4566532258064516 0.6165364583333334 0.457997311827957 0.6178385416666666 0.46068548387096775 0.6315104166666666 0.457997311827957 0.6790364583333334 0.4593413978494624 0.7317708333333334 0.4593413978494624 0.7669270833333334 0.4573252688172043 0.7708333333333334 0.4536290322580645 0.7708333333333334 0.448252688172043 0.7604166666666666
26 0.407369623655914 0.6838059895833334 0.40602553763440863 0.6486497395833334 0.407369623655914 0.6349778645833334 0.41375403225806456 0.6252122395833334 0.42215456989247313 0.6226080729166666 0.43660349462365594 0.6349778645833334 0.4389556451612904 0.65125390625 0.4332432795698925 0.69031640625 0.43122715053763444 0.7756028645833334 0.42618682795698926 0.8244309895833334 0.4228266129032258 0.8394049479166666 0.417114247311828 0.8394049479166666 0.41442607526881725 0.8296393229166666 0.41005779569892475 0.80555078125
27 0.37836021505376344 0.685546875 0.3743279569892473 0.6588541666666666 0.375 0.6451822916666666 0.3860887096774194 0.6341145833333334 0.3924731182795699 0.6341145833333334 0.40053763440860213 0.6438802083333334 0.40423387096774194 0.650390625 0.4055779569892473 0.6575520833333334 0.40423387096774194 0.6666666666666666 0.3978494623655914 0.6901041666666666 0.39314516129032256 0.76171875 0.3907930107526882 0.7994791666666666 0.38676075268817206 0.8131510416666666 0.3834005376344086 0.8157552083333334 0.3797043010752688 0.8157552083333334
28 0.3477822580645161 0.6940104166666666 0.34341397849462363 0.6653645833333334 0.34475806451612906 0.650390625 0.3477822580645161 0.6451822916666666 0.3538306451612903 0.63671875 0.3588709677419355 0.63671875 0.3635752688172043 0.638671875 0.3743279569892473 0.6341145833333334 0.37836021505376344 0.6399739583333334 0.3790322580645161 0.6451822916666666 0.3797043010752688 0.650390625 0.37701612903225806 0.6692708333333334 0.36794354838709675 0.6953125 0.36223118279569894 0.7805989583333334 0.3595430107526882 0.791015625 0.35618279569892475 0.7936197916666666 0.3531586021505376 0.796875 0.3504704301075269 0.796875 0.3484543010752688 0.791015625
30 0.27923387096774194 0.677734375 0.28696236559139787 0.63671875 0.2916666666666667 0.62890625 0.3014112903225806 0.6276041666666666 0.3064516129032258 0.6276041666666666 0.31283602150537637 0.6399739583333334 0.3239247311827957 0.642578125 0.33098118279569894 0.650390625 0.3343413978494624 0.66796875 0.332997311827957 0.681640625 0.3286290322580645 0.6940104166666666 0.30981182795698925 0.7180989583333334 0.2933467741935484 0.7506510416666666 0.2752016129032258 0.7858072916666666 0.2708333333333333 0.787109375 0.2701612903225806 0.783203125 0.26948924731182794 0.7805989583333334 0.27923387096774194 0.7506510416666666 0.28763440860215056 0.7291666666666666 0.28830645161290325 0.7233072916666666 0.2856182795698925 0.7220052083333334 0.26948924731182794 0.765625 0.2637768817204301 0.7779947916666666 0.26243279569892475 0.7779947916666666 0.2590725806451613 0.7747395833333334 0.259744623655914 0.7630208333333334
31 0.23454301075268819 0.6490885416666666 0.24025537634408603 0.6048177083333334 0.24563172043010753 0.59375 0.25268817204301075 0.59375 0.259744623655914 0.6061197916666666 0.2728494623655914 0.6087239583333334 0.2825940860215054 0.6223958333333334 0.2849462365591398 0.642578125 0.2805779569892473 0.65625 0.2668010752688172 0.6803385416666666 0.25336021505376344 0.7330729166666666 0.24630376344086022 0.751953125 0.24294354838709678 0.7584635416666666 0.23891129032258066 0.7604166666666666 0.23723118279569894 0.751953125 0.23723118279569894 0.73828125 0.24495967741935484 0.69921875 0.24361559139784947 0.6940104166666666 0.23790322580645162 0.712890625 0.23319892473118278 0.7428385416666666 0.23051075268817203 0.748046875 0.22815860215053763 0.748046875 0.2247983870967742 0.7408854166666666 0.2247983870967742 0.7369791666666666
