0 0.4727822580645161 0.3326822916666667 0.4787143817204301 0.34620638020833333 0.4791666666666667 0.4283854166666667 0.48185483870967744 0.4661458333333333 0.4825268817204301 0.5221354166666666 0.4808467741935484 0.5377604166666666 0.4532930107526882 0.5364583333333334 0.4422043010752688 0.5240885416666666 0.447244623655914 0.4576822916666667 0.4529002016129032 0.4187376302083334 0.4619727822580645 0.34620638020833333 0.4696260080645161 0.32766731770833335
1 0.4375 0.3216145833333333 0.4423612231182796 0.33322916666666663 0.44523118279569895 0.3647447916666667 0.44388440860215056 0.4537760416666667 0.4442204301075269 0.490234375 0.4422043010752688 0.5104166666666666 0.42977150537634407 0.5162760416666666 0.4163306451612903 0.50390625 0.41431451612903225 0.4739583333333333 0.4254032258064516 0.3821614583333333 0.4327956989247312 0.3294270833333333
2 0.4055779569892473 0.2740885416666667 0.40961021505376344 0.3274739583333333 0.41330645161290325 0.41015625 0.415994623655914 0.4654947916666667 0.4129704301075269 0.4934895833333333 0.4055779569892473 0.509765625 0.39314516129032256 0.51171875 0.38306451612903225 0.4895833333333333 0.3800403225806452 0.4674479166666667 0.3850806451612903 0.3834635416666667 0.3954845430107527 0.28317513020833335 0.40218111559139785 0.271125
3 0.37701612903225806 0.2858072916666667 0.38306451612903225 0.392578125 0.3834005376344086 0.4524739583333333 0.38071236559139787 0.47265625 0.3682795698924731 0.4915364583333333 0.35618279569892475 0.4921875 0.3491263440860215 0.4680989583333333 0.35651881720430106 0.423828125 0.3686979166666666 0.29986002604166667 0.3734811827956989 0.2813216145833333
4 0.34478125 0.25629427083333334 0.34812936827956986 0.260001953125 0.3500430107526882 0.2674173177083333 0.3487903225806452 0.3717447916666667 0.3521505376344086 0.4342447916666667 0.35114247311827956 0.45703125 0.34375 0.4778645833333333 0.3336693548387097 0.484375 0.322244623655914 0.46484375 0.32056451612903225 0.4407552083333333 0.33030913978494625 0.365234375 0.3370295698924731 0.2994791666666667 0.34375 0.2571614583333333
5 0.31432224462365593 0.25528580729166667 0.31768245967741937 0.30541601562500004 0.32003461021505375 0.39200455729166667 0.3233948252688172 0.42260351562500004 0.32440288978494625 0.45190039062500004 0.3160023521505376 0.46817643229166667 0.3035695564516129 0.47143164062500004 0.2961770833333333 0.46166601562500004 0.286096438172043 0.46296809895833335 0.2793760080645161 0.45971289062500004 0.27534375 0.43757747395833335 0.2803840725806452 0.39525976562500004 0.2911367607526882 0.32169205729166667 0.29561592741935483 0.26996679687499997 0.3003991935483871 0.25513606770833336 0.30900907258064514 0.2486471354166667
6 0.2458692876344086 0.3469010416666667 0.24899193548387097 0.2942708333333333 0.25571236559139787 0.22330729166666666 0.260752688172043 0.2109375 0.2664375 0.21805859375 0.27074260752688173 0.24123177083333333 0.2764825268817204 0.3061165364583333 0.2765456989247312 0.3763020833333333 0.27889784946236557 0.4166666666666667 0.27486559139784944 0.4440104166666667 0.2550403225806452 0.4420572916666667 0.23487903225806453 0.41796875 0.23319892473118278 0.392578125
8 0.5258736559139785 0.310546875 0.5285618279569892 0.3235677083333333 0.5315860215053764 0.3697916666666667 0.5339381720430108 0.4466145833333333 0.5366263440860215 0.505859375 0.5346102150537635 0.515625 0.5171370967741935 0.5260416666666666 0.5 0.5240885416666666 0.490255376344086 0.5104166666666666 0.4946236559139785 0.4524739583333333 0.5077284946236559 0.353515625 0.5174731182795699 0.314453125
9 0.5547715053763441 0.33984375 0.5584677419354839 0.3580729166666667 0.5638440860215054 0.40625 0.5682123655913979 0.4596354166666667 0.5698924731182796 0.484375 0.5668682795698925 0.51171875 0.5473790322580645 0.5143229166666666 0.540994623655914 0.5104166666666666 0.5385218413978495 0.49659960937500003 0.5413918010752689 0.4530338541666667 0.5423387096774194 0.4055989583333333 0.5473790322580645 0.3385416666666667 0.5504032258064516 0.3307291666666667
10 0.5954435483870968 0.277845703125 0.6021401209677419 0.31028776041666667 0.6058467741935484 0.3860677083333333 0.6061827956989247 0.4375 0.6068548387096774 0.4759114583333333 0.6011424731182796 0.51171875 0.5816532258064516 0.5123697916666666 0.5739247311827957 0.5078125 0.5692204301075269 0.4700520833333333 0.572244623655914 0.4244791666666667 0.5858770161290322 0.30843424479166665 0.5901817876344086 0.27691861979166665
11 0.623991935483871 0.3046875 0.627013440860215 0.31955729166666663 0.6286962365591398 0.3463541666666667 0.6310483870967742 0.3802083333333333 0.6360887096774194 0.423828125 0.6411290322580645 0.4544270833333333 0.6394489247311828 0.478515625 0.633736559139785 0.4915364583333333 0.626008064516129 0.4934895833333333 0.613239247311828 0.4739583333333333 0.6068548387096774 0.4641927083333333 0.6058467741935484 0.4401041666666667 0.6078629032258065 0.404296875 0.6125672043010753 0.3502604166666667 0.616490255376344 0.3121419270833333 0.6203168682795699 0.3019453125
12 0.6411290322580645 0.2864583333333333 0.645190188172043 0.2880416666666667 0.6538000672043011 0.335314453125 0.6596102150537635 0.39453125 0.6683467741935484 0.4322916666666667 0.6710349462365591 0.4537760416666667 0.6703629032258065 0.4700520833333333 0.6616263440860215 0.4856770833333333 0.6485215053763441 0.4798177083333333 0.6377688172043011 0.4596354166666667 0.6377688172043011 0.4186197916666667 0.6413635752688173 0.3835149739583333 0.6394489247311828 0.32421875 0.6381048387096774 0.2936197916666667
13 0.6875 0.2578125 0.6932681451612904 0.26463671875 0.6970947580645162 0.28780989583333333 0.700921370967742 0.31747135416666666 0.7047479838709677 0.34620638020833333 0.7113575268817204 0.3919270833333333 0.7167338709677419 0.41015625 0.7174059139784946 0.4296875 0.7174059139784946 0.4518229166666667 0.7106854838709677 0.4563802083333333 0.6989247311827957 0.4544270833333333 0.6959005376344086 0.4596354166666667 0.6898521505376344 0.4680989583333333 0.6824596774193549 0.46875 0.6754032258064516 0.4661458333333333 0.6700268817204301 0.4485677083333333 0.6690188172043011 0.4036458333333333 0.6720430107526881 0.333984375 0.6733870967741935 0.2923177083333333 0.6794354838709677 0.26953125
14 0.7362231182795699 0.24739583333333334 0.7422715053763441 0.2897135416666667 0.7473118279569892 0.3404947916666667 0.7526881720430108 0.3639322916666667 0.758736559139785 0.3821614583333333 0.760752688172043 0.4016927083333333 0.7580645161290323 0.4205729166666667 0.7520161290322581 0.4225260416666667 0.7466397849462365 0.4225260416666667 0.739247311827957 0.4401041666666667 0.7241263440860215 0.4479166666666667 0.7147177419354839 0.4283854166666667 0.717741935483871 0.3756510416666667 0.7163978494623656 0.3177083333333333 0.7174059139784946 0.2623697916666667 0.7224462365591398 0.24702539062499998 0.7278225806451613 0.24153645833333334
16 0.49764784946236557 0.580078125 0.49798387096774194 0.5494791666666666 0.5057123655913979 0.5455729166666666 0.521505376344086 0.5494791666666666 0.5235215053763441 0.5546875 0.5211693548387096 0.5865885416666666 0.5151209677419355 0.638671875 0.5090930779569892 0.685228515625 0.504309811827957 0.70283984375 0.49899193548387094 0.7057291666666666 0.49617809139784946 0.700986328125 0.4946236559139785 0.6647135416666666
17 0.5191532258064516 0.5807291666666666 0.519489247311828 0.5416666666666666 0.522513440860215 0.5397135416666666 0.5349462365591398 0.5364583333333334 0.5473790322580645 0.5358072916666666 0.5473790322580645 0.5462239583333334 0.542002688172043 0.6145833333333334 0.5366263440860215 0.66015625 0.5325315860215054 0.685228515625 0.5305779569892473 0.6959635416666666 0.5268817204301075 0.7018229166666666 0.5215299059139785 0.6898632812500001 0.5211693548387096 0.6686197916666666 0.5191532258064516 0.6328125
18 0.5440188172043011 0.59765625 0.5440188172043011 0.5677083333333334 0.5463709677419355 0.5475260416666666 0.553763440860215 0.5403645833333334 0.5658602150537635 0.5384114583333334 0.574260752688172 0.5384114583333334 0.5752688172043011 0.5455729166666666 0.5752688172043011 0.5540364583333334 0.5793010752688172 0.6087239583333334 0.5799731182795699 0.6477864583333334 0.5769489247311828 0.7063802083333334 0.5722331989247311 0.745478515625 0.56840625 0.7621634114583333 0.5628360215053764 0.76953125 0.5540564516129033 0.754748046875 0.5463709677419355 0.7063802083333334
19 0.5803091397849462 0.6100260416666666 0.5762768817204301 0.578125 0.5793010752688172 0.5696614583333334 0.5883736559139785 0.5520833333333334 0.5954301075268817 0.556640625 0.6021505376344086 0.5657552083333334 0.6071908602150538 0.5657552083333334 0.6078629032258065 0.5703125 0.6081989247311828 0.59375 0.6081989247311828 0.6282552083333334 0.6102150537634409 0.6640625 0.613239247311828 0.6901041666666666 0.6143262768817204 0.7371360677083333 0.6122311827956989 0.7428385416666666 0.6081081989247312 0.7426979166666667 0.602846438172043 0.7278671874999999 0.5961021505376344 0.6946614583333334
20 0.6135752688172043 0.6185670572916667 0.6078629032258065 0.5951295572916667 0.6112231182795699 0.571041015625 0.6206317204301075 0.5645305989583334 0.6327284946236559 0.5625774739583334 0.6384408602150538 0.5742962239583334 0.6441532258064516 0.5912233072916667 0.6414650537634409 0.6146608072916667 0.6394489247311828 0.6504680989583334 0.6421370967741935 0.6810670572916666 0.6449395161290322 0.713962890625 0.6424731182795699 0.721431640625 0.6414650537634409 0.7246868489583332 0.6368081317204302 0.7195247395833334 0.6236559139784946 0.686275390625 0.6182795698924731 0.664791015625
21 0.6908602150537635 0.5696614583333334 0.6915322580645161 0.5944010416666666 0.6989247311827957 0.6302083333333334 0.7039650537634409 0.6627604166666666 0.7086878360215053 0.6965833333333333 0.7059811827956989 0.7076822916666666 0.7015131048387097 0.7077063802083333 0.6834677419354839 0.6595052083333334 0.6730510752688172 0.6282552083333334 0.6770833333333334 0.6705729166666666 0.686684811827957 0.7123411458333333 0.6844758064516129 0.724609375 0.6766397849462366 0.716048828125 0.6693548387096774 0.6920572916666666 0.6565860215053764 0.642578125 0.6481854838709677 0.6100260416666666 0.6394489247311828 0.5859375 0.6330645161290323 0.560546875 0.634067876344086 0.5408600260416666 0.6407647849462366 0.5343717447916666 0.6532012768817204 0.5380794270833333 0.6586021505376344 0.5345052083333334 0.6670729166666667 0.5232486979166667 0.6760752688172043 0.5221354166666666 0.6878360215053764 0.5299479166666666
22 0.7342069892473119 0.48828125 0.7422715053763441 0.5045572916666666 0.7452956989247311 0.5481770833333334 0.7486559139784946 0.5768229166666666 0.7550403225806451 0.6061197916666666 0.760752688172043 0.6536458333333334 0.7562980510752688 0.6548717447916667 0.7505581317204302 0.6502369791666667 0.739247311827957 0.6256510416666666 0.7352150537634409 0.6204427083333334 0.7422715053763441 0.6419270833333334 0.7499815188172043 0.6538899739583334 0.7521875000000001 0.6606061197916667 0.7526881720430108 0.669921875 0.7506118951612903 0.6752591145833334 0.746830309139785 0.6752591145833334 0.7424264112903225 0.671556640625 0.7338709677419355 0.6575520833333334 0.717741935483871 0.6236979166666666 0.7032930107526881 0.5865885416666666 0.6918682795698925 0.5559895833333334 0.6858198924731183 0.5403645833333334 0.6875 0.5162760416666666 0.7043010752688172 0.5104166666666666 0.7227822580645161 0.4895833333333333
23 0.7997311827956989 0.5394342447916667 0.793010752688172 0.5440846354166667 0.7838901209677419 0.5487350260416667 0.7742896505376344 0.5543157552083333 0.769489247311828 0.5636158854166667 0.7608487903225807 0.5701263020833334 0.7517281586021506 0.5812871093749999 0.746927755376344 0.591517578125 0.746927755376344 0.6119791666666666 0.7512479838709677 0.6240696614583333 0.7526881720430108 0.638951171875 0.7558198924731183 0.6539446614583333 0.7644297715053764 0.6632141927083334 0.769489247311828 0.6677825520833333 0.7766898521505377 0.6696425781249999 0.7893030913978494 0.6493098958333333 0.7944509408602151 0.6361608072916667 0.7997311827956989 0.6175592447916667 0.8050114247311828 0.5970983072916667 0.8112520161290323 0.5710566406250001 0.8198924731182796 0.55617578125 0.8256528897849462 0.5394342447916667 0.8246928763440861 0.5310638020833334 0.8194122983870967 0.5310638020833334 0.8146122311827957 0.5310638020833334 0.8093316532258065 0.5310638020833334
24 0.47513440860215056 0.57421875 0.47580645161290325 0.5436197916666666 0.4788306451612903 0.5403645833333334 0.49361559139784944 0.5462239583333334 0.49764784946236557 0.5501302083333334 0.4969758064516129 0.59765625 0.4915994623655914 0.666015625 0.48900302419354835 0.7037669270833334 0.4845430107526882 0.7076822916666666 0.47943649193548393 0.6861555989583333 0.4781586021505376 0.6627604166666666
25 0.4522849462365591 0.5787760416666666 0.4489247311827957 0.5481770833333334 0.4489247311827957 0.5299479166666666 0.4596774193548387 0.5279947916666666 0.47614247311827956 0.5305989583333334 0.47513440860215056 0.5455729166666666 0.47580645161290325 0.5944010416666666 0.4741263440860215 0.6516927083333334 0.46975806451612906 0.6901041666666666 0.4655648521505376 0.70283984375 0.45982493279569897 0.6954244791666667 0.457911626344086 0.67410546875
26 0.41801075268817206 0.6067708333333334 0.4173387096774194 0.5559895833333334 0.4210349462365591 0.5442708333333334 0.426747311827957 0.5345052083333334 0.4375 0.5345052083333334 0.4489247311827957 0.5436197916666666 0.4529569892473118 0.5540364583333334 0.45094086021505375 0.5807291666666666 0.447244623655914 0.6419270833333334 0.44018817204301075 0.7083333333333334 0.4338037634408602 0.7486979166666666 0.4314684139784946 0.762626953125 0.42405913978494625 0.7727864583333334 0.41855342741935486 0.762626953125 0.4173387096774194 0.716796875
27 0.3850806451612903 0.6100260416666666 0.3854166666666667 0.5846354166666666 0.3894489247311828 0.5638020833333334 0.3971774193548387 0.5598958333333334 0.40356182795698925 0.55859375 0.41431451612903225 0.5787760416666666 0.4173387096774194 0.5904947916666666 0.4129704301075269 0.6204427083333334 0.40893817204301075 0.6595052083333334 0.40658602150537637 0.6901041666666666 0.40053763440860213 0.7161458333333334 0.3911290322580645 0.7337239583333334 0.3854166666666667 0.736328125 0.38205645161290325 0.7278645833333334 0.3850702284946237 0.7153535156249999
28 0.35719086021505375 0.595703125 0.354502688172043 0.5716145833333334 0.35719086021505375 0.55859375 0.3645833333333333 0.5520833333333334 0.375 0.55078125 0.3844086021505376 0.5579427083333334 0.3901209677419355 0.5696614583333334 0.3901209677419355 0.5755208333333334 0.38911290322580644 0.5859375 0.3797043010752688 0.6263020833333334 0.37163978494623656 0.6842447916666666 0.3616317204301075 0.7162805989583334 0.354502688172043 0.728515625 0.35114247311827956 0.728515625 0.34967338709677415 0.7227688802083333
29 0.30347547043010753 0.5770091145833333 0.3038114919354839 0.5451080729166666 0.30683568548387097 0.5314361979166666 0.32296471774193547 0.5255768229166666 0.33170127688172046 0.5275299479166666 0.3397657930107527 0.53859765625 0.35018245967741934 0.53273828125 0.35925504032258065 0.5372955729166666 0.3612711693548387 0.5431549479166666 0.35623084677419353 0.5672434895833333 0.35018245967741934 0.6023997395833333 0.3411098790322581 0.62258203125 0.3367415994623656 0.6609934895833333 0.3306932123655914 0.68703515625 0.32330073924731184 0.70851953125 0.3199405241935484 0.7150299479166667 0.31475504032258067 0.7153535156249999 0.32296471774193547 0.63430078125 0.3149002016129032 0.6544830729166666 0.3048195564516129 0.6896393229166667 0.2997792338709678 0.6994049479166667 0.29657862903225807 0.699595703125 0.2944028897849462 0.6844309895833334 0.3038114919354839 0.5945872395833333
30 0.25168010752688175 0.5345052083333334 0.2547043010752688 0.4947916666666667 0.2594086021505376 0.4921875 0.2718413978494624 0.490234375 0.2799059139784946 0.4986979166666667 0.2862903225806452 0.5084635416666666 0.29401881720430106 0.5084635416666666 0.29973118279569894 0.5084635416666666 0.3064516129032258 0.517578125 0.3084677419354839 0.5286458333333334 0.3088037634408602 0.5423177083333334 0.2963709677419355 0.578125 0.2819220430107527 0.6263020833333334 0.26948924731182794 0.6608072916666666 0.26166028225806454 0.67271484375 0.25352856182795697 0.67549609375 0.25201612903225806 0.6631321614583333 0.2664650537634409 0.6002604166666666 0.24721572580645162 0.658482421875 0.24361559139784947 0.6516927083333334 0.24596774193548387 0.587890625
31 0.19057224462365593 0.59523828125 0.19489247311827956 0.6073287760416667 0.19921270161290322 0.6240696614583333 0.2035329301075269 0.6426712239583333 0.20881350806451612 0.6640625 0.21697379032258066 0.6845240885416667 0.22753461021505378 0.6891738281249999 0.2385752688172043 0.6863841145833334 0.24433568548387097 0.6798736979166667 0.2467358870967742 0.6594121093749999 0.2500961021505376 0.6417408854166667 0.25105611559139784 0.6222096354166667 0.25345631720430106 0.6073287760416667 0.24961592741935482 0.5943079427083333 0.24193548387096775 0.5784967447916667 0.23233501344086022 0.5747766927083333 0.2232143817204301 0.5710566406250001 0.21841397849462366 0.55710546875 0.21361357526881722 0.5496653645833333 0.2044929435483871 0.5496653645833333 0.19681250000000003 0.560826171875 0.19249227150537634 0.5729166666666666
