0 0.49663978494623656 0.3001302083333333 0.5006720430107527 0.32421875 0.5040322580645161 0.4322916666666667 0.5063844086021505 0.4934895833333333 0.5063844086021505 0.5065104166666666 0.49731182795698925 0.5123697916666666 0.47614247311827956 0.5071614583333334 0.4731182795698925 0.4993489583333333 0.4731182795698925 0.4694010416666667 0.47748655913978494 0.3776041666666667 0.48655913978494625 0.3033854166666667 0.48859879032258063 0.297990234375 0.4909274193548387 0.2962239583333333 0.4937113575268817 0.29523828125
1 0.46135752688172044 0.31640625 0.46359139784946235 0.32130598958333334 0.4640456989247312 0.33203125 0.46908602150537637 0.4055989583333333 0.4694220430107527 0.4348958333333333 0.4724462365591398 0.482421875 0.47043010752688175 0.505859375 0.4650537634408602 0.5071614583333334 0.4529569892473118 0.5045572916666666 0.44489247311827956 0.4915364583333333 0.44388440860215056 0.4759114583333333 0.45026881720430106 0.369140625 0.45598118279569894 0.3196614583333333 0.4583370295698925 0.3149765625
2 0.4141710349462366 0.27479947916666664 0.4230510752688172 0.3040364583333333 0.4344758064516129 0.3678385416666667 0.4411962365591398 0.4186197916666667 0.44321236559139787 0.4765625 0.4428763440860215 0.48828125 0.43649193548387094 0.4967447916666667 0.42876344086021506 0.5045572916666666 0.4210349462365591 0.5052083333333334 0.4173387096774194 0.5032552083333334 0.41330645161290325 0.48828125 0.4069220430107527 0.3600260416666667 0.40820665322580646 0.320755859375 0.40650235215053765 0.289384765625 0.40650235215053765 0.27865234375 0.4086327284946236 0.27122200520833334
3 0.3887768817204301 0.3079427083333333 0.3911122311827957 0.309892578125 0.39409442204301076 0.3173229166666667 0.40288978494623656 0.3515625 0.417002688172043 0.4309895833333333 0.41868279569892475 0.4479166666666667 0.41969086021505375 0.4674479166666667 0.40793010752688175 0.4915364583333333 0.3948252688172043 0.4986979166666667 0.3901209677419355 0.4967447916666667 0.38373655913978494 0.4817708333333333 0.38272849462365593 0.4680989583333333 0.384744623655914 0.357421875 0.3854166666666667 0.31640625 0.386283938172043 0.31071875
4 0.3645833333333333 0.318359375 0.36753830645161295 0.32117578125 0.36995228494623655 0.32695442708333333 0.37533602150537637 0.3483072916666667 0.38205645161290325 0.375 0.38743279569892475 0.4251302083333333 0.3887768817204301 0.46484375 0.38306451612903225 0.48828125 0.36727150537634407 0.4967447916666667 0.3592069892473118 0.4947916666666667 0.3538306451612903 0.4713541666666667 0.3588709677419355 0.400390625 0.3598790322580645 0.330078125 0.36114751344086027 0.3214505208333333
5 0.3400537634408602 0.333232421875 0.3484543010752688 0.376201171875 0.35719086021505375 0.421123046875 0.36155913978494625 0.4393522135416667 0.3592069892473118 0.4784147135416667 0.3521505376344086 0.4920865885416667 0.3393817204301075 0.495341796875 0.3316532258064516 0.491435546875 0.3239247311827957 0.495341796875 0.3172043010752688 0.489482421875 0.31418010752688175 0.456279296875 0.3175403225806452 0.403544921875 0.32138407258064516 0.34566731770833337 0.323372311827957 0.336310546875 0.32663877688172044 0.3305319010416667 0.33064516129032256 0.327373046875 0.3365796370967742 0.3277799479166667
6 0.2866263440860215 0.3255208333333333 0.2901414650537634 0.333833984375 0.3004032258064516 0.390625 0.3111559139784946 0.431640625 0.3155241935483871 0.4759114583333333 0.31014784946236557 0.4908854166666667 0.3010752688172043 0.4934895833333333 0.290994623655914 0.4921875 0.28360215053763443 0.4908854166666667 0.2765456989247312 0.4895833333333333 0.2698252688172043 0.47265625 0.2664650537634409 0.4479166666666667 0.2728494623655914 0.3639322916666667 0.27679233870967745 0.3316328125 0.27923387096774194 0.3255208333333333 0.28375100806451614 0.3231015625
7 0.24361559139784947 0.3711419270833333 0.25571236559139787 0.40564713541666664 0.2698252688172043 0.46619401041666664 0.2691532258064516 0.4863763020833333 0.26243279569892475 0.5078606770833333 0.25235215053763443 0.5111158854166666 0.2452956989247312 0.5039544270833333 0.2368951612903226 0.5059075520833333 0.2301747311827957 0.48963151041666664 0.22983870967741934 0.4609856770833333 0.2247983870967742 0.4062981770833333 0.22751411290322582 0.36933333333333335 0.22964415322580647 0.36162760416666667 0.2325268817204301 0.35681901041666664 0.23702889784946238 0.3591510416666666
8 0.5258061155913979 0.29826497395833335 0.5285040322580645 0.308171875 0.5295698924731183 0.3365885416666667 0.5379704301075269 0.4296875 0.5423387096774194 0.4921875 0.5406586021505376 0.5084635416666666 0.5329301075268817 0.5123697916666666 0.5164650537634409 0.5130208333333334 0.509744623655914 0.5110677083333334 0.5077284946236559 0.490234375 0.5100806451612904 0.4036458333333333 0.5117466397849463 0.32963671875 0.5130248655913978 0.3156022135416667 0.5155809811827957 0.30266796875 0.5185631720430107 0.29578841145833334 0.5233918010752688 0.2938619791666667
9 0.5494784946236559 0.30788867187499996 0.5534549731182796 0.310365234375 0.5565793010752689 0.318345703125 0.5591354166666667 0.33348111979166667 0.5648521505376344 0.3932291666666667 0.5698924731182796 0.470703125 0.5698924731182796 0.4895833333333333 0.5661962365591398 0.5026041666666666 0.5641801075268817 0.5071614583333334 0.5544354838709677 0.5052083333333334 0.5446908602150538 0.4993489583333333 0.540994623655914 0.4954427083333333 0.5413306451612904 0.45703125 0.543010752688172 0.3600260416666667 0.5450762768817204 0.31862109375 0.5460702284946236 0.310365234375
10 0.605510752688172 0.2923177083333333 0.6073215725806451 0.29758203125 0.6078897849462366 0.30446158854166666 0.6038306451612904 0.3736979166666667 0.5940860215053764 0.4420572916666667 0.5846774193548387 0.478515625 0.5766129032258065 0.4967447916666667 0.571236559139785 0.4967447916666667 0.5661962365591398 0.4791666666666667 0.563508064516129 0.4381510416666667 0.5719086021505376 0.3873697916666667 0.5883736559139785 0.3235677083333333 0.5988007392473118 0.29758203125 0.6019250672043011 0.292078125
11 0.6135752688172043 0.3229166666666667 0.6144220430107526 0.32702669270833334 0.6142802419354838 0.334181640625 0.6081989247311828 0.4166666666666667 0.6028225806451613 0.4752604166666667 0.5957661290322581 0.4928385416666667 0.5910618279569892 0.4954427083333333 0.5870295698924731 0.48828125 0.5806451612903226 0.4791666666666667 0.5779569892473119 0.4557291666666667 0.5907258064516129 0.3899739583333333 0.6021505376344086 0.3404947916666667 0.6085349462365591 0.3255208333333333 0.6107298387096773 0.3231744791666667
12 0.6320564516129032 0.3326822916666667 0.6327284946236559 0.361328125 0.6286962365591398 0.4654947916666667 0.6263440860215054 0.4856770833333333 0.6192876344086021 0.4967447916666667 0.6108870967741935 0.490234375 0.6031586021505376 0.48046875 0.5971102150537635 0.4680989583333333 0.5961021505376344 0.4440104166666667 0.6041666666666666 0.40625 0.614247311827957 0.3567708333333333 0.6229838709677419 0.3287760416666667 0.6245050403225807 0.3248255208333333 0.6277711693548388 0.324 0.630895497311828 0.3264765625
13 0.6543276209677419 0.34408854166666664 0.6565860215053764 0.3763020833333333 0.6590141129032259 0.3506927083333333 0.660292002688172 0.3432630208333333 0.6619623655913979 0.3404947916666667 0.6651206317204301 0.3374837239583333 0.6672506720430108 0.33720833333333333 0.6693548387096774 0.3404947916666667 0.6702328629032258 0.3460143229166666 0.6702328629032258 0.35234375 0.6653225806451613 0.3899739583333333 0.6720430107526881 0.431640625 0.6727150537634409 0.4596354166666667 0.6686827956989247 0.48828125 0.6653225806451613 0.4921875 0.6639784946236559 0.49609375 0.6555779569892473 0.4947916666666667 0.6387768817204301 0.49609375 0.6293682795698925 0.4830729166666667 0.626008064516129 0.4576822916666667 0.6334005376344086 0.4147135416666667 0.6441028225806451 0.3506927083333333 0.6452389112903226 0.33803450520833334 0.6485215053763441 0.333984375 0.6523393817204302 0.3355572916666667
14 0.7103494623655914 0.34375 0.7133736559139785 0.40234375 0.7147177419354839 0.4309895833333333 0.7140456989247311 0.4557291666666667 0.7140456989247311 0.4700520833333333 0.7096774193548387 0.490234375 0.7053091397849462 0.4934895833333333 0.6985887096774194 0.4928385416666667 0.6871639784946236 0.4993489583333333 0.6764112903225806 0.4915364583333333 0.6723790322580645 0.478515625 0.6720430107526881 0.46484375 0.6801075268817204 0.412109375 0.6896525537634408 0.359912109375 0.692350806451613 0.34615299479166667 0.6963272849462365 0.33817252604166664 0.7004455645161289 0.33542057291666666 0.705699932795699 0.3378977864583333 0.7086824596774194 0.33954882812500004
15 0.7486559139784946 0.3509114583333333 0.751008064516129 0.3671875 0.7543682795698925 0.4186197916666667 0.7590725806451613 0.4615885416666667 0.7550403225806451 0.4791666666666667 0.7496639784946236 0.4759114583333333 0.7379032258064516 0.48828125 0.727486559139785 0.486328125 0.7184139784946236 0.474609375 0.7157258064516129 0.4446614583333333 0.7221102150537635 0.3841145833333333 0.729502688172043 0.341796875 0.731479502688172 0.33590169270833337 0.7341777553763441 0.333150390625 0.738239247311828 0.3313802083333333 0.742414314516129 0.33452604166666666 0.7461068548387098 0.34113020833333335
16 0.5013440860215054 0.544921875 0.4986559139784946 0.5240885416666666 0.5047043010752689 0.521484375 0.5154569892473119 0.521484375 0.5221774193548387 0.521484375 0.520497311827957 0.5729166666666666 0.5241935483870968 0.6341145833333334 0.5255376344086021 0.6731770833333334 0.5245295698924731 0.6803385416666666 0.5221286962365591 0.6823326822916668 0.5190043682795699 0.6790299479166667 0.5160221774193549 0.6666471354166666 0.5136078629032258 0.6559147135416666 0.5090725806451613 0.6334635416666666
18 0.5218413978494624 0.5514322916666666 0.5191532258064516 0.5325520833333334 0.5241935483870968 0.5162760416666666 0.5305779569892473 0.5071614583333334 0.543010752688172 0.513671875 0.5490591397849462 0.53125 0.5514112903225806 0.5501302083333334 0.5611559139784946 0.6490885416666666 0.5627745295698925 0.6922259114583333 0.5620645161290322 0.6996555989583334 0.5601478494623656 0.70703125 0.5572358870967742 0.7076360677083334 0.5549637096774194 0.7048841145833333 0.5541118951612903 0.7007565104166668 0.5515554435483871 0.690849609375 0.5470430107526881 0.6744791666666666 0.5332661290322581 0.6158854166666666
19 0.5540994623655914 0.564453125 0.551747311827957 0.5462239583333334 0.553763440860215 0.5299479166666666 0.5625 0.5201822916666666 0.5695564516129032 0.5227864583333334 0.5796370967741935 0.5384114583333334 0.5823252688172043 0.55078125 0.5836693548387096 0.6171875 0.5833333333333334 0.6627604166666666 0.5847862903225807 0.67819140625 0.5843602150537635 0.68562109375 0.581989247311828 0.6907552083333334 0.5786290322580645 0.6901041666666666 0.5761236559139785 0.6900240885416666 0.5738514784946236 0.6825944010416666 0.5712953629032258 0.6713118489583333 0.5668682795698925 0.6516927083333334
20 0.5806451612903226 0.5813802083333334 0.5745967741935484 0.556640625 0.5752688172043011 0.5403645833333334 0.5772849462365591 0.5338541666666666 0.5823252688172043 0.52734375 0.5870295698924731 0.5234375 0.5961021505376344 0.52734375 0.6021505376344086 0.5319010416666666 0.6048387096774194 0.544921875 0.6061827956989247 0.5696614583333334 0.6112231182795699 0.619140625 0.6162755376344087 0.6590416666666666 0.6188316532258065 0.6774791666666666 0.6188316532258065 0.6893118489583333 0.6165994623655914 0.6959635416666666 0.6114469086021506 0.6926145833333334 0.6098847446236559 0.6884863281250001 0.6054825268817204 0.6791302083333334 0.6003699596774194 0.6659212239583333 0.5954301075268817 0.6471354166666666
21 0.605510752688172 0.57421875 0.6011424731182796 0.548828125 0.6031586021505376 0.533203125 0.605510752688172 0.5279947916666666 0.6122311827956989 0.5260416666666666 0.6243279569892473 0.5319010416666666 0.6280241935483871 0.5260416666666666 0.6438172043010753 0.525390625 0.6512096774193549 0.5305989583333334 0.6528897849462365 0.5390625 0.6518817204301075 0.5826822916666666 0.655241935483871 0.6100260416666666 0.6628555107526881 0.670599609375 0.6611512096774194 0.6846341145833333 0.6582661290322581 0.6901041666666666 0.654476814516129 0.6906881510416666 0.6531985887096774 0.6827076822916666 0.6522043010752688 0.6769283854166667 0.6497903225806452 0.6683977864583334 0.6473760080645161 0.6510611979166666 0.6431451612903226 0.6380208333333334 0.6340725806451613 0.6197916666666666 0.6381048387096774 0.650390625 0.6458333333333334 0.685546875 0.6461693548387096 0.6940104166666666 0.6422637768817204 0.6975677083333333 0.63928125 0.6939902343750001 0.6336008064516129 0.6832578125 0.628346438172043 0.670048828125 0.6236559139784946 0.6549479166666666
22 0.699260752688172 0.5501302083333334 0.7002688172043011 0.5813802083333334 0.7009408602150538 0.6354166666666666 0.699260752688172 0.689453125 0.6963702956989247 0.6975677083333333 0.6938141801075269 0.6975677083333333 0.6899798387096775 0.6923391927083333 0.6865715725806452 0.6981178385416666 0.6828790322580646 0.6972923177083333 0.6800389784946237 0.691513671875 0.6769146505376344 0.6818821614583334 0.673648185483871 0.6692233072916666 0.6586021505376344 0.603515625 0.6535618279569892 0.5657552083333334 0.655241935483871 0.5390625 0.6619623655913979 0.5286458333333334 0.6730510752688172 0.5338541666666666 0.6801075268817204 0.533203125 0.6925403225806451 0.533203125 0.6969086021505376 0.5390625
23 0.7579684139784946 0.6482513020833334 0.7406875 0.6408111979166666 0.7277264784946237 0.6212799479166666 0.7142856182795698 0.6063990885416667 0.7046851478494623 0.5896575520833334 0.6994049059139785 0.571986328125 0.6970047043010753 0.55710546875 0.702765120967742 0.552455078125 0.7046851478494623 0.541294921875 0.7099653897849463 0.5357141927083333 0.7152456317204301 0.5338541666666666 0.7195661962365592 0.5226933593749999 0.7238864247311828 0.51711328125 0.7301266801075269 0.5106028645833333 0.739247311827957 0.51804296875 0.7459677419354839 0.5357141927083333 0.7507681451612903 0.5589654947916667 0.7584485887096775 0.5784967447916667 0.7651690188172043 0.6017486979166666 0.7656488575268817 0.6259303385416667 0.7632489919354839 0.6380208333333334
24 0.48118279569892475 0.5234375 0.4801747311827957 0.5045572916666666 0.4885752688172043 0.5 0.49831989247311825 0.5006510416666666 0.5030241935483871 0.5052083333333334 0.5020161290322581 0.5403645833333334 0.5047043010752689 0.5970052083333334 0.5053763440860215 0.6549479166666666 0.5049452284946236 0.6633444010416667 0.5030241935483871 0.66796875 0.4984126344086022 0.6663717447916667 0.4967083333333333 0.6614186197916666 0.4947200940860215 0.65398828125 0.49330006720430103 0.6451822916666666 0.4895833333333333 0.62109375
26 0.4549731182795699 0.5631510416666666 0.4543010752688172 0.5455729166666666 0.457997311827957 0.5338541666666666 0.47110215053763443 0.52734375 0.4781586021505376 0.529296875 0.4848790322580645 0.541015625 0.4855510752688172 0.5540364583333334 0.4852150537634409 0.6009114583333334 0.4798387096774194 0.681640625 0.47788709677419355 0.7051692708333334 0.47681451612903225 0.7109375 0.47561491935483874 0.7153509114583333 0.4724462365591398 0.7180989583333334 0.4690823252688172 0.7153509114583333 0.4658161962365591 0.7079212239583333 0.46183971774193544 0.6930611979166666 0.45928360215053765 0.6729726562499999 0.45598118279569894 0.6380208333333334
27 0.4230510752688172 0.560546875 0.42876344086021506 0.5364583333333334 0.4361559139784946 0.5260416666666666 0.44455645161290325 0.5247395833333334 0.4529569892473118 0.5345052083333334 0.4583333333333333 0.548828125 0.4543010752688172 0.5983072916666666 0.4465725806451613 0.6712239583333334 0.4404616935483871 0.6923990885416668 0.4359243951612903 0.6996790364583334 0.43123790322580646 0.6996790364583334 0.42740356182795697 0.6941751302083333 0.4261256720430108 0.6875709635416666 0.42655141129032254 0.6713346354166667 0.42573924731182794 0.6640625 0.4237231182795699 0.6165364583333334
28 0.3951612903225806 0.5553385416666666 0.3978494623655914 0.5345052083333334 0.40793010752688175 0.5260416666666666 0.4213709677419355 0.521484375 0.4290994623655914 0.5279947916666666 0.43413978494623656 0.5377604166666666 0.43514784946236557 0.548828125 0.42573924731182794 0.6197916666666666 0.4227174059139785 0.6479440104166666 0.41703662634408606 0.6705091145833334 0.41263440860215056 0.6787649739583334 0.4078061155913979 0.680416015625 0.4035456989247312 0.675462890625 0.40212533602150535 0.666931640625 0.4001374327956989 0.6440917968750001
29 0.3474462365591398 0.552734375 0.3481182795698925 0.529296875 0.3558467741935484 0.5234375 0.3706317204301075 0.5162760416666666 0.3864247311827957 0.5162760416666666 0.396505376344086 0.5143229166666666 0.4025537634408602 0.513671875 0.40524193548387094 0.5305989583333334 0.40524193548387094 0.5514322916666666 0.39448924731182794 0.6139322916666666 0.38373655913978494 0.6712239583333334 0.37264784946236557 0.6907552083333334 0.36889448924731183 0.6941751302083333 0.36693548387096775 0.6940104166666666 0.36435013440860214 0.69059765625 0.364247311827957 0.685546875 0.3682795698924731 0.640625 0.36861559139784944 0.6243489583333334 0.36189516129032256 0.6653645833333334 0.35551075268817206 0.68359375 0.3511431451612903 0.6900475260416666 0.3477822580645161 0.69140625 0.345036626344086 0.688396484375 0.34290625 0.6806914062499999 0.34120228494623656 0.6694088541666666 0.34206989247311825 0.6536458333333334
30 0.290994623655914 0.552734375 0.29536290322580644 0.5286458333333334 0.30678763440860213 0.5227864583333334 0.32056451612903225 0.5247395833333334 0.3293010752688172 0.5247395833333334 0.33635752688172044 0.52734375 0.3467741935483871 0.5345052083333334 0.35080645161290325 0.55078125 0.34475806451612906 0.5852864583333334 0.33030913978494625 0.6451822916666666 0.3155241935483871 0.685546875 0.3064516129032258 0.7044270833333334 0.30429872311827955 0.706162109375 0.3027365591397849 0.7056119791666666 0.30032258064516126 0.701208984375 0.3000383064516129 0.692677734375 0.29577788978494624 0.6946041666666667 0.29251176075268814 0.690201171875 0.2926538978494624 0.6816705729166667 0.2926747311827957 0.6595052083333334
31 0.21326881720430108 0.6181028645833333 0.2142631048387097 0.6068203125 0.21793380376344088 0.5943079427083333 0.2280144489247312 0.5840774739583333 0.24193548387096775 0.580357421875 0.25345631720430106 0.571986328125 0.2635369623655914 0.5598958333333334 0.27457762096774196 0.5533854166666666 0.2798578629032258 0.5589654947916667 0.28129805107526884 0.571986328125 0.283698252688172 0.5924479166666666 0.29137869623655915 0.6091888020833334 0.2918585349462366 0.6296503906250001 0.28897849462365593 0.6463912760416667 0.2798578629032258 0.6556920572916667 0.27025739247311825 0.658482421875 0.2568165322580645 0.6603424479166666 0.2385752688172043 0.6612721354166667 0.2208141801075269 0.6519720052083333 0.21409375 0.6370904947916667 0.21298487903225805 0.62718359375
