0 0.4838709677419355 0.583984375 0.4845430107526882 0.5149739583333334 0.4895833333333333 0.4609375 0.49260752688172044 0.4576822916666667 0.4946236559139785 0.4609375 0.500226814516129 0.4726549479166667 0.5026881720430108 0.4973958333333333 0.5057123655913979 0.5787760416666666 0.5077284946236559 0.5970052083333334 0.5094086021505376 0.630859375 0.508736559139785 0.6477864583333334 0.4915994623655914 0.6477864583333334 0.4852150537634409 0.6477864583333334 0.4808467741935484 0.640625 0.4791666666666667 0.6282552083333334 0.4791666666666667 0.611328125
1 0.45598118279569894 0.5787760416666666 0.4586693548387097 0.537109375 0.457997311827957 0.4921875 0.4573252688172043 0.4720052083333333 0.4586693548387097 0.4635416666666667 0.4633736559139785 0.4635416666666667 0.46774193548387094 0.4765625 0.4734543010752688 0.5286458333333334 0.478494623655914 0.60546875 0.4778225806451613 0.63671875 0.4747983870967742 0.642578125 0.4640456989247312 0.6438802083333334 0.4573252688172043 0.6282552083333334 0.45598118279569894 0.6139322916666666
2 0.4331317204301075 0.630859375 0.43044354838709675 0.626953125 0.426747311827957 0.6197916666666666 0.42573924731182794 0.6080729166666666 0.42506720430107525 0.5872395833333334 0.426747311827957 0.5657552083333334 0.42573924731182794 0.5286458333333334 0.426747311827957 0.4733072916666667 0.4280913978494624 0.4440104166666667 0.42943548387096775 0.4322916666666667 0.4338037634408602 0.4296875 0.4368279569892473 0.4296875 0.43985215053763443 0.435546875 0.4442204301075269 0.4466145833333333 0.44556451612903225 0.4720052083333333 0.4536290322580645 0.5813802083333334 0.4543010752688172 0.5970052083333334 0.4543010752688172 0.6126302083333334 0.4522849462365591 0.6282552083333334 0.4485887096774194 0.6334635416666666 0.43548387096774194 0.6321614583333334
4 0.37533602150537637 0.5768229166666666 0.36794354838709675 0.5885416666666666 0.3629032258064516 0.5872395833333334 0.3592069892473118 0.564453125 0.36155913978494625 0.5403645833333334 0.365255376344086 0.5188802083333334 0.3696236559139785 0.4947916666666667 0.37163978494623656 0.466796875 0.37600806451612906 0.4537760416666667 0.3790322580645161 0.4407552083333333 0.38272849462365593 0.4309895833333333 0.3840725806451613 0.4296875 0.3870967741935484 0.4309895833333333 0.38844086021505375 0.4524739583333333 0.38844086021505375 0.4837239583333333 0.385752688172043 0.5514322916666666 0.3850806451612903 0.5657552083333334 0.37701612903225806 0.5768229166666666
8 0.5131048387096774 0.5852864583333334 0.5157930107526881 0.5149739583333334 0.5174731182795699 0.4778645833333333 0.5201612903225806 0.455078125 0.5231854838709677 0.4440104166666667 0.5275537634408602 0.4420572916666667 0.53125 0.4466145833333333 0.5325940860215054 0.4609375 0.5356182795698925 0.57421875 0.5386424731182796 0.6139322916666666 0.5379704301075269 0.63671875 0.5305779569892473 0.642578125 0.5137768817204301 0.646484375 0.5114247311827957 0.6334635416666666 0.510752688172043 0.6126302083333334 0.5114247311827957 0.5911458333333334
9 0.5450268817204301 0.5755208333333334 0.5450268817204301 0.4778645833333333 0.5487231182795699 0.4563802083333333 0.5504032258064516 0.451171875 0.5540994623655914 0.4479166666666667 0.5567876344086021 0.44921875 0.5567876344086021 0.466796875 0.5567876344086021 0.4817708333333333 0.5598118279569892 0.5149739583333334 0.5641801075268817 0.583984375 0.5655241935483871 0.6009114583333334 0.5672043010752689 0.6197916666666666 0.5648521505376344 0.6321614583333334 0.5567876344086021 0.6334635416666666 0.5473790322580645 0.6334635416666666 0.5443548387096774 0.630859375 0.543010752688172 0.62109375 0.543010752688172 0.599609375 0.543010752688172 0.595703125
10 0.5655241935483871 0.5475260416666666 0.5702284946236559 0.4212239583333333 0.5729166666666666 0.4010416666666667 0.5745967741935484 0.3984375 0.5766129032258065 0.3984375 0.5789650537634409 0.4153645833333333 0.5890456989247311 0.54296875 0.5920698924731183 0.5657552083333334 0.5934139784946236 0.58984375 0.5913978494623656 0.599609375 0.5846774193548387 0.611328125 0.5729166666666666 0.6126302083333334 0.5665322580645161 0.6041666666666666 0.5641801075268817 0.580078125
14 0.6565860215053764 0.5631510416666666 0.6498655913978495 0.564453125 0.6468413978494624 0.5546875 0.6468413978494624 0.5286458333333334 0.6528897849462365 0.505859375 0.6555779569892473 0.4850260416666667 0.6662278225806452 0.4560716145833333 0.6710349462365591 0.4407552083333333 0.6796871639784946 0.41895638020833337 0.6870288978494623 0.412638671875 0.6928763440860215 0.4140625 0.6980413306451613 0.4213255208333333 0.6984489247311827 0.4315911458333333 0.6959005376344086 0.466796875 0.6908602150537635 0.5319010416666666 0.688508064516129 0.5631510416666666 0.6804435483870968 0.5768229166666666 0.6740591397849462 0.5826822916666666 0.668010752688172 0.5826822916666666 0.6653225806451613 0.5813802083333334 0.6579301075268817 0.564453125
16 0.5168010752688172 0.6647135416666666 0.5151209677419355 0.6490885416666666 0.5100806451612904 0.611328125 0.5292338709677419 0.6080729166666666 0.5305779569892473 0.6477864583333334 0.5336021505376344 0.6731770833333334 0.5362903225806451 0.7063802083333334 0.5379704301075269 0.7220052083333334 0.5356182795698925 0.7272135416666666 0.5238575268817204 0.7115885416666666 0.5188172043010753 0.6907552083333334
17 0.5349462365591398 0.6510416666666666 0.5305779569892473 0.60546875 0.5423387096774194 0.60546875 0.5480510752688172 0.6041666666666666 0.551747311827957 0.6080729166666666 0.5540994623655914 0.625 0.5552886424731183 0.6582291666666666 0.5561155913978495 0.6907552083333334 0.5577956989247311 0.7233072916666666 0.5567876344086021 0.7356770833333334 0.5554435483870968 0.7389322916666666 0.5524193548387096 0.7389322916666666 0.543010752688172 0.7076822916666666
18 0.5628360215053764 0.6510416666666666 0.5567876344086021 0.6282552083333334 0.5567876344086021 0.6080729166666666 0.5611559139784946 0.6028645833333334 0.5648521505376344 0.60546875 0.5702284946236559 0.6139322916666666 0.5779569892473119 0.609375 0.5809811827956989 0.609375 0.5826612903225806 0.6184895833333334 0.5846774193548387 0.6490885416666666 0.592741935483871 0.7161458333333334 0.5977822580645161 0.755859375 0.5977822580645161 0.765625 0.5964381720430108 0.7701822916666666 0.5934139784946236 0.7682291666666666 0.5833333333333334 0.7513020833333334 0.5745967741935484 0.7102864583333334 0.5687479838709678 0.6882369791666667
19 0.5846774193548387 0.615234375 0.5816532258064516 0.595703125 0.5870295698924731 0.5885416666666666 0.5940860215053764 0.580078125 0.6065188172043011 0.5813802083333334 0.6102150537634409 0.583984375 0.6125672043010753 0.6282552083333334 0.6139112903225806 0.6595052083333334 0.6256720430107527 0.728515625 0.6270161290322581 0.7389322916666666 0.6256720430107527 0.744140625 0.6169354838709677 0.7356770833333334 0.6051747311827957 0.7005208333333334
20 0.6155913978494624 0.5970052083333334 0.6088709677419355 0.580078125 0.6065188172043011 0.5598958333333334 0.6108870967741935 0.5455729166666666 0.6155913978494624 0.5416666666666666 0.6199596774193549 0.5442708333333334 0.6243279569892473 0.5475260416666666 0.6270161290322581 0.5475260416666666 0.6307123655913979 0.5514322916666666 0.633736559139785 0.5631510416666666 0.6330645161290323 0.5885416666666666 0.6381048387096774 0.6354166666666666 0.6438172043010753 0.6731770833333334 0.6448252688172043 0.6888020833333334 0.6438172043010753 0.6946614583333334 0.6418010752688172 0.697265625 0.6300403225806451 0.6848958333333334
23 0.7063172043010753 0.5390625 0.6959005376344086 0.521484375 0.6938844086021505 0.51171875 0.6965725806451613 0.4973958333333333 0.7026209677419355 0.4889322916666667 0.7076612903225806 0.4850260416666667 0.7106854838709677 0.4752604166666667 0.7143817204301075 0.4720052083333333 0.71875 0.4576822916666667 0.7224462365591398 0.4537760416666667 0.7251344086021505 0.4537760416666667 0.729502688172043 0.4576822916666667 0.741263440860215 0.48046875 0.7473118279569892 0.4889322916666667 0.7641129032258065 0.517578125 0.7765456989247311 0.5403645833333334 0.7765456989247311 0.5572916666666666 0.7711693548387096 0.55859375 0.7523521505376344 0.5442708333333334 0.7426075268817204 0.537109375 0.7419354838709677 0.5390625 0.7567204301075269 0.552734375 0.7684811827956989 0.5598958333333334 0.7721774193548387 0.5696614583333334 0.7691532258064516 0.5768229166666666 0.7536962365591398 0.5768229166666666 0.7288306451612904 0.5631510416666666 0.7151713709677419 0.5453053385416667
24 0.4897049731182796 0.6409889322916666 0.48823924731182794 0.6126302083333334 0.5070564516129032 0.609375 0.5090577956989247 0.6333027343750001 0.508736559139785 0.6790364583333334 0.5114247311827957 0.7044270833333334 0.5114247311827957 0.71484375 0.5094086021505376 0.7220052083333334 0.5057123655913979 0.7220052083333334 0.49966397849462363 0.7115885416666666
25 0.4647177419354839 0.6510416666666666 0.4633736559139785 0.6197916666666666 0.4640456989247312 0.611328125 0.47647849462365593 0.611328125 0.48286290322580644 0.611328125 0.4852150537634409 0.6236979166666666 0.48219086021505375 0.6490885416666666 0.48723118279569894 0.6959635416666666 0.4895833333333333 0.7220052083333334 0.48723118279569894 0.73046875 0.4845430107526882 0.7330729166666666 0.4771505376344086 0.7161458333333334
26 0.43548387096774194 0.6451822916666666 0.4375 0.611328125 0.4418682795698925 0.6028645833333334 0.44993279569892475 0.6009114583333334 0.4543010752688172 0.6009114583333334 0.4603494623655914 0.6080729166666666 0.46169354838709675 0.6184895833333334 0.4633736559139785 0.6393229166666666 0.4603494623655914 0.6536458333333334 0.4603494623655914 0.6764322916666666 0.4536290322580645 0.71875 0.447244623655914 0.7389322916666666 0.4418682795698925 0.7473958333333334 0.43850806451612906 0.7473958333333334 0.43548387096774194 0.7415364583333334 0.4324596774193548 0.7076822916666666
27 0.4106182795698925 0.6354166666666666 0.40893817204301075 0.5983072916666666 0.41196236559139787 0.5924479166666666 0.41431451612903225 0.5885416666666666 0.4237231182795699 0.5924479166666666 0.43044354838709675 0.5852864583333334 0.43481182795698925 0.5852864583333334 0.43850806451612906 0.5944010416666666 0.43985215053763443 0.609375 0.4324596774193548 0.642578125 0.4280913978494624 0.6790364583333334 0.42439516129032256 0.7076822916666666 0.4213709677419355 0.7174479166666666 0.4163306451612903 0.724609375 0.41263440860215056 0.7330729166666666 0.40893817204301075 0.7356770833333334 0.40389784946236557 0.7356770833333334 0.4025537634408602 0.7272135416666666 0.4069220430107527 0.7076822916666666 0.4106182795698925 0.6764322916666666
28 0.37701612903225806 0.6080729166666666 0.37399193548387094 0.5924479166666666 0.37600806451612906 0.5826822916666666 0.385752688172043 0.568359375 0.39448924731182794 0.5598958333333334 0.4002016129032258 0.5598958333333334 0.4032258064516129 0.568359375 0.4032258064516129 0.5852864583333334 0.4018817204301075 0.599609375 0.3864247311827957 0.6790364583333334 0.3797043010752688 0.71484375 0.37701612903225806 0.7233072916666666 0.37466397849462363 0.724609375 0.37163978494623656 0.71875 0.3696236559139785 0.7044270833333334 0.3702956989247312 0.68359375
