0 0.4852150537634409 0.5748697916666666 0.489247311827957 0.4921875 0.49428763440860213 0.4772135416666667 0.4969758064516129 0.4772135416666667 0.5040322580645161 0.4934895833333333 0.5080645161290323 0.5182291666666666 0.5104166666666666 0.5696614583333334 0.5151209677419355 0.625 0.5151209677419355 0.646484375 0.5067204301075269 0.650390625 0.48588709677419356 0.646484375 0.4831989247311828 0.6315104166666666 0.4825268817204301 0.6165364583333334
1 0.4566532258064516 0.5748697916666666 0.4620295698924731 0.49609375 0.4650537634408602 0.4830729166666667 0.46725571236559144 0.47924153645833334 0.46964213709677416 0.47858138020833335 0.47271068548387096 0.48155403645833333 0.4747983870967742 0.4908854166666667 0.4754704301075269 0.5169270833333334 0.47614247311827956 0.580078125 0.479502688172043 0.619140625 0.47681451612903225 0.6341145833333334 0.4566532258064516 0.6315104166666666 0.4543010752688172 0.619140625
2 0.4237231182795699 0.5696614583333334 0.4327956989247312 0.4869791666666667 0.43481182795698925 0.4544270833333333 0.43783602150537637 0.4466145833333333 0.4411962365591398 0.4466145833333333 0.44455645161290325 0.4557291666666667 0.448252688172043 0.5123697916666666 0.448252688172043 0.56640625 0.45094086021505375 0.5989583333333334 0.45094086021505375 0.62109375 0.44522849462365593 0.6276041666666666 0.43548387096774194 0.62890625 0.4270833333333333 0.62890625 0.4217069892473118 0.619140625 0.41801075268817206 0.6061197916666666
4 0.3699596774193548 0.5735677083333334 0.3659274193548387 0.5123697916666666 0.36727150537634407 0.49609375 0.3719758064516129 0.4921875 0.3797043010752688 0.4921875 0.38676075268817206 0.5032552083333334 0.3951612903225806 0.5520833333333334 0.40053763440860213 0.572265625 0.4022177419354839 0.58984375 0.4022177419354839 0.603515625 0.3887768817204301 0.607421875 0.3834005376344086 0.619140625 0.3743279569892473 0.6223958333333334 0.36928763440860213 0.6178385416666666
5 0.32661290322580644 0.5559895833333334 0.3286290322580645 0.5397135416666666 0.32123655913978494 0.4733072916666667 0.323252688172043 0.466796875 0.32594086021505375 0.466796875 0.32963709677419356 0.4733072916666667 0.3343413978494624 0.505859375 0.33803763440860213 0.5234375 0.34274193548387094 0.5234375 0.34408602150537637 0.5071614583333334 0.3393817204301075 0.474609375 0.33635752688172044 0.4609375 0.33635752688172044 0.45703125 0.33947681451612904 0.4535520833333333 0.34341397849462363 0.4583333333333333 0.3471518817204301 0.4644192708333333 0.35114247311827956 0.48046875 0.354502688172043 0.5032552083333334 0.3595430107526882 0.5384114583333334 0.364247311827957 0.5611979166666666 0.36727150537634407 0.5924479166666666 0.364247311827957 0.6061197916666666 0.3588709677419355 0.6126302083333334 0.3491263440860215 0.6165364583333334 0.3407258064516129 0.6087239583333334 0.32963709677419356 0.6165364583333334 0.323252688172043 0.607421875 0.3219086021505376 0.59765625 0.3219086021505376 0.5859375
6 0.2916666666666667 0.58984375 0.2862903225806452 0.58984375 0.2819220430107527 0.5872395833333334 0.27923387096774194 0.5748697916666666 0.2772177419354839 0.5598958333333334 0.2772177419354839 0.5462239583333334 0.2825940860215054 0.53125 0.2903225806451613 0.5084635416666666 0.2903225806451613 0.466796875 0.2933467741935484 0.453125 0.2960349462365591 0.4505208333333333 0.2980510752688172 0.453125 0.2987231182795699 0.4609375 0.2987231182795699 0.4934895833333333 0.3024193548387097 0.501953125 0.3064516129032258 0.5032552083333334 0.3071236559139785 0.4830729166666667 0.30073924731182794 0.44921875 0.3030913978494624 0.4381510416666667 0.30376344086021506 0.4381510416666667 0.3084677419354839 0.4420572916666667 0.3155241935483871 0.462890625 0.3161962365591398 0.4772135416666667 0.31821236559139787 0.49609375 0.31821236559139787 0.5345052083333334 0.32123655913978494 0.5598958333333334 0.31955645161290325 0.5826822916666666 0.3168682795698925 0.59375 0.3077956989247312 0.6015625
8 0.5221774193548387 0.5638020833333334 0.5285618279569892 0.505859375 0.5376344086021505 0.48046875 0.5403225806451613 0.4830729166666667 0.5416666666666666 0.48828125 0.5436827956989247 0.5110677083333334 0.5453629032258065 0.5651041666666666 0.5487231182795699 0.615234375 0.5487231182795699 0.6315104166666666 0.5487231182795699 0.642578125 0.5403225806451613 0.6438802083333334 0.5178091397849462 0.6438802083333334 0.5164650537634409 0.615234375
9 0.5564516129032258 0.5813802083333334 0.5604838709677419 0.5032552083333334 0.5641801075268817 0.4908854166666667 0.5655241935483871 0.4895833333333333 0.5682123655913979 0.4895833333333333 0.5695564516129032 0.4947916666666667 0.5688844086021505 0.515625 0.5739247311827957 0.5813802083333334 0.5766129032258065 0.6178385416666666 0.5752688172043011 0.63671875 0.5557795698924731 0.6399739583333334 0.5534274193548387 0.625
10 0.5836693548387096 0.568359375 0.5806451612903226 0.537109375 0.585013440860215 0.4759114583333333 0.5897177419354839 0.4583333333333333 0.5934139784946236 0.4583333333333333 0.5967741935483871 0.474609375 0.6018145161290323 0.5559895833333334 0.6078629032258065 0.5989583333333334 0.6078629032258065 0.6165364583333334 0.6011424731182796 0.6328125 0.5863575268817204 0.63671875 0.5806451612903226 0.619140625 0.5799731182795699 0.59375
11 0.6149193548387096 0.615234375 0.6102150537634409 0.619140625 0.6065188172043011 0.6178385416666666 0.602486559139785 0.5963541666666666 0.602486559139785 0.5774739583333334 0.6065188172043011 0.5559895833333334 0.6088709677419355 0.49609375 0.6149193548387096 0.4830729166666667 0.6192876344086021 0.4830729166666667 0.6253360215053764 0.4908854166666667 0.6283602150537635 0.501953125 0.6310483870967742 0.5572916666666666 0.6354166666666666 0.5950520833333334 0.6323924731182796 0.615234375 0.6283602150537635 0.6263020833333334 0.6226478494623656 0.625
12 0.6381048387096774 0.6165364583333334 0.6310483870967742 0.6165364583333334 0.6270161290322581 0.5950520833333334 0.6283602150537635 0.5735677083333334 0.633736559139785 0.5546875 0.6354166666666666 0.5123697916666666 0.6407930107526881 0.4934895833333333 0.6434811827956989 0.4934895833333333 0.6491935483870968 0.49609375 0.6549059139784946 0.5123697916666666 0.6549059139784946 0.5638020833333334 0.6602822580645161 0.5885416666666666 0.6602822580645161 0.6087239583333334 0.65625 0.619140625 0.644489247311828 0.6126302083333334
13 0.6602822580645161 0.5436197916666666 0.665994623655914 0.4993489583333333 0.6686827956989247 0.466796875 0.6706989247311828 0.4609375 0.6736935483870968 0.46008528645833335 0.675739247311828 0.46239713541666666 0.6770833333333334 0.4694010416666667 0.675739247311828 0.4921875 0.675739247311828 0.5071614583333334 0.6784274193548387 0.5110677083333334 0.6814516129032258 0.509765625 0.6854838709677419 0.5032552083333334 0.6888440860215054 0.4908854166666667 0.6938844086021505 0.466796875 0.6945564516129032 0.4654947916666667 0.6967069892473119 0.46536979166666664 0.6979166666666666 0.4694010416666667 0.6995967741935484 0.484375 0.6995967741935484 0.501953125 0.6925403225806451 0.548828125 0.697244623655914 0.5748697916666666 0.697244623655914 0.5963541666666666 0.697244623655914 0.603515625 0.6881720430107527 0.6100260416666666 0.6814516129032258 0.6015625 0.6717069892473119 0.6100260416666666 0.665994623655914 0.6061197916666666 0.6596102150537635 0.5989583333333334 0.6549059139784946 0.5911458333333334 0.6542338709677419 0.56640625
14 0.7244623655913979 0.580078125 0.7190860215053764 0.5950520833333334 0.7133736559139785 0.5963541666666666 0.7009408602150538 0.5859375 0.6959005376344086 0.5696614583333334 0.6952284946236559 0.5546875 0.6995967741935484 0.5345052083333334 0.7049731182795699 0.4694010416666667 0.707997311827957 0.4479166666666667 0.709832997311828 0.43498372395833335 0.7122197580645161 0.4257356770833333 0.7163978494623656 0.421875 0.717741935483871 0.421875 0.7192090053763441 0.42606575520833334 0.7204022177419355 0.4336627604166667 0.7214620295698925 0.4684225260416666 0.7233000672043012 0.43993815104166667 0.7243229166666667 0.43564453124999997 0.7261424731182796 0.4329427083333333 0.7281586021505376 0.4342447916666667 0.7294371639784946 0.43960742187499996 0.7301747311827957 0.4479166666666667 0.7301747311827957 0.474609375 0.7308467741935484 0.515625 0.7358870967741935 0.537109375 0.7372311827956989 0.5651041666666666 0.7358870967741935 0.5826822916666666
16 0.5137768817204301 0.6725260416666666 0.5080645161290323 0.6236979166666666 0.5292338709677419 0.6223958333333334 0.5325940860215054 0.6223958333333334 0.5278897849462365 0.6725260416666666 0.5255376344086021 0.7369791666666666 0.5228494623655914 0.7493489583333334 0.5201612903225806 0.7506510416666666 0.5164650537634409 0.7454427083333334 0.5137768817204301 0.7330729166666666
17 0.5350467069892473 0.6670039062500001 0.5332127016129032 0.6289739583333334 0.5338847446236559 0.6211614583333334 0.5416132392473118 0.6211614583333334 0.5550540994623655 0.623765625 0.5577422715053764 0.6289739583333334 0.5577422715053764 0.635484375 0.552700940860215 0.6743945312499999 0.5473256048387096 0.7181666666666667 0.5459815188172042 0.7494166666666667 0.5443014112903225 0.7559270833333334 0.5416132392473118 0.7559270833333334 0.538925067204301 0.7520208333333334 0.5362368951612903 0.733140625
18 0.5618279569892473 0.6692708333333334 0.5598118279569892 0.6354166666666666 0.5598118279569892 0.625 0.5625 0.62109375 0.5799731182795699 0.6263020833333334 0.585013440860215 0.6341145833333334 0.585013440860215 0.642578125 0.5806451612903226 0.6790364583333334 0.5793010752688172 0.7317708333333334 0.5752688172043011 0.7760416666666666 0.5715725806451613 0.7858072916666666 0.5702284946236559 0.7858072916666666 0.5648521505376344 0.7734375 0.5625 0.7454427083333334
19 0.5883736559139785 0.6868489583333334 0.585013440860215 0.6588541666666666 0.5863575268817204 0.6490885416666666 0.5913978494623656 0.6438802083333334 0.5954301075268817 0.63671875 0.5987903225806451 0.6354166666666666 0.604502688172043 0.6354166666666666 0.6102150537634409 0.642578125 0.6129032258064516 0.6490885416666666 0.614247311827957 0.6614583333333334 0.614247311827957 0.6751302083333334 0.6095430107526881 0.6966145833333334 0.6058467741935484 0.7428385416666666 0.6038306451612904 0.765625 0.6018145161290323 0.7747395833333334 0.5987903225806451 0.7805989583333334 0.5961021505376344 0.7760416666666666 0.5907258064516129 0.7643229166666666
20 0.614247311827957 0.6803385416666666 0.6078629032258065 0.6575520833333334 0.6071908602150538 0.646484375 0.6071908602150538 0.63671875 0.6102150537634409 0.6302083333333334 0.6135752688172043 0.6276041666666666 0.6213037634408602 0.6341145833333334 0.6290322580645161 0.6302083333333334 0.633736559139785 0.6302083333333334 0.6374327956989247 0.63671875 0.6381048387096774 0.6477864583333334 0.6360887096774194 0.6751302083333334 0.6374327956989247 0.7330729166666666 0.636760752688172 0.748046875 0.6344086021505376 0.7532552083333334 0.6297043010752689 0.755859375 0.6253360215053764 0.7532552083333334 0.6226478494623656 0.7428385416666666
21 0.6414650537634409 0.673828125 0.6310483870967742 0.6354166666666666 0.6330645161290323 0.6236979166666666 0.6401209677419355 0.6178385416666666 0.646505376344086 0.615234375 0.6549059139784946 0.625 0.6700268817204301 0.615234375 0.6764112903225806 0.615234375 0.6814516129032258 0.6178385416666666 0.6834677419354839 0.6315104166666666 0.6814516129032258 0.6705729166666666 0.6911962365591398 0.720703125 0.6925403225806451 0.7395833333333334 0.6925403225806451 0.7545572916666666 0.6888440860215054 0.7604166666666666 0.6848118279569892 0.7545572916666666 0.6797715053763441 0.7220052083333334 0.6700268817204301 0.7044270833333334 0.665994623655914 0.7005208333333334 0.6633064516129032 0.7018229166666666 0.6616263440860215 0.7102864583333334 0.6609543010752689 0.716796875 0.6646505376344086 0.7369791666666666 0.6686827956989247 0.7584635416666666 0.6686827956989247 0.76953125 0.6653225806451613 0.7747395833333334 0.6575940860215054 0.7643229166666666 0.6505376344086021 0.73046875
22 0.6938844086021505 0.6725260416666666 0.6814516129032258 0.642578125 0.6814516129032258 0.6223958333333334 0.6848118279569892 0.611328125 0.6925403225806451 0.6100260416666666 0.7022849462365591 0.6100260416666666 0.7093413978494624 0.6002604166666666 0.7147177419354839 0.6002604166666666 0.7231182795698925 0.603515625 0.7281586021505376 0.615234375 0.7301747311827957 0.62890625 0.7315188172043011 0.6575520833333334 0.7405913978494624 0.7220052083333334 0.7442876344086021 0.7356770833333334 0.7419354838709677 0.7454427083333334 0.7358870967741935 0.734375 0.727486559139785 0.7018229166666666 0.717741935483871 0.685546875 0.7147177419354839 0.69140625 0.7153897849462365 0.7018229166666666 0.7204301075268817 0.7265625 0.7358870967741935 0.7428385416666666 0.7365591397849462 0.7506510416666666 0.727486559139785 0.748046875 0.7106854838709677 0.734375 0.7022849462365591 0.7154947916666666
23 0.7439979838709677 0.6457825520833333 0.7433585349462366 0.638896484375 0.742332997311828 0.6306178385416666 0.7462647849462366 0.6266438802083333 0.7443844086021505 0.621013671875 0.7486582661290323 0.6124036458333334 0.7551542338709677 0.6120722656250001 0.7676340725806451 0.6203515625 0.7732755376344086 0.6279680989583333 0.7826780913978495 0.6385651041666667 0.793106182795699 0.6468444010416666 0.7975510752688173 0.6597597656249999 0.7977217741935484 0.6769804687500001 0.7922513440860214 0.68890234375 0.7817301747311828 0.677166015625 0.7898578629032259 0.695525390625 0.7932772177419355 0.6968496093750001 0.787635752688172 0.7084407552083333 0.7806263440860214 0.7104277343750001 0.7732755376344086 0.7074472656249999 0.764385752688172 0.7031419270833333 0.7563511424731182 0.708771484375 0.7459230510752689 0.7024798177083333 0.7377170698924731 0.6938691406249999 0.7360077284946236 0.6885709635416667 0.7354946236559139 0.677642578125 0.7354946236559139 0.6683697916666667 0.7407943548387096 0.6624088541666667 0.7392557123655914 0.6541302083333334 0.744213373655914 0.65148046875
24 0.4899193548387097 0.6705729166666666 0.48588709677419356 0.619140625 0.508736559139785 0.62109375 0.5040322580645161 0.6725260416666666 0.5033602150537635 0.720703125 0.5006720430107527 0.7506510416666666 0.4956317204301075 0.755859375 0.4915994623655914 0.7571614583333334 0.4899193548387097 0.7467447916666666
25 0.46157022849462365 0.6666666666666666 0.4588820564516129 0.6236979166666666 0.462914314516129 0.619140625 0.4783713037634409 0.619140625 0.48273958333333333 0.619140625 0.4847557123655914 0.6236979166666666 0.48273958333333333 0.6692708333333334 0.48273958333333333 0.720703125 0.4790433467741936 0.7532552083333334 0.47568313172043014 0.7630208333333334 0.47131485215053764 0.7643229166666666 0.4686266801075269 0.76171875 0.4672825940860215 0.7291666666666666
26 0.4314516129032258 0.6705729166666666 0.4314516129032258 0.6302083333333334 0.43413978494623656 0.6165364583333334 0.43716397849462363 0.6126302083333334 0.4411962365591398 0.6126302083333334 0.448252688172043 0.6178385416666666 0.45598118279569894 0.62109375 0.46001344086021506 0.62890625 0.4593413978494624 0.6653645833333334 0.4573252688172043 0.7233072916666666 0.448252688172043 0.779296875 0.4425403225806452 0.7923177083333334 0.43918010752688175 0.7923177083333334 0.43716397849462363 0.791015625
27 0.4022177419354839 0.677734375 0.39919354838709675 0.6549479166666666 0.40053763440860213 0.6315104166666666 0.40423387096774194 0.625 0.40961021505376344 0.62109375 0.4153225806451613 0.62109375 0.42036290322580644 0.6302083333333334 0.4270833333333333 0.638671875 0.427755376344086 0.650390625 0.4237231182795699 0.6803385416666666 0.4237231182795699 0.7220052083333334 0.41868279569892475 0.7630208333333334 0.4153225806451613 0.7734375 0.41196236559139787 0.7747395833333334 0.4075940860215054 0.7669270833333334
28 0.375 0.6666666666666666 0.3713037634408602 0.638671875 0.37264784946236557 0.62890625 0.3756720430107527 0.625 0.3810483870967742 0.6236979166666666 0.3840725806451613 0.625 0.3914650537634409 0.6236979166666666 0.3978494623655914 0.6236979166666666 0.40288978494623656 0.6263020833333334 0.40625 0.638671875 0.4055779569892473 0.6490885416666666 0.40288978494623656 0.6588541666666666 0.3978494623655914 0.6751302083333334 0.3951612903225806 0.716796875 0.3924731182795699 0.7395833333333334 0.38743279569892475 0.7467447916666666 0.3840725806451613 0.7493489583333334 0.37836021505376344 0.7493489583333334
29 0.32526881720430106 0.6692708333333334 0.3239247311827957 0.6341145833333334 0.3272849462365591 0.6178385416666666 0.3323252688172043 0.6126302083333334 0.3393817204301075 0.6126302083333334 0.34610215053763443 0.6126302083333334 0.354502688172043 0.62109375 0.36794354838709675 0.62109375 0.37331989247311825 0.6236979166666666 0.3763440860215054 0.62890625 0.3763440860215054 0.6412760416666666 0.3763440860215054 0.650390625 0.36727150537634407 0.6829427083333334 0.36223118279569894 0.7233072916666666 0.3531586021505376 0.76171875 0.34475806451612906 0.7819010416666666 0.34139784946236557 0.7819010416666666 0.3407258064516129 0.7747395833333334 0.34543010752688175 0.7467447916666666 0.34711021505376344 0.7194010416666666 0.34711021505376344 0.7102864583333334 0.34341397849462363 0.7044270833333334 0.33635752688172044 0.7044270833333334 0.32963709677419356 0.7317708333333334 0.323252688172043 0.7506510416666666 0.32056451612903225 0.7584635416666666 0.31821236559139787 0.7584635416666666 0.3155241935483871 0.748046875
30 0.27352150537634407 0.6490885416666666 0.27788978494623656 0.6126302083333334 0.2862903225806452 0.5963541666666666 0.29469086021505375 0.5924479166666666 0.30443548387096775 0.603515625 0.3175403225806452 0.6048177083333334 0.32661290322580644 0.62109375 0.32661290322580644 0.6315104166666666 0.3245967741935484 0.6451822916666666 0.31955645161290325 0.6614583333333334 0.31283602150537637 0.6751302083333334 0.29939516129032256 0.7154947916666666 0.28897849462365593 0.7317708333333334 0.2805779569892473 0.7428385416666666 0.2765456989247312 0.7395833333333334 0.2772177419354839 0.7265625 0.2862903225806452 0.7076822916666666 0.28897849462365593 0.6881510416666666 0.28897849462365593 0.677734375 0.28326612903225806 0.6881510416666666 0.26948924731182794 0.7180989583333334 0.2610887096774194 0.7265625 0.2584005376344086 0.720703125 0.2584005376344086 0.712890625
31 0.25352889784946236 0.61148828125 0.2526448252688172 0.6041139322916667 0.2497385752688172 0.5978216145833334 0.24443918010752688 0.5988151041666666 0.2374301075268817 0.6090813802083334 0.23178864247311828 0.620009765625 0.22956619623655913 0.63557421875 0.22597614247311829 0.6518014322916666 0.22033467741935484 0.670677734375 0.2191377688172043 0.6885598958333333 0.21828326612903226 0.6978326822916667 0.22255712365591399 0.6991575520833333 0.22341162634408604 0.7097545572916667 0.2278565188172043 0.7001510416666666 0.22597614247311829 0.7120729166666666 0.2297368951612903 0.7120729166666666 0.23349798387096773 0.710748046875 0.2360621639784946 0.7137285156250001 0.2497385752688172 0.6925338541666667 0.25914112903225806 0.67730078125 0.26939818548387096 0.6607428385416666 0.2716206317204301 0.6465026041666667 0.2719627016129032 0.62961328125 0.2721337365591398 0.6196783854166666 0.2661502016129032 0.61173046875 0.2613635752688172 0.6104062499999999 0.25623487903225806 0.61173046875
