0 0.4519489247311828 0.4114583333333333 0.45561794354838714 0.41814973958333335 0.4680779569892473 0.4537760416666667 0.47647849462365593 0.4967447916666667 0.4825268817204301 0.5201822916666666 0.4845430107526882 0.5546875 0.48823924731182794 0.599609375 0.48756720430107525 0.6041666666666666 0.47580645161290325 0.609375 0.45698924731182794 0.6067708333333334 0.4539650537634409 0.6067708333333334 0.4489247311827957 0.583984375 0.44455645161290325 0.4694010416666667 0.4432920026881721 0.4250970052083333 0.44455645161290325 0.4147135416666667 0.446429435483871 0.4103333333333334 0.4491189516129032 0.40946549479166666
1 0.4166666666666667 0.4212239583333333 0.41908803763440855 0.432478515625 0.4264112903225806 0.466796875 0.4344758064516129 0.52734375 0.43850806451612906 0.5696614583333334 0.43649193548387094 0.5950520833333334 0.4210349462365591 0.6009114583333334 0.4176747311827957 0.5983072916666666 0.40893817204301075 0.552734375 0.4109543010752688 0.470703125 0.4101236559139785 0.440728515625 0.4096754032258064 0.43030729166666665 0.4101236559139785 0.4237942708333333 0.4112439516129033 0.41814973958333335 0.4141575940860215 0.41771549479166664
2 0.385247311827957 0.40078059895833335 0.3865917338709678 0.40816276041666666 0.3897849462365591 0.4440104166666667 0.4008736559139785 0.513671875 0.40860215053763443 0.57421875 0.40893817204301075 0.60546875 0.4008736559139785 0.6197916666666666 0.39213709677419356 0.6236979166666666 0.3860887096774194 0.6197916666666666 0.3793682795698925 0.6009114583333334 0.37735215053763443 0.58984375 0.3786962365591398 0.5065104166666666 0.3785238575268817 0.47633463541666665 0.37538642473118283 0.451583984375 0.3749381720430108 0.42813671875000003 0.37673084677419355 0.4112018229166667 0.3803763440860215 0.3971354166666667 0.3830060483870968 0.3977415364583334
3 0.3581989247311828 0.4739583333333333 0.36104301075268813 0.4819791666666667 0.36928763440860213 0.5188802083333334 0.3817204301075269 0.5826822916666666 0.3810483870967742 0.6106770833333334 0.375 0.625 0.3635752688172043 0.6295572916666666 0.35618279569892475 0.630859375 0.3497983870967742 0.6139322916666666 0.3504704301075269 0.533203125 0.35073387096774195 0.4967421875 0.35118212365591395 0.484150390625 0.35207862903225806 0.47676888020833336 0.3541666666666667 0.47265625
4 0.3343413978494624 0.4720052083333333 0.33795967741935484 0.4811106770833333 0.34946236559139787 0.5416666666666666 0.35551075268817206 0.5872395833333334 0.35551075268817206 0.6106770833333334 0.3450940860215054 0.6282552083333334 0.33803763440860213 0.6334635416666666 0.3276209677419355 0.630859375 0.32426075268817206 0.6197916666666666 0.32426075268817206 0.5787760416666666 0.3269489247311828 0.513671875 0.3267540322580645 0.48849218749999995 0.32720228494623654 0.47893945312499997 0.32854704301075266 0.4719921875 0.3310120967741935 0.46982096354166664
5 0.29939516129032256 0.4635416666666667 0.3094758064516129 0.4947916666666667 0.31451612903225806 0.5221354166666666 0.32056451612903225 0.5696614583333334 0.32426075268817206 0.615234375 0.3219086021505376 0.6276041666666666 0.3071236559139785 0.630859375 0.2956989247311828 0.6263020833333334 0.2906586021505376 0.6282552083333334 0.27889784946236557 0.619140625 0.2752016129032258 0.5924479166666666 0.28393817204301075 0.5390625 0.2862903225806452 0.4850260416666667 0.2896505376344086 0.45703125 0.2931374327956989 0.454189453125 0.2967231182795699 0.456794921875
6 0.2642271505376344 0.43682096354166666 0.26467540322580646 0.4442024739583333 0.2631065188172043 0.45896549479166665 0.2728494623655914 0.533203125 0.2775537634408602 0.5696614583333334 0.2772177419354839 0.5950520833333334 0.2721774193548387 0.60546875 0.25705645161290325 0.603515625 0.25033602150537637 0.6009114583333334 0.2452956989247312 0.6041666666666666 0.23353494623655913 0.5787760416666666 0.23420698924731181 0.55859375 0.24585013440860215 0.487189453125 0.2503323252688172 0.456794921875 0.2553763440860215 0.4381510416666667 0.2588484543010753 0.4342154947916667 0.26265826612903226 0.4346497395833333
8 0.5094086021505376 0.41015625 0.5131048387096774 0.4524739583333333 0.5181451612903226 0.5052083333333334 0.5211693548387096 0.54296875 0.5248655913978495 0.580078125 0.5235215053763441 0.6022135416666666 0.5198252688172043 0.60546875 0.5057123655913979 0.60546875 0.489247311827957 0.60546875 0.4889112903225806 0.5696614583333334 0.49193548387096775 0.4934895833333333 0.4949596774193548 0.4342447916666667 0.5030241935483871 0.3971354166666667
9 0.5524341397849463 0.437689453125 0.5571404569892473 0.43682096354166666 0.5605020161290323 0.4389915364583334 0.5627432795698925 0.443333984375 0.5638639112903225 0.44811067708333335 0.5634156586021505 0.4546236979166667 0.5555715725806452 0.46504492187499996 0.5530913978494624 0.4765625 0.5534274193548387 0.5377604166666666 0.5554435483870968 0.5768229166666666 0.5530913978494624 0.5950520833333334 0.543010752688172 0.599609375 0.5356182795698925 0.599609375 0.5278897849462365 0.595703125 0.5262096774193549 0.5852864583333334 0.5278897849462365 0.5442708333333334 0.5319220430107527 0.4895833333333333 0.5354015456989247 0.47025520833333334 0.5427973790322581 0.45028124999999997
10 0.5991263440860215 0.3736979166666667 0.6006179435483872 0.37907031249999995 0.6008420698924731 0.38949153645833334 0.6008420698924731 0.40816276041666666 0.6001696908602151 0.43117578124999995 0.5964381720430108 0.4791666666666667 0.5971102150537635 0.5201822916666666 0.6008064516129032 0.5716145833333334 0.6014784946236559 0.58984375 0.5823252688172043 0.603515625 0.5678763440860215 0.6022135416666666 0.5598118279569892 0.5924479166666666 0.5577956989247311 0.564453125 0.5698924731182796 0.4752604166666667 0.5860215053763441 0.3990885416666667 0.5934139784946236 0.375 0.595911626344086 0.3716881510416667
11 0.6297523521505376 0.43942578125 0.6290322580645161 0.4828561197916667 0.6270161290322581 0.5277779947916666 0.6290322580645161 0.5551217447916666 0.6327284946236559 0.581814453125 0.6334005376344086 0.601345703125 0.6300403225806451 0.6117623697916666 0.6159274193548387 0.616970703125 0.6071908602150538 0.6143665364583334 0.6014784946236559 0.6059029947916666 0.5984543010752689 0.5941842447916666 0.6038306451612904 0.509548828125 0.6180987903225806 0.44724218750000005 0.6232533602150537 0.43378125 0.6254942876344086 0.43204427083333335 0.6279596774193549 0.4342154947916667
12 0.649698252688172 0.4437682291666667 0.65625 0.5065104166666666 0.6619623655913979 0.548828125 0.6663306451612904 0.583984375 0.6599462365591398 0.6009114583333334 0.6481854838709677 0.6041666666666666 0.6424731182795699 0.60546875 0.6350806451612904 0.6041666666666666 0.6293682795698925 0.5826822916666666 0.6327284946236559 0.5305989583333334 0.6344086021505376 0.482421875 0.6387768817204301 0.4453125 0.6400614919354839 0.43942578125 0.6427510080645161 0.43638671874999996 0.6463366935483871 0.43682096354166666
13 0.6911962365591398 0.4440104166666667 0.695192876344086 0.45288671875000003 0.6969086021505376 0.4635416666666667 0.699450940860215 0.45288671875000003 0.7012439516129032 0.44680794270833335 0.7049731182795699 0.4466145833333333 0.7059502688172042 0.4524524739583333 0.7068467741935484 0.46591341145833337 0.7072950268817204 0.4906634114583333 0.7036290322580645 0.5305989583333334 0.707997311827957 0.5787760416666666 0.7049731182795699 0.6009114583333334 0.7022849462365591 0.6106770833333334 0.6911962365591398 0.60546875 0.6854838709677419 0.6067708333333334 0.6737231182795699 0.611328125 0.6686827956989247 0.6106770833333334 0.6636424731182796 0.6041666666666666 0.6612903225806451 0.599609375 0.6592741935483871 0.57421875 0.6636424731182796 0.5305989583333334 0.6673387096774194 0.48828125 0.6721095430107528 0.46417643229166666 0.676747311827957 0.4485677083333333 0.6799532930107527 0.44116276041666663 0.6838037634408602 0.4368489583333333 0.6880215053763441 0.4385572916666667
14 0.7335349462365591 0.40625 0.7353088037634409 0.410767578125 0.735981182795699 0.42032031249999996 0.7385752688172043 0.45703125 0.7459677419354839 0.5247395833333334 0.7503360215053764 0.5598958333333334 0.751008064516129 0.583984375 0.7473118279569892 0.58984375 0.7395833333333334 0.5885416666666666 0.7268145161290323 0.595703125 0.7153897849462365 0.5983072916666666 0.7093413978494624 0.5865885416666666 0.7059811827956989 0.5625 0.7147177419354839 0.4850260416666667 0.7224462365591398 0.42578125 0.7238790322580646 0.41380729166666663 0.7271505376344086 0.4075520833333333 0.7303783602150539 0.40425455729166665
15 0.769489247311828 0.4147135416666667 0.7725114247311828 0.4263997395833334 0.7788978494623656 0.4635416666666667 0.792002688172043 0.5201822916666666 0.7950268817204301 0.5390625 0.7956989247311828 0.5442708333333334 0.7950268817204301 0.5559895833333334 0.7889784946236559 0.5657552083333334 0.7775537634408602 0.5813802083333334 0.7691532258064516 0.5852864583333334 0.7590725806451613 0.5826822916666666 0.7520161290322581 0.5755208333333334 0.7496639784946236 0.548828125 0.7483198924731183 0.5234375 0.7526881720430108 0.4622395833333333 0.7583924731182796 0.42770247395833333 0.7604166666666666 0.4173177083333333 0.7635467069892473 0.4103333333333334 0.7675809811827957 0.4112018229166667
16 0.49193548387096775 0.64453125 0.4905913978494624 0.6067708333333334 0.49764784946236557 0.603515625 0.5131048387096774 0.6022135416666666 0.5144489247311828 0.609375 0.5144489247311828 0.6263020833333334 0.5100806451612904 0.6790364583333334 0.5073924731182796 0.71875 0.5067204301075269 0.748046875 0.5070493951612903 0.760146484375 0.505739247311828 0.7657877604166666 0.5030241935483871 0.7682291666666666 0.5009351478494624 0.7677623697916666 0.49889717741935485 0.765505859375 0.49685887096774195 0.7609928385416667 0.4955487231182795 0.7514029947916666 0.49336491935483867 0.7234791666666666
17 0.5161290322580645 0.6380208333333334 0.5137768817204301 0.60546875 0.522513440860215 0.5970052083333334 0.5349462365591398 0.5950520833333334 0.5443548387096774 0.6009114583333334 0.5460349462365591 0.603515625 0.5446908602150538 0.6529947916666666 0.5366263440860215 0.72265625 0.532258064516129 0.7766927083333334 0.5312153897849462 0.7815826822916666 0.5292338709677419 0.7838541666666666 0.5262657930107527 0.7832753906250001 0.5248101478494623 0.7801725260416666 0.5234996639784946 0.7759420572916667 0.5232086693548387 0.7700188802083333 0.5226263440860215 0.7446334635416667 0.5232086693548387 0.7169915364583334 0.5205883736559139 0.6890677083333333
18 0.5460349462365591 0.6490885416666666 0.5460349462365591 0.6067708333333334 0.5510752688172043 0.5983072916666666 0.5577956989247311 0.595703125 0.5702284946236559 0.599609375 0.5766129032258065 0.6126302083333334 0.5782930107526881 0.62109375 0.574260752688172 0.712890625 0.5759408602150538 0.7591145833333334 0.5759408602150538 0.7936197916666666 0.5741609543010753 0.8001985677083333 0.5722684811827957 0.8021731770833332 0.5699391801075269 0.8024550781249999 0.5679012096774194 0.7993528645833333 0.5657174059139785 0.78948046875 0.5617869623655913 0.7739674479166667 0.5567876344086021 0.7421875
19 0.5803091397849462 0.67578125 0.5766129032258065 0.6536458333333334 0.5796370967741935 0.63671875 0.584005376344086 0.6276041666666666 0.5860215053763441 0.6263020833333334 0.5913978494623656 0.6263020833333334 0.5991263440860215 0.6295572916666666 0.6071908602150538 0.630859375 0.6088709677419355 0.640625 0.6088709677419355 0.6705729166666666 0.6078629032258065 0.72265625 0.6078629032258065 0.7623697916666666 0.6070618279569893 0.773685546875 0.6056058467741935 0.7796087239583334 0.6029855510752687 0.7824290364583333 0.5997829301075268 0.781865234375 0.5980359543010753 0.7787623697916667 0.5957066532258065 0.77030078125 0.5881367607526882 0.7398385416666667
20 0.6095430107526881 0.671875 0.603494623655914 0.6516927083333334 0.6065188172043011 0.6263020833333334 0.6088709677419355 0.6197916666666666 0.6196236559139785 0.6178385416666666 0.6290322580645161 0.6165364583333334 0.635752688172043 0.6197916666666666 0.6381048387096774 0.63671875 0.6370967741935484 0.6842447916666666 0.6381048387096774 0.7408854166666666 0.6389435483870968 0.7728391927083332 0.6377788978494624 0.7773522135416666 0.6355950940860214 0.7807369791666666 0.6326834677419355 0.7790442708333334 0.6299176747311828 0.773685546875 0.6277338709677419 0.7649414062500001
21 0.6377688172043011 0.67578125 0.6300403225806451 0.6477864583333334 0.6290322580645161 0.6276041666666666 0.6327284946236559 0.6165364583333334 0.6431451612903226 0.6126302083333334 0.65625 0.615234375 0.6700268817204301 0.6126302083333334 0.6780913978494624 0.6139322916666666 0.6881720430107527 0.6529947916666666 0.6891801075268817 0.671875 0.696236559139785 0.7018229166666666 0.7006048387096774 0.7311197916666666 0.7022849462365591 0.7552083333333334 0.7022849462365591 0.7649739583333334 0.7002318548387096 0.7677623697916666 0.6981065188172043 0.7650878906249999 0.695865255376344 0.7603111979166667 0.6929519489247311 0.7546666666666666 0.6891801075268817 0.7421875 0.6743951612903226 0.7096354166666666 0.6723790322580645 0.7096354166666666 0.6723790322580645 0.7213541666666666 0.6743951612903226 0.7428385416666666 0.6805789650537635 0.7638131510416667 0.682325940860215 0.7728391927083332 0.6817436155913978 0.7779160156249999 0.679414314516129 0.7798906250000001 0.6753380376344086 0.7756595052083334 0.6693692876344086 0.7657877604166666 0.6589381720430108 0.7408854166666666 0.6538978494623656 0.7115885416666666
22 0.730510752688172 0.6009114583333334 0.7365591397849462 0.6139322916666666 0.7372311827956989 0.6334635416666666 0.7466397849462365 0.6790364583333334 0.7526881720430108 0.7044270833333334 0.7568235887096774 0.721666015625 0.7572718413978495 0.73121875 0.7563844086021505 0.7369791666666666 0.7518931451612904 0.7377317708333333 0.748755376344086 0.7342584635416666 0.7456179435483871 0.726876953125 0.7420322580645161 0.716021484375 0.7321908602150538 0.6927083333333334 0.7365591397849462 0.712890625 0.7429287634408602 0.73382421875 0.7447214381720431 0.7442454427083334 0.7440490591397849 0.75032421875 0.7397909946236559 0.7529296875 0.7353088037634409 0.749021484375 0.7272409274193548 0.7359954427083334 0.7123655913978495 0.6998697916666666 0.6854838709677419 0.662109375 0.6824596774193549 0.6360677083333334 0.6844758064516129 0.625 0.6942204301075269 0.609375 0.7140456989247311 0.5950520833333334
24 0.4657258064516129 0.625 0.4643817204301075 0.6009114583333334 0.47748655913978494 0.599609375 0.48823924731182794 0.6022135416666666 0.4905913978494624 0.6067708333333334 0.4889112903225806 0.6380208333333334 0.4852150537634409 0.6803385416666666 0.4825268817204301 0.7200520833333334 0.479502688172043 0.744140625 0.4793894489247312 0.7564798177083333 0.4790984543010753 0.7621210937499999 0.47822479838709675 0.765505859375 0.47647849462365593 0.7662760416666666 0.47443985215053763 0.7657877604166666 0.4734206989247312 0.7624029947916666 0.47211055107526884 0.7561979166666667 0.47109173387096775 0.74576171875 0.47036357526881717 0.7344791666666667 0.4694220430107527 0.7154947916666666
25 0.43769052419354837 0.6435110677083333 0.436346438172043 0.6096569010416667 0.4501233198924731 0.5901256510416667 0.46390020161290324 0.595333984375 0.46423622311827956 0.6024954427083333 0.46423622311827956 0.6311412760416667 0.4618840725806452 0.6565319010416667 0.45953192204301074 0.7099173177083333 0.4575157930107527 0.7372610677083333 0.4534764784946237 0.7649414062500001 0.45143850806451613 0.775095703125 0.4491092069892473 0.781865234375 0.4467631048387097 0.7841360677083333 0.4444506048387097 0.7821471354166666 0.4428494623655914 0.7765058593749999 0.44095698924731186 0.7632493489583334 0.43869858870967743 0.7353079427083333 0.4370184811827957 0.7118704427083333
26 0.40591397849462363 0.6575520833333334 0.40860215053763443 0.6282552083333334 0.4290994623655914 0.6126302083333334 0.43581989247311825 0.6197916666666666 0.43514784946236557 0.6432291666666666 0.4327956989247312 0.6927083333333334 0.42573924731182794 0.7428385416666666 0.4173387096774194 0.7923177083333334 0.41096774193548385 0.8128912760416668 0.4063091397849462 0.8182506510416667 0.4032520161290323 0.8168404947916666 0.401650873655914 0.810634765625 0.40237869623655914 0.8018912760416667 0.40281518817204304 0.7923014322916666 0.40427116935483876 0.7810188802083333 0.4052903225806452 0.7240429687500001
27 0.375 0.6770833333333334 0.37600806451612906 0.6490885416666666 0.38776881720430106 0.6263020833333334 0.3978494623655914 0.6282552083333334 0.40423387096774194 0.640625 0.40591397849462363 0.650390625 0.40591397849462363 0.6692708333333334 0.3971774193548387 0.701171875 0.3911290322580645 0.748046875 0.3854166666666667 0.7760416666666666 0.3799596774193548 0.7923014322916666 0.37806686827956987 0.7973782552083333 0.3763202284946237 0.7993528645833333 0.3738450940860215 0.799634765625 0.37253494623655914 0.7959680989583333 0.3726807795698925 0.790890625 0.37442741935483875 0.7798906250000001 0.3760288978494623 0.7674798177083333
28 0.34610215053763443 0.6692708333333334 0.34543010752688175 0.650390625 0.35181451612903225 0.63671875 0.3629032258064516 0.6321614583333334 0.37298387096774194 0.6419270833333334 0.3786962365591398 0.6536458333333334 0.3786962365591398 0.662109375 0.37231182795698925 0.6985677083333334 0.36794354838709675 0.7408854166666666 0.36189516129032256 0.7708333333333334 0.3546290322580645 0.7982246093750001 0.35098958333333335 0.8052760416666667 0.3488057795698925 0.8066861979166666 0.34647647849462365 0.8061217447916667 0.34472950268817204 0.80301953125 0.3442926747311828 0.7965319010416666 0.34443850806451615 0.7855319010416667 0.34778662634408597 0.7539414062500001
30 0.24899193548387097 0.6549479166666666 0.25336021505376344 0.6276041666666666 0.2620967741935484 0.6139322916666666 0.2825940860215054 0.625 0.2933467741935484 0.6334635416666666 0.302755376344086 0.64453125 0.30376344086021506 0.6516927083333334 0.30443548387096775 0.6575520833333334 0.3020833333333333 0.6686197916666666 0.2963709677419355 0.6875 0.28326612903225806 0.7096354166666666 0.2691532258064516 0.744140625 0.25268817204301075 0.7649739583333334 0.24663978494623656 0.7649739583333334 0.25168010752688175 0.7356770833333334 0.2553763440860215 0.716796875 0.2452956989247312 0.7337239583333334 0.23790322580645162 0.7493489583333334 0.23219086021505375 0.7454427083333334 0.24361559139784947 0.6803385416666666
31 0.20430107526881722 0.601931640625 0.21236559139784947 0.5797962239583333 0.21975806451612903 0.5778430989583333 0.23151881720430106 0.582400390625 0.2422715053763441 0.5993274739583333 0.25100806451612906 0.6110462239583333 0.2560483870967742 0.6247180989583333 0.25336021505376344 0.639041015625 0.2415994623655914 0.6768014322916667 0.2056451612903226 0.7262805989583333 0.2006048387096774 0.7262805989583333 0.19798655913978494 0.7195299479166667 0.1969674059139785 0.7079654947916666 0.19711323924731183 0.6952734375 0.1972587365591398 0.6786315104166666
