0 0.5110887096774194 0.6451822916666666 0.4915994623655914 0.642578125 0.48588709677419356 0.6315104166666666 0.4831989247311828 0.603515625 0.48588709677419356 0.583984375 0.4899193548387097 0.5638020833333334 0.49764784946236557 0.48046875 0.5013440860215054 0.4596354166666667 0.5040322580645161 0.4544270833333333 0.5073924731182796 0.4557291666666667 0.5104166666666666 0.4596354166666667 0.5137768817204301 0.48046875 0.5144489247311828 0.5638020833333334 0.5171370967741935 0.6100260416666666 0.5157930107526881 0.638671875
1 0.4741263440860215 0.619140625 0.46068548387096775 0.6087239583333334 0.46068548387096775 0.5813802083333334 0.4650537634408602 0.5533854166666666 0.47748655913978494 0.4720052083333333 0.4808467741935484 0.45703125 0.4831989247311828 0.4557291666666667 0.4852150537634409 0.4557291666666667 0.48723118279569894 0.4609375 0.4899193548387097 0.4720052083333333 0.4838709677419355 0.5625 0.4825268817204301 0.5885416666666666 0.4808467741935484 0.6100260416666666 0.47748655913978494 0.62109375
2 0.4405241935483871 0.62890625 0.4270833333333333 0.6100260416666666 0.4270833333333333 0.58984375 0.4327956989247312 0.5638020833333334 0.4411962365591398 0.4381510416666667 0.44388440860215056 0.4231770833333333 0.4469086021505376 0.4244791666666667 0.45026881720430106 0.4270833333333333 0.45026881720430106 0.4290364583333333 0.4522849462365591 0.4505208333333333 0.4566532258064516 0.5611979166666666 0.46068548387096775 0.583984375 0.46068548387096775 0.5989583333333334 0.457997311827957 0.615234375 0.44623655913978494 0.6276041666666666
3 0.41500201612903226 0.6090651041666667 0.4047657930107527 0.6050794270833334 0.39282459677419357 0.5979973958333333 0.39484139784946237 0.582982421875 0.4012251344086022 0.5602369791666667 0.4066014784946237 0.5022942708333333 0.4066014784946237 0.44565364583333333 0.40861760752688175 0.42937760416666665 0.40962567204301076 0.42612239583333333 0.41096975806451613 0.42612239583333333 0.4129858870967742 0.4306796875 0.41634610215053763 0.45737239583333333 0.42407459677419357 0.5511223958333333 0.4277708333333333 0.5713046875 0.4277708333333333 0.5875807291666667 0.42407459677419357 0.6064609375
4 0.384744623655914 0.6015625 0.3743279569892473 0.607421875 0.36727150537634407 0.6015625 0.3629032258064516 0.5885416666666666 0.3635752688172043 0.568359375 0.37102217741935484 0.5464733072916667 0.3763440860215054 0.4934895833333333 0.37836021505376344 0.4329427083333333 0.3797043010752688 0.42578125 0.3834005376344086 0.42578125 0.3854166666666667 0.4381510416666667 0.3887768817204301 0.470703125 0.39285651881720435 0.5483945312499999 0.396505376344086 0.5774739583333334 0.396505376344086 0.59375 0.39381720430107525 0.6015625
5 0.33635752688172044 0.5813802083333334 0.3286290322580645 0.583984375 0.3219086021505376 0.580078125 0.31888440860215056 0.5611979166666666 0.31888440860215056 0.544921875 0.31888440860215056 0.5397135416666666 0.32594086021505375 0.5247395833333334 0.32963709677419356 0.4908854166666667 0.33098118279569894 0.4609375 0.33501344086021506 0.439453125 0.33803763440860213 0.4420572916666667 0.3393817204301075 0.48046875 0.3393817204301075 0.48828125 0.34206989247311825 0.4947916666666667 0.34274193548387094 0.4908854166666667 0.34274193548387094 0.4505208333333333 0.34274193548387094 0.439453125 0.34475806451612906 0.439453125 0.3477822580645161 0.4407552083333333 0.35114247311827956 0.453125 0.35618279569892475 0.4817708333333333 0.36088709677419356 0.53125 0.364247311827957 0.568359375 0.364247311827957 0.5859375 0.3575268817204301 0.5950520833333334 0.34475806451612906 0.59375
6 0.290994623655914 0.5598958333333334 0.2805779569892473 0.5638020833333334 0.27419354838709675 0.548828125 0.27419354838709675 0.5234375 0.2819220430107527 0.5006510416666666 0.28763440860215056 0.4596354166666667 0.28326612903225806 0.4114583333333333 0.2862903225806452 0.396484375 0.28897849462365593 0.3938802083333333 0.29047412634408604 0.39692968749999996 0.2957876344086022 0.4260989583333334 0.2981491935483871 0.38205924479166664 0.30006720430107525 0.3704427083333333 0.3057795698924731 0.3665364583333333 0.30981182795698925 0.3717447916666667 0.31418010752688175 0.42578125 0.3175403225806452 0.5169270833333334 0.32056451612903225 0.5358072916666666 0.3161962365591398 0.5572916666666666 0.30981182795698925 0.56640625
8 0.5416666666666666 0.650390625 0.5164650537634409 0.6438802083333334 0.5151209677419355 0.6178385416666666 0.5228494623655914 0.5651041666666666 0.5319220430107527 0.4830729166666667 0.5376344086021505 0.453125 0.5403225806451613 0.453125 0.5443548387096774 0.45703125 0.5467069892473119 0.478515625 0.5460349462365591 0.572265625 0.5487231182795699 0.6139322916666666 0.5487231182795699 0.6354166666666666 0.5467069892473119 0.646484375
9 0.5668682795698925 0.6302083333333334 0.5564516129032258 0.6341145833333334 0.5534274193548387 0.619140625 0.5514112903225806 0.580078125 0.552755376344086 0.568359375 0.5544354838709677 0.48828125 0.5564516129032258 0.4759114583333333 0.5591397849462365 0.474609375 0.5611559139784946 0.4759114583333333 0.563508064516129 0.4856770833333333 0.5675403225806451 0.5709635416666666 0.5695564516129032 0.59375 0.5695564516129032 0.6139322916666666 0.5695564516129032 0.6236979166666666
10 0.594758064516129 0.6328125 0.5836693548387096 0.650390625 0.5709005376344086 0.6276041666666666 0.5695564516129032 0.6126302083333334 0.5739247311827957 0.5872395833333334 0.5816532258064516 0.466796875 0.582997311827957 0.4479166666666667 0.585013440860215 0.4420572916666667 0.5870295698924731 0.4420572916666667 0.5890456989247311 0.4446614583333333 0.592741935483871 0.466796875 0.5940860215053764 0.5826822916666666 0.5974462365591398 0.6087239583333334 0.5987903225806451 0.6236979166666666
11 0.6122311827956989 0.6315104166666666 0.604502688172043 0.63671875 0.6004704301075269 0.6263020833333334 0.5987903225806451 0.59765625 0.6018145161290323 0.5774739583333334 0.6108870967741935 0.4856770833333333 0.6155913978494624 0.45703125 0.6206317204301075 0.4518229166666667 0.6226478494623656 0.45703125 0.6219758064516129 0.5045572916666666 0.6246639784946236 0.5813802083333334 0.6323924731182796 0.607421875 0.6323924731182796 0.6263020833333334 0.623991935483871 0.6438802083333334 0.6213037634408602 0.646484375
12 0.6555524193548387 0.6258515625 0.6478239247311828 0.6271536458333333 0.6360631720430108 0.6186901041666667 0.6303508064516129 0.6173880208333333 0.6276626344086021 0.6108776041666667 0.6276626344086021 0.5959036458333333 0.6310228494623655 0.5744192708333333 0.6337110215053763 0.48392447916666664 0.6374072580645161 0.45658072916666664 0.6400954301075269 0.45267447916666664 0.6414395161290323 0.45267447916666664 0.6437916666666667 0.45918489583333333 0.6437916666666667 0.5119192708333333 0.6484959677419355 0.5718151041666667 0.656896505376344 0.5893932291666667 0.6602567204301075 0.6095755208333333 0.6595846774193548 0.6232473958333333
13 0.6804690860215054 0.603515625 0.6707244623655914 0.6126302083333334 0.6640040322580645 0.6126302083333334 0.6562755376344086 0.5911458333333334 0.6549314516129032 0.5709635416666666 0.657619623655914 0.5475260416666666 0.6616518817204301 0.4381510416666667 0.6640040322580645 0.4290364583333333 0.667364247311828 0.4290364583333333 0.6724045698924731 0.4368489583333333 0.6765920698924731 0.4535520833333333 0.6786586021505376 0.48272135416666667 0.677108870967742 0.5208333333333334 0.6814771505376345 0.49609375 0.6821491935483871 0.4720052083333333 0.6848373655913979 0.4609375 0.688869623655914 0.4609375 0.6905497311827957 0.4759114583333333 0.6905497311827957 0.501953125 0.6881975806451613 0.5345052083333334 0.6945819892473118 0.56640625 0.6952540322580645 0.5774739583333334 0.6945819892473118 0.59375 0.6918938172043011 0.607421875
14 0.7268145161290323 0.5735677083333334 0.7063172043010753 0.5872395833333334 0.7009408602150538 0.5774739583333334 0.6952284946236559 0.5533854166666666 0.6979166666666666 0.5286458333333334 0.697244623655914 0.4518229166666667 0.698213373655914 0.436720703125 0.7001549059139786 0.434212890625 0.7029569892473119 0.435546875 0.7063172043010753 0.4544270833333333 0.7106854838709677 0.478515625 0.7140456989247311 0.4772135416666667 0.7120295698924731 0.4329427083333333 0.7127016129032258 0.4231770833333333 0.7163978494623656 0.421875 0.7191360887096774 0.4266907552083334 0.7231182795698925 0.4446614583333333 0.7288306451612904 0.501953125 0.7315188172043011 0.5234375 0.7372311827956989 0.5436197916666666 0.7379032258064516 0.55859375 0.7379032258064516 0.5709635416666666 0.7315188172043011 0.5748697916666666
16 0.5171370967741935 0.69921875 0.5144489247311828 0.6575520833333334 0.5178091397849462 0.650390625 0.53125 0.642578125 0.5346102150537635 0.6438802083333334 0.5346102150537635 0.6477864583333334 0.5362903225806451 0.69921875 0.5346102150537635 0.7454427083333334 0.5325940860215054 0.7747395833333334 0.5278897849462365 0.7858072916666666 0.5241935483870968 0.7923177083333334 0.5221774193548387 0.7923177083333334 0.5188172043010753 0.783203125 0.5221774193548387 0.7584635416666666 0.5221774193548387 0.7265625
17 0.5406024865591398 0.6999785156249999 0.5372594086021505 0.6790585937500001 0.5392584005376344 0.6498483072916666 0.5392584005376344 0.6459420572916666 0.5406024865591398 0.6420358072916666 0.5560594758064517 0.651150390625 0.5607637768817204 0.6583118489583334 0.5614358198924732 0.6661243489583334 0.559419690860215 0.7051868489583333 0.5644600134408603 0.7475045572916666 0.5684922715053764 0.7702910156249999 0.5684922715053764 0.7813587239583333 0.5658040994623657 0.7852649739583333 0.557403561827957 0.7787545572916666 0.5490030241935484 0.7514108072916666
18 0.5655241935483871 0.69921875 0.5604838709677419 0.6692708333333334 0.5618279569892473 0.6588541666666666 0.5675403225806451 0.646484375 0.5715725806451613 0.6399739583333334 0.5766129032258065 0.6399739583333334 0.5863575268817204 0.6490885416666666 0.5890456989247311 0.65625 0.5897177419354839 0.6640625 0.5863575268817204 0.7005208333333334 0.5907258064516129 0.755859375 0.5920698924731183 0.7858072916666666 0.5907258064516129 0.7936197916666666 0.5877016129032258 0.7994791666666666 0.5823252688172043 0.7955729166666666 0.5759408602150538 0.7747395833333334
19 0.5934139784946236 0.6881510416666666 0.5877016129032258 0.6653645833333334 0.5877016129032258 0.6588541666666666 0.5913978494623656 0.6477864583333334 0.5987903225806451 0.6354166666666666 0.604502688172043 0.6354166666666666 0.6122311827956989 0.642578125 0.6129032258064516 0.650390625 0.6115591397849462 0.685546875 0.614247311827957 0.7467447916666666 0.6149193548387096 0.7721354166666666 0.6149193548387096 0.7819010416666666 0.614247311827957 0.787109375 0.6129032258064516 0.787109375 0.6095430107526881 0.787109375 0.6058467741935484 0.7747395833333334
20 0.6155913978494624 0.6725260416666666 0.6051747311827957 0.650390625 0.6071908602150538 0.6354166666666666 0.6169354838709677 0.6223958333333334 0.6253360215053764 0.619140625 0.6344086021505376 0.6223958333333334 0.6394489247311828 0.62890625 0.6421370967741935 0.6412760416666666 0.6381048387096774 0.6705729166666666 0.6428091397849462 0.734375 0.646505376344086 0.7708333333333334 0.646505376344086 0.779296875 0.6451612903225806 0.7845052083333334 0.6451612903225806 0.787109375 0.6394489247311828 0.783203125 0.633736559139785 0.7584635416666666
21 0.6494005376344086 0.6562005208333334 0.6349516129032258 0.6340651041666666 0.6349516129032258 0.6164869791666666 0.6369677419354839 0.6047682291666666 0.6416720430107526 0.5923984375 0.6544408602150538 0.6034661458333334 0.6641854838709678 0.5923984375 0.6739301075268818 0.5923984375 0.6863629032258064 0.6002109375 0.6877069892473118 0.6177890625 0.6843467741935484 0.6516432291666666 0.6967795698924731 0.7343255208333334 0.6991317204301075 0.7479973958333334 0.6961075268817204 0.7519036458333334 0.6870349462365591 0.7141432291666666 0.6803145161290323 0.6900546875 0.685018817204301 0.7278151041666666 0.685018817204301 0.7440911458333334 0.6823306451612903 0.7571119791666666 0.6803145161290323 0.7571119791666666 0.6752741935483871 0.7076328125 0.6725860215053764 0.6854973958333334 0.6695618279569893 0.6828932291666666 0.6682177419354839 0.6867994791666666 0.6682177419354839 0.6965651041666666 0.6772903225806451 0.7519036458333334 0.6772903225806451 0.7629713541666666 0.6725860215053764 0.7616692708333334 0.6641854838709678 0.7343255208333334
22 0.7015873655913979 0.63671875 0.688146505376344 0.6178385416666666 0.688146505376344 0.5989583333333334 0.6918427419354839 0.58984375 0.7029314516129033 0.5826822916666666 0.7099879032258064 0.5826822916666666 0.7217486559139785 0.5709635416666666 0.7308212365591398 0.5696614583333334 0.7351895161290323 0.5774739583333334 0.7358615591397849 0.5885416666666666 0.737877688172043 0.62890625 0.7519905913978494 0.6901041666666666 0.7546787634408602 0.7044270833333334 0.7526626344086021 0.7102864583333334 0.7449341397849463 0.7076822916666666 0.728133064516129 0.65625 0.7237647849462365 0.6529947916666666 0.7237647849462365 0.66015625 0.7321653225806452 0.69140625 0.7519905913978494 0.7252604166666666 0.7519905913978494 0.7356770833333334 0.7435900537634409 0.7356770833333334 0.7170443548387097 0.6901041666666666
24 0.49831989247311825 0.69140625 0.4956317204301075 0.650390625 0.4956317204301075 0.6399739583333334 0.5171370967741935 0.642578125 0.519489247311828 0.6477864583333334 0.5131048387096774 0.6940104166666666 0.5104166666666666 0.744140625 0.509744623655914 0.7643229166666666 0.5073924731182796 0.7721354166666666 0.5047043010752689 0.7721354166666666 0.5013440860215054 0.76953125
25 0.4714942876344086 0.6901041666666666 0.46880611559139784 0.65625 0.4721663306451613 0.6451822916666666 0.4869512768817204 0.6399739583333334 0.4926636424731182 0.6399739583333334 0.4966959005376344 0.650390625 0.4966959005376344 0.6614583333333334 0.48963944892473116 0.69921875 0.48426310483870966 0.7532552083333334 0.4785507392473118 0.7682291666666666 0.47586256720430103 0.7682291666666666 0.4731743951612903 0.765625 0.4731743951612903 0.7369791666666666 0.4731743951612903 0.6979166666666666
26 0.44388440860215056 0.6719837239583333 0.44522849462365593 0.639431640625 0.448252688172043 0.6283639322916666 0.4593413978494624 0.6231555989583334 0.4620295698924731 0.629666015625 0.46908602150537637 0.6446399739583334 0.4724462365591398 0.6557076822916666 0.4724462365591398 0.6687285156249999 0.46729099462365586 0.6953919270833334 0.457997311827957 0.7689889322916666 0.4522849462365591 0.7950305989583333 0.448252688172043 0.8015410156249999 0.44388440860215056 0.8015410156249999 0.4411962365591398 0.7917753906249999 0.43985215053763443 0.7689889322916666
27 0.4112903225806452 0.6751302083333334 0.40961021505376344 0.6438802083333334 0.41196236559139787 0.6236979166666666 0.41801075268817206 0.6178385416666666 0.4230510752688172 0.6165364583333334 0.42876344086021506 0.6223958333333334 0.4321236559139785 0.6315104166666666 0.4405241935483871 0.6315104166666666 0.44388440860215056 0.642578125 0.44388440860215056 0.65625 0.43413978494623656 0.681640625 0.42573924731182794 0.748046875 0.4166666666666667 0.7805989583333334 0.41196236559139787 0.7884114583333334 0.4075940860215054 0.787109375 0.4049059139784946 0.7747395833333334
28 0.3818326612903226 0.647244140625 0.3818326612903226 0.612087890625 0.38552889784946237 0.6029733072916666 0.39090524193548387 0.6010201822916666 0.4030020161290323 0.6010201822916666 0.4083783602150538 0.6094837239583334 0.4198030913978495 0.6094837239583334 0.42316330645161293 0.6172962239583334 0.42249126344086024 0.629666015625 0.4191310483870968 0.639431640625 0.4043461021505377 0.664822265625 0.3888891129032258 0.7390410156249999 0.37914448924731187 0.7676868489583333 0.3764563172043011 0.7715930989583333 0.37376814516129037 0.7676868489583333
29 0.332997311827957 0.6330299479166667 0.3323252688172043 0.5887591145833333 0.33568548387096775 0.5789934895833333 0.34408602150537637 0.5750872395833333 0.3575268817204301 0.5874570312499999 0.3719758064516129 0.5874570312499999 0.3817204301075269 0.5900611979166667 0.3854166666666667 0.5978736979166667 0.38810483870967744 0.6076393229166667 0.38810483870967744 0.6141497395833333 0.3834005376344086 0.6252174479166667 0.36928763440860213 0.6467018229166667 0.3588709677419355 0.70073828125 0.34139784946236557 0.74175390625 0.33501344086021506 0.7521705729166667 0.3323252688172043 0.7521705729166667 0.3323252688172043 0.7482643229166667 0.3407258064516129 0.72222265625 0.3504704301075269 0.68316015625 0.35114247311827956 0.6681861979166667 0.34711021505376344 0.6603736979166667 0.34206989247311825 0.6616757812499999 0.332997311827957 0.6955299479166667 0.3225806451612903 0.72222265625 0.31888440860215056 0.72808203125 0.3155241935483871 0.7267799479166667 0.3155241935483871 0.7196184895833334 0.3323252688172043 0.6467018229166667
30 0.27839415322580646 0.6165364583333334 0.27839415322580646 0.5748697916666666 0.2824264112903226 0.55859375 0.2894828629032258 0.5533854166666666 0.2978834005376344 0.5533854166666666 0.31266834677419353 0.568359375 0.3244290994623656 0.5748697916666666 0.33148555107526884 0.5826822916666666 0.3335016801075269 0.5924479166666666 0.3335016801075269 0.6048177083333334 0.327789314516129 0.6165364583333334 0.31266834677419353 0.63671875 0.29586727150537634 0.6953125 0.2824264112903226 0.720703125 0.27973823924731184 0.720703125 0.27973823924731184 0.7102864583333334 0.2881518817204301 0.68001953125 0.29149899193548384 0.6529947916666666 0.2881387768817204 0.6640625 0.27436189516129034 0.6979166666666666 0.26864952956989246 0.7076822916666666 0.265289314516129 0.7057291666666666 0.2636092069892473 0.6966145833333334
