0 0.5178091397849462 0.498046875 0.5178091397849462 0.4993489583333333 0.5026881720430108 0.501953125 0.49361559139784944 0.49609375 0.4899193548387097 0.478515625 0.4899193548387097 0.4641927083333333 0.4963037634408602 0.4290364583333333 0.49966397849462363 0.3352864583333333 0.5040322580645161 0.3177083333333333 0.5067204301075269 0.3151041666666667 0.511760752688172 0.3216145833333333 0.5151209677419355 0.3665364583333333 0.5157930107526881 0.42578125 0.5208333333333334 0.4641927083333333 0.521505376344086 0.484375 0.521505376344086 0.4934895833333333
1 0.4879032258064516 0.4934895833333333 0.47614247311827956 0.4921875 0.47043010752688175 0.484375 0.46639784946236557 0.4694010416666667 0.46639784946236557 0.45703125 0.47043010752688175 0.41796875 0.4734543010752688 0.333984375 0.47681451612903225 0.31640625 0.479502688172043 0.3125 0.4831989247311828 0.3125 0.48655913978494625 0.3177083333333333 0.489247311827957 0.333984375 0.48723118279569894 0.41796875 0.4899193548387097 0.4557291666666667 0.4915994623655914 0.474609375 0.4915994623655914 0.484375 0.4905913978494624 0.4908854166666667
2 0.4566532258064516 0.4908854166666667 0.45598118279569894 0.4908854166666667 0.44388440860215056 0.48828125 0.43850806451612906 0.48046875 0.4361559139784946 0.4609375 0.43985215053763443 0.4205729166666667 0.4361559139784946 0.3151041666666667 0.43716397849462363 0.28515625 0.4334677419354839 0.2571614583333333 0.43548387096774194 0.2513020833333333 0.43985215053763443 0.2513020833333333 0.448252688172043 0.2662760416666667 0.45530913978494625 0.2936197916666667 0.4620295698924731 0.3424479166666667 0.4657258064516129 0.4069010416666667 0.4657258064516129 0.4557291666666667 0.4643817204301075 0.4759114583333333
3 0.4334677419354839 0.4830729166666667 0.4210349462365591 0.4934895833333333 0.41330645161290325 0.4908854166666667 0.40826612903225806 0.4817708333333333 0.4075940860215054 0.466796875 0.4112903225806452 0.4192708333333333 0.4055779569892473 0.3151041666666667 0.4075940860215054 0.302734375 0.41196236559139787 0.3001302083333333 0.4166666666666667 0.3072916666666667 0.4264112903225806 0.3313802083333333 0.43783602150537637 0.4127604166666667 0.4469086021505376 0.4466145833333333 0.4469086021505376 0.4720052083333333 0.44321236559139787 0.48828125
4 0.40356182795698925 0.4856770833333333 0.39381720430107525 0.49609375 0.384744623655914 0.49609375 0.37768817204301075 0.48828125 0.37701612903225806 0.4720052083333333 0.3797043010752688 0.4270833333333333 0.3810483870967742 0.333984375 0.37768817204301075 0.298828125 0.3797043010752688 0.2936197916666667 0.3840725806451613 0.294921875 0.39381720430107525 0.3111979166666667 0.4022177419354839 0.3411458333333333 0.40893817204301075 0.41796875 0.415994623655914 0.4557291666666667 0.4146505376344086 0.4694010416666667 0.41196236559139787 0.4869791666666667
5 0.3659274193548387 0.4830729166666667 0.354502688172043 0.48828125 0.34610215053763443 0.48828125 0.34206989247311825 0.474609375 0.3400537634408602 0.4583333333333333 0.34475806451612906 0.41796875 0.33568548387096775 0.3391927083333333 0.33568548387096775 0.3248697916666667 0.33803763440860213 0.3190104166666667 0.3407258064516129 0.3190104166666667 0.34543010752688175 0.3365885416666667 0.3484543010752688 0.34765625 0.3533891129032258 0.2814765625 0.3551747311827957 0.2721354166666667 0.3588709677419355 0.267578125 0.36283198924731186 0.269865234375 0.365255376344086 0.2760416666666667 0.3810483870967742 0.4055989583333333 0.3894489247311828 0.4446614583333333 0.38743279569892475 0.466796875 0.38239247311827956 0.48046875
6 0.31418010752688175 0.474609375 0.30981182795698925 0.4772135416666667 0.30510752688172044 0.4772135416666667 0.2973790322580645 0.466796875 0.29469086021505375 0.4466145833333333 0.29939516129032256 0.4192708333333333 0.3014112903225806 0.3450520833333333 0.3064516129032258 0.3203125 0.30913978494623656 0.302734375 0.30981182795698925 0.2936197916666667 0.31283602150537637 0.291015625 0.31485215053763443 0.294921875 0.3175403225806452 0.3151041666666667 0.3323252688172043 0.408203125 0.3393817204301075 0.439453125 0.33803763440860213 0.4609375 0.32963709677419356 0.4817708333333333
7 0.2713565188172043 0.470384765625 0.26310483870967744 0.466796875 0.25705645161290325 0.4596354166666667 0.2547043010752688 0.439453125 0.2584005376344086 0.4153645833333333 0.2644489247311828 0.34765625 0.2637768817204301 0.3125 0.2637768817204301 0.3040364583333333 0.2674731182795699 0.298828125 0.271505376344086 0.298828125 0.2765456989247312 0.3072916666666667 0.28326612903225806 0.3248697916666667 0.2862903225806452 0.3450520833333333 0.290994623655914 0.4069010416666667 0.29469086021505375 0.4329427083333333 0.29469086021505375 0.4518229166666667 0.28897849462365593 0.4694010416666667 0.2819220430107527 0.474609375
8 0.5480510752688172 0.4993489583333333 0.5248655913978495 0.4947916666666667 0.5208333333333334 0.4817708333333333 0.5208333333333334 0.4641927083333333 0.5285618279569892 0.4290364583333333 0.5376344086021505 0.34375 0.5416666666666666 0.3287760416666667 0.543010752688172 0.3248697916666667 0.5460349462365591 0.3248697916666667 0.5480510752688172 0.3365885416666667 0.5493951612903226 0.365234375 0.5493951612903226 0.4290364583333333 0.5514112903225806 0.4641927083333333 0.5514112903225806 0.4856770833333333 0.5500672043010753 0.4921875
9 0.5709005376344086 0.498046875 0.5618279569892473 0.4993489583333333 0.5584677419354839 0.498046875 0.5551075268817204 0.4934895833333333 0.5534274193548387 0.4856770833333333 0.552755376344086 0.4694010416666667 0.556182123655914 0.422435546875 0.563508064516129 0.3424479166666667 0.5648521505376344 0.3365885416666667 0.5668682795698925 0.3313802083333333 0.5695564516129032 0.3313802083333333 0.5709005376344086 0.3365885416666667 0.5745967741935484 0.3678385416666667 0.573252688172043 0.4342447916666667 0.5759408602150538 0.4609375 0.5759408602150538 0.478515625 0.5739247311827957 0.4908854166666667
10 0.5836693548387096 0.5045572916666666 0.5766129032258065 0.4759114583333333 0.5759408602150538 0.453125 0.5809936155913978 0.408578125 0.5934139784946236 0.298828125 0.6004704301075269 0.2760416666666667 0.6038306451612904 0.2721354166666667 0.6058467741935484 0.2747395833333333 0.6058467741935484 0.2825520833333333 0.604502688172043 0.3203125 0.602486559139785 0.4290364583333333 0.6058467741935484 0.478515625 0.6058467741935484 0.4908854166666667 0.6031586021505376 0.49609375 0.5974462365591398 0.5006510416666666
11 0.6115591397849462 0.4947916666666667 0.6031586021505376 0.49609375 0.5987903225806451 0.4772135416666667 0.5987903225806451 0.4583333333333333 0.6051747311827957 0.4329427083333333 0.614247311827957 0.3313802083333333 0.6169354838709677 0.3111979166666667 0.6199596774193549 0.3014322916666667 0.6226478494623656 0.3014322916666667 0.6253360215053764 0.3072916666666667 0.6290322580645161 0.3287760416666667 0.6297043010752689 0.4303385416666667 0.633736559139785 0.4733072916666667 0.633736559139785 0.49609375 0.6283602150537635 0.509765625
12 0.6380174731182796 0.5006510416666666 0.6309610215053764 0.4908854166666667 0.6276008064516129 0.4772135416666667 0.6276008064516129 0.466796875 0.6353293010752689 0.431640625 0.6407056451612904 0.3463541666666667 0.6420497311827957 0.3313802083333333 0.6464180107526881 0.3287760416666667 0.6484341397849462 0.3287760416666667 0.6497782258064516 0.3365885416666667 0.6528024193548387 0.3567708333333333 0.6534744623655914 0.4290364583333333 0.6575067204301075 0.4772135416666667 0.6561626344086021 0.4947916666666667 0.6473165322580645 0.4917213541666667
13 0.6790994623655914 0.4908854166666667 0.671650873655914 0.4917213541666667 0.6602822580645161 0.4921875 0.6535618279569892 0.4869791666666667 0.6505376344086021 0.4720052083333333 0.6505376344086021 0.453125 0.6518817204301075 0.4381510416666667 0.6575940860215054 0.41796875 0.6653225806451613 0.34765625 0.668010752688172 0.3391927083333333 0.6706989247311828 0.3391927083333333 0.6723790322580645 0.3450520833333333 0.6737231182795699 0.3528645833333333 0.6723790322580645 0.3880208333333333 0.6730510752688172 0.396484375 0.6770833333333334 0.3938802083333333 0.6784274193548387 0.3665364583333333 0.6784274193548387 0.3502604166666667 0.6810198252688172 0.3378639322916666 0.6854838709677419 0.3352864583333333 0.6888440860215054 0.3424479166666667 0.6911962365591398 0.3665364583333333 0.6868279569892473 0.4303385416666667 0.6925403225806451 0.4641927083333333 0.6925403225806451 0.4830729166666667 0.6868279569892473 0.4921875
14 0.717741935483871 0.48046875 0.7133736559139785 0.4856770833333333 0.7063172043010753 0.4856770833333333 0.6995967741935484 0.48046875 0.6938844086021505 0.4680989583333333 0.6898521505376344 0.4505208333333333 0.6952284946236559 0.421875 0.7029569892473119 0.3450520833333333 0.7029569892473119 0.3190104166666667 0.7049731182795699 0.3072916666666667 0.7063172043010753 0.3072916666666667 0.7093413978494624 0.30859375 0.7163978494623656 0.3248697916666667 0.727486559139785 0.41796875 0.7315188172043011 0.4583333333333333 0.7315188172043011 0.474609375 0.7261424731182796 0.4830729166666667
16 0.5080645161290323 0.53125 0.5047043010752689 0.49609375 0.5067204301075269 0.4934895833333333 0.5272177419354839 0.4908854166666667 0.5292338709677419 0.49609375 0.5235215053763441 0.5345052083333334 0.5285618279569892 0.6276041666666666 0.5278897849462365 0.6328125 0.5248655913978495 0.6354166666666666 0.5221774193548387 0.6341145833333334 0.519489247311828 0.6315104166666666
17 0.5285618279569892 0.5397135416666666 0.5235215053763441 0.5045572916666666 0.5235215053763441 0.49609375 0.5292338709677419 0.4921875 0.5453629032258065 0.4908854166666667 0.5500672043010753 0.4947916666666667 0.5520833333333334 0.5045572916666666 0.5460349462365591 0.537109375 0.5460349462365591 0.62890625 0.5460349462365591 0.6412760416666666 0.5443548387096774 0.646484375 0.5403225806451613 0.646484375 0.5369623655913979 0.6341145833333334
18 0.5493951612903226 0.541015625 0.5443548387096774 0.5110677083333334 0.5453629032258065 0.49609375 0.5564516129032258 0.4869791666666667 0.5618279569892473 0.4869791666666667 0.5709005376344086 0.5006510416666666 0.5739247311827957 0.509765625 0.5695564516129032 0.5436197916666666 0.5725806451612904 0.6263020833333334 0.5772849462365591 0.65625 0.5752688172043011 0.6692708333333334 0.5715725806451613 0.673828125 0.5668682795698925 0.6692708333333334 0.5611559139784946 0.6529947916666666
19 0.5779569892473119 0.56640625 0.5779569892473119 0.5611979166666666 0.573252688172043 0.5436197916666666 0.573252688172043 0.53125 0.5779569892473119 0.5182291666666666 0.5863575268817204 0.5110677083333334 0.592741935483871 0.5123697916666666 0.5997983870967742 0.51953125 0.602486559139785 0.5286458333333334 0.5987903225806451 0.56640625 0.6031586021505376 0.6451822916666666 0.6031586021505376 0.6575520833333334 0.6031586021505376 0.6640625 0.6031586021505376 0.6666666666666666 0.6011424731182796 0.6692708333333334 0.5967741935483871 0.6692708333333334 0.5907258064516129 0.6549479166666666
20 0.6004704301075269 0.5598958333333334 0.5940860215053764 0.5234375 0.5954301075268817 0.5123697916666666 0.5987903225806451 0.5032552083333334 0.6065188172043011 0.501953125 0.6135752688172043 0.498046875 0.6169354838709677 0.498046875 0.6233198924731183 0.5110677083333334 0.6253360215053764 0.52734375 0.6219758064516129 0.5598958333333334 0.6219758064516129 0.6529947916666666 0.6199596774193549 0.6640625 0.616263440860215 0.6640625 0.6102150537634409 0.6588541666666666
21 0.6219758064516129 0.548828125 0.6233198924731183 0.548828125 0.6155913978494624 0.509765625 0.6169354838709677 0.5006510416666666 0.6213037634408602 0.4921875 0.6323924731182796 0.4947916666666667 0.6491935483870968 0.484375 0.65625 0.4856770833333333 0.6633064516129032 0.498046875 0.6646505376344086 0.509765625 0.6596102150537635 0.55078125 0.6730510752688172 0.63671875 0.6737231182795699 0.650390625 0.6723790322580645 0.65625 0.6686827956989247 0.65625 0.6512096774193549 0.5924479166666666 0.646505376344086 0.5826822916666666 0.6434811827956989 0.5813802083333334 0.6421370967741935 0.59765625 0.6458333333333334 0.6263020833333334 0.6518817204301075 0.66015625 0.6518817204301075 0.6627604166666666 0.6491935483870968 0.6666666666666666 0.6458333333333334 0.6653645833333334 0.6381048387096774 0.63671875
22 0.6666666666666666 0.5462239583333334 0.6575940860215054 0.515625 0.6589381720430108 0.49609375 0.6646505376344086 0.4869791666666667 0.6717069892473119 0.4856770833333333 0.6770833333333334 0.4908854166666667 0.6959005376344086 0.48046875 0.7029569892473119 0.484375 0.7063172043010753 0.5006510416666666 0.707997311827957 0.5110677083333334 0.7049731182795699 0.5397135416666666 0.7106854838709677 0.6315104166666666 0.7113575268817204 0.6477864583333334 0.7113575268817204 0.6549479166666666 0.7093413978494624 0.65625 0.707997311827957 0.6549479166666666 0.6945564516129032 0.5911458333333334 0.6911962365591398 0.5774739583333334 0.6881720430107527 0.5774739583333334 0.6888440860215054 0.58984375 0.6911962365591398 0.607421875 0.6952284946236559 0.6236979166666666 0.7022849462365591 0.646484375 0.7029569892473119 0.6516927083333334 0.7022849462365591 0.6529947916666666 0.7009408602150538 0.65625 0.6965725806451613 0.65625 0.6881720430107527 0.642578125 0.6764112903225806 0.6100260416666666
24 0.49764784946236557 0.5533854166666666 0.4969758064516129 0.5559895833333334 0.489247311827957 0.5182291666666666 0.5040322580645161 0.5032552083333334 0.5067204301075269 0.5045572916666666 0.5080645161290323 0.509765625 0.5080645161290323 0.5462239583333334 0.511760752688172 0.62109375 0.509744623655914 0.625 0.5067204301075269 0.625 0.5040322580645161 0.615234375
25 0.48151881720430106 0.5221354166666666 0.47748655913978494 0.49609375 0.47614247311827956 0.484375 0.48151881720430106 0.4759114583333333 0.4956317204301075 0.466796875 0.49966397849462363 0.4733072916666667 0.5013440860215054 0.4856770833333333 0.49899193548387094 0.5221354166666666 0.4956317204301075 0.6178385416666666 0.49294354838709675 0.62890625 0.4899193548387097 0.6315104166666666 0.48723118279569894 0.6263020833333334
26 0.4593413978494624 0.5345052083333334 0.46068548387096775 0.5071614583333334 0.4633736559139785 0.4947916666666667 0.46975806451612906 0.4895833333333333 0.47748655913978494 0.4895833333333333 0.4845430107526882 0.4908854166666667 0.48723118279569894 0.49609375 0.489247311827957 0.5071614583333334 0.489247311827957 0.5182291666666666 0.479502688172043 0.5475260416666666 0.46908602150537637 0.6412760416666666 0.4650537634408602 0.6575520833333334 0.4620295698924731 0.6653645833333334 0.4586693548387097 0.6692708333333334 0.45530913978494625 0.6666666666666666 0.4536290322580645 0.6529947916666666
27 0.43010752688172044 0.548828125 0.4314516129032258 0.501953125 0.43413978494623656 0.4934895833333333 0.4469086021505376 0.4908854166666667 0.45598118279569894 0.49609375 0.4593413978494624 0.5071614583333334 0.46068548387096775 0.5234375 0.45094086021505375 0.55078125 0.43481182795698925 0.6451822916666666 0.4264112903225806 0.6640625 0.4237231182795699 0.6666666666666666 0.4217069892473118 0.6614583333333334
28 0.39986559139784944 0.55078125 0.39852150537634407 0.5123697916666666 0.39919354838709675 0.501953125 0.4075940860215054 0.4895833333333333 0.42036290322580644 0.48828125 0.42876344086021506 0.4921875 0.4327956989247312 0.5071614583333334 0.4327956989247312 0.5234375 0.4223790322580645 0.5598958333333334 0.4166666666666667 0.62890625 0.4106182795698925 0.6516927083333334 0.40053763440860213 0.6653645833333334 0.3978494623655914 0.6666666666666666 0.3951612903225806 0.66015625 0.40053763440860213 0.6399739583333334
29 0.3595430107526882 0.541015625 0.36155913978494625 0.5045572916666666 0.3629032258064516 0.4908854166666667 0.36727150537634407 0.4869791666666667 0.3756720430107527 0.4869791666666667 0.3914650537634409 0.48046875 0.39919354838709675 0.4856770833333333 0.40356182795698925 0.4921875 0.41330645161290325 0.49609375 0.415994623655914 0.501953125 0.415994623655914 0.5123697916666666 0.41263440860215056 0.5345052083333334 0.396505376344086 0.5611979166666666 0.38810483870967744 0.6223958333333334 0.3797043010752688 0.6477864583333334 0.37264784946236557 0.6588541666666666 0.36861559139784944 0.66015625 0.36727150537634407 0.650390625 0.3756720430107527 0.615234375 0.37768817204301075 0.5911458333333334 0.37768817204301075 0.583984375 0.3756720430107527 0.5826822916666666 0.37331989247311825 0.583984375 0.36861559139784944 0.59765625 0.3595430107526882 0.6315104166666666 0.3538306451612903 0.6477864583333334 0.3497983870967742 0.6529947916666666 0.3477822580645161 0.6529947916666666 0.34475806451612906 0.6477864583333334
30 0.31216397849462363 0.5384114583333334 0.31149193548387094 0.5032552083333334 0.3161962365591398 0.48828125 0.323252688172043 0.48046875 0.3286290322580645 0.48046875 0.33635752688172044 0.4869791666666667 0.33803763440860213 0.48828125 0.3504704301075269 0.4817708333333333 0.35685483870967744 0.4817708333333333 0.36155913978494625 0.49609375 0.36155913978494625 0.513671875 0.3588709677419355 0.52734375 0.3491263440860215 0.5475260416666666 0.33803763440860213 0.6015625 0.32594086021505375 0.6315104166666666 0.31418010752688175 0.6529947916666666 0.30981182795698925 0.6575520833333334 0.3077956989247312 0.65625 0.3071236559139785 0.6516927083333334 0.3175403225806452 0.62109375 0.32661290322580644 0.5885416666666666 0.32661290322580644 0.5748697916666666 0.3225806451612903 0.5924479166666666 0.31149193548387094 0.63671875 0.3057795698924731 0.6490885416666666 0.3014112903225806 0.650390625 0.30006720430107525 0.6438802083333334
31 0.23407594086021505 0.568900390625 0.23491801075268817 0.5505631510416666 0.2438578629032258 0.5359029947916667 0.25210987903225807 0.5205768229166666 0.26380040322580645 0.5092486979166667 0.2723965053763441 0.49258984375000003 0.2827116935483871 0.48126171874999996 0.2940584677419355 0.4785963541666667 0.3029983198924731 0.4892578125 0.30162298387096775 0.5039179687500001 0.3047177419354839 0.514580078125 0.30953125 0.5232421875000001 0.31159442204301074 0.5345703125 0.31159442204301074 0.548564453125 0.3081559139784946 0.5612252604166666 0.2871817876344086 0.5698880208333333 0.27342809139784946 0.57188671875 0.25382896505376346 0.5798834635416666 0.2390440188172043 0.5812161458333334 0.2503907930107527 0.5692213541666666 0.25933064516129034 0.5592259114583333 0.25589213709677416 0.5558938802083333 0.24695228494623656 0.563890625 0.23698084677419354 0.5698880208333333
