0 0.4620295698924731 0.5559895833333334 0.46068548387096775 0.48828125 0.4643817204301075 0.4694010416666667 0.46706989247311825 0.4609375 0.46975806451612906 0.4609375 0.4741263440860215 0.466796875 0.4825268817204301 0.4908854166666667 0.48723118279569894 0.5572916666666666 0.4915994623655914 0.5924479166666666 0.49361559139784944 0.6178385416666666 0.49227150537634407 0.6236979166666666 0.4643817204301075 0.62890625 0.4620295698924731 0.6263020833333334 0.4593413978494624 0.6100260416666666 0.4586693548387097 0.5950520833333334
1 0.45598118279569894 0.625 0.43918010752688175 0.62890625 0.4314516129032258 0.625 0.42876344086021506 0.6048177083333334 0.4314516129032258 0.5696614583333334 0.43481182795698925 0.4934895833333333 0.4418682795698925 0.4720052083333333 0.44522849462365593 0.466796875 0.4469086021505376 0.466796875 0.448252688172043 0.4680989583333333 0.4495967741935484 0.478515625 0.4489247311827957 0.5260416666666666 0.4529569892473118 0.5651041666666666 0.457997311827957 0.5911458333333334 0.46001344086021506 0.615234375
2 0.42439516129032256 0.62890625 0.4112903225806452 0.6399739583333334 0.40423387096774194 0.6341145833333334 0.3971774193548387 0.6061197916666666 0.39919354838709675 0.58984375 0.40288978494623656 0.5748697916666666 0.4049059139784946 0.4479166666666667 0.4069220430107527 0.4342447916666667 0.4106182795698925 0.4303385416666667 0.41263440860215056 0.4303385416666667 0.4146505376344086 0.435546875 0.4210349462365591 0.48046875 0.42506720430107525 0.56640625 0.42876344086021506 0.6002604166666666 0.42876344086021506 0.615234375
3 0.37701612903225806 0.5611979166666666 0.3834005376344086 0.4609375 0.3887768817204301 0.4446614583333333 0.3914650537634409 0.439453125 0.3951612903225806 0.439453125 0.3978494623655914 0.45703125 0.4015456989247312 0.5559895833333334 0.40356182795698925 0.5911458333333334 0.39986559139784944 0.6100260416666666 0.3951612903225806 0.615234375 0.3914650537634409 0.6223958333333334 0.3840725806451613 0.6302083333333334 0.3797043010752688 0.6341145833333334 0.37264784946236557 0.62890625 0.36861559139784944 0.6126302083333334
4 0.364247311827957 0.6048177083333334 0.35181451612903225 0.5963541666666666 0.3484543010752688 0.5826822916666666 0.34711021505376344 0.5696614583333334 0.35618279569892475 0.544921875 0.365255376344086 0.4720052083333333 0.3699596774193548 0.453125 0.3713037634408602 0.453125 0.3743279569892473 0.4557291666666667 0.3756720430107527 0.4720052083333333 0.3713037634408602 0.55078125 0.375 0.5872395833333334 0.3713037634408602 0.6002604166666666
5 0.3225806451612903 0.576171875 0.31350806451612906 0.5813802083333334 0.3071236559139785 0.5787760416666666 0.3057795698924731 0.5598958333333334 0.31821236559139787 0.5182291666666666 0.31888440860215056 0.470703125 0.31888440860215056 0.435546875 0.31955645161290325 0.4290364583333333 0.3225806451612903 0.4290364583333333 0.3245967741935484 0.4368489583333333 0.3279569892473118 0.474609375 0.3279569892473118 0.48046875 0.32963709677419356 0.4856770833333333 0.3343413978494624 0.4772135416666667 0.33501344086021506 0.4583333333333333 0.3336693548387097 0.431640625 0.33501344086021506 0.4244791666666667 0.33803763440860213 0.4244791666666667 0.3426115591397849 0.4304329427083333 0.34711021505376344 0.4446614583333333 0.35181451612903225 0.4856770833333333 0.35181451612903225 0.533203125 0.3531586021505376 0.5546875 0.3491263440860215 0.576171875 0.34341397849462363 0.5911458333333334 0.33501344086021506 0.5963541666666666
6 0.28125 0.541015625 0.27419354838709675 0.537109375 0.27352150537634407 0.51953125 0.2758736559139785 0.501953125 0.2849462365591398 0.4856770833333333 0.2903225806451613 0.4446614583333333 0.290994623655914 0.4153645833333333 0.29275537634408605 0.4064772135416667 0.29455040322580645 0.40493164062500003 0.2933538306451613 0.38677148437500003 0.2941515456989247 0.377884765625 0.29654435483870967 0.3740208333333333 0.3009317876344086 0.377884765625 0.3055184811827957 0.38793098958333333 0.30930779569892475 0.3991360677083333 0.3144926075268817 0.40377278645833337 0.3175403225806452 0.4166666666666667 0.31485215053763443 0.509765625 0.31418010752688175 0.53125 0.30981182795698925 0.544921875 0.3030913978494624 0.55859375 0.2973790322580645 0.55859375
8 0.4956317204301075 0.5533854166666666 0.49966397849462363 0.4947916666666667 0.5053763440860215 0.4720052083333333 0.5110887096774194 0.462890625 0.5137768817204301 0.4641927083333333 0.5157930107526881 0.466796875 0.5188172043010753 0.4830729166666667 0.5221774193548387 0.55078125 0.5272177419354839 0.5826822916666666 0.5272177419354839 0.6048177083333334 0.5241935483870968 0.6165364583333334 0.5221774193548387 0.62109375 0.49831989247311825 0.625 0.4956317204301075 0.619140625 0.49428763440860213 0.6139322916666666
9 0.5520833333333334 0.615234375 0.5389784946236559 0.615234375 0.5325940860215054 0.6126302083333334 0.5299059139784946 0.6048177083333334 0.5292338709677419 0.59375 0.5339381720430108 0.5546875 0.5332661290322581 0.4694010416666667 0.5352822580645161 0.4609375 0.5396505376344086 0.4641927083333333 0.5453629032258065 0.474609375 0.550739247311828 0.498046875 0.5551075268817204 0.5533854166666666 0.5584677419354839 0.5787760416666666 0.5591397849462365 0.59765625 0.5571236559139785 0.6126302083333334
10 0.5771854838709677 0.6263020833333334 0.5687849462365592 0.62109375 0.5617284946236559 0.607421875 0.5576962365591398 0.5924479166666666 0.5630725806451613 0.498046875 0.5681129032258064 0.4420572916666667 0.5674408602150538 0.4205729166666667 0.5701290322580645 0.4205729166666667 0.5744973118279569 0.42578125 0.5778575268817204 0.4479166666666667 0.5822258064516129 0.4934895833333333 0.5849139784946237 0.5559895833333334 0.5882741935483871 0.583984375 0.5896182795698924 0.5989583333333334 0.5882741935483871 0.6126302083333334
11 0.6122311827956989 0.6015625 0.6058467741935484 0.6139322916666666 0.5934139784946236 0.607421875 0.5877016129032258 0.5989583333333334 0.585013440860215 0.5774739583333334 0.5836693548387096 0.572265625 0.5863575268817204 0.5533854166666666 0.5890456989247311 0.45703125 0.5890456989247311 0.4446614583333333 0.5897177419354839 0.4407552083333333 0.5920698924731183 0.4407552083333333 0.5940860215053764 0.443359375 0.5981182795698925 0.4544270833333333 0.6038306451612904 0.4772135416666667 0.6102150537634409 0.5475260416666666 0.6169354838709677 0.5735677083333334 0.6169354838709677 0.5911458333333334
12 0.633736559139785 0.58984375 0.6213037634408602 0.5885416666666666 0.6179435483870968 0.5813802083333334 0.614247311827957 0.5696614583333334 0.6129032258064516 0.548828125 0.614247311827957 0.5299479166666666 0.6115591397849462 0.439453125 0.6122311827956989 0.431640625 0.614247311827957 0.4290364583333333 0.6186155913978495 0.4342447916666667 0.6263440860215054 0.4720052083333333 0.633736559139785 0.5234375 0.6407930107526881 0.5520833333333334 0.6421370967741935 0.5611979166666666 0.6421370967741935 0.5748697916666666
13 0.6673387096774194 0.5520833333333334 0.6575940860215054 0.56640625 0.6518817204301075 0.5774739583333334 0.6458333333333334 0.5735677083333334 0.633736559139785 0.5397135416666666 0.633736559139785 0.5247395833333334 0.6360887096774194 0.5071614583333334 0.6360887096774194 0.4694010416666667 0.633736559139785 0.4368489583333333 0.6344086021505376 0.4231770833333333 0.634768817204301 0.41575065104166664 0.636364247311828 0.4087955729166666 0.6401532258064516 0.40493164062500003 0.644341061827957 0.4057044270833334 0.6537140456989248 0.42888736979166664 0.6549059139784946 0.4153645833333333 0.6575940860215054 0.4127604166666667 0.6616263440860215 0.4166666666666667 0.6639784946236559 0.4270833333333333 0.6653225806451613 0.4407552083333333 0.6666666666666666 0.4856770833333333 0.6743951612903226 0.505859375 0.6784274193548387 0.5286458333333334 0.6784274193548387 0.5384114583333334 0.675739247311828 0.544921875
14 0.7063172043010753 0.5169270833333334 0.7016129032258065 0.52734375 0.6925403225806451 0.537109375 0.6854838709677419 0.5345052083333334 0.6770833333333334 0.5208333333333334 0.6723790322580645 0.484375 0.665994623655914 0.4342447916666667 0.6602822580645161 0.404296875 0.6582661290322581 0.3802083333333333 0.6609543010752689 0.3665364583333333 0.665994623655914 0.3665364583333333 0.6717069892473119 0.3763020833333333 0.6807795698924731 0.404296875 0.6848118279569892 0.41796875 0.6834677419354839 0.3828125 0.6854838709677419 0.3763020833333333 0.6881720430107527 0.3776041666666667 0.6918682795698925 0.3854166666666667 0.6952284946236559 0.4153645833333333 0.6979166666666666 0.4420572916666667 0.7043010752688172 0.45703125 0.7120295698924731 0.478515625 0.7153897849462365 0.498046875 0.707997311827957 0.5084635416666666
16 0.49428763440860213 0.650390625 0.489247311827957 0.6126302083333334 0.4915994623655914 0.6087239583333334 0.5124327956989247 0.603515625 0.5144489247311828 0.607421875 0.5124327956989247 0.6451822916666666 0.5124327956989247 0.7102864583333334 0.5110887096774194 0.720703125 0.5067204301075269 0.7233072916666666 0.5026881720430108 0.720703125 0.49966397849462363 0.712890625
17 0.5235215053763441 0.6477864583333334 0.519489247311828 0.6126302083333334 0.521505376344086 0.6048177083333334 0.5325940860215054 0.6015625 0.5443548387096774 0.6048177083333334 0.5460349462365591 0.6126302083333334 0.5460349462365591 0.62109375 0.5416666666666666 0.6549479166666666 0.5403225806451613 0.7220052083333334 0.5396505376344086 0.7317708333333334 0.5352822580645161 0.7369791666666666 0.53125 0.73828125 0.5285618279569892 0.7278645833333334
18 0.5500672043010753 0.6490885416666666 0.5467069892473119 0.6178385416666666 0.5493951612903226 0.6048177083333334 0.5551075268817204 0.5963541666666666 0.5625 0.5963541666666666 0.5709005376344086 0.5989583333333334 0.5759408602150538 0.607421875 0.5766129032258065 0.6139322916666666 0.5725806451612904 0.6477864583333334 0.5766129032258065 0.7291666666666666 0.5759408602150538 0.7506510416666666 0.5739247311827957 0.7604166666666666 0.5702284946236559 0.7604166666666666 0.5625 0.7395833333333334 0.5544354838709677 0.69921875
19 0.5806451612903226 0.6477864583333334 0.5715725806451613 0.6126302083333334 0.5766129032258065 0.5963541666666666 0.5856854838709677 0.5885416666666666 0.5961021505376344 0.5924479166666666 0.602486559139785 0.5989583333333334 0.604502688172043 0.6048177083333334 0.6031586021505376 0.6451822916666666 0.6078629032258065 0.7233072916666666 0.6078629032258065 0.7454427083333334 0.6065188172043011 0.7545572916666666 0.604502688172043 0.7584635416666666 0.6004704301075269 0.755859375 0.5974462365591398 0.7532552083333334
20 0.6129032258064516 0.6315104166666666 0.5997983870967742 0.6087239583333334 0.5997983870967742 0.59765625 0.6018145161290323 0.5911458333333334 0.6071908602150538 0.5872395833333334 0.6115591397849462 0.5748697916666666 0.6186155913978495 0.5748697916666666 0.6263440860215054 0.5787760416666666 0.6317204301075269 0.576171875 0.6344086021505376 0.5774739583333334 0.6360887096774194 0.58984375 0.6344086021505376 0.6139322916666666 0.6458333333333334 0.6979166666666666 0.6478494623655914 0.7278645833333334 0.646505376344086 0.7330729166666666 0.6434811827956989 0.7317708333333334 0.6330645161290323 0.712890625
21 0.6491935483870968 0.6263020833333334 0.6323924731182796 0.5885416666666666 0.6303763440860215 0.5774739583333334 0.6310483870967742 0.5696614583333334 0.6354166666666666 0.5611979166666666 0.6434811827956989 0.5598958333333334 0.6512096774193549 0.5611979166666666 0.6646505376344086 0.5475260416666666 0.6700268817204301 0.5475260416666666 0.6750672043010753 0.5520833333333334 0.6797715053763441 0.5651041666666666 0.6827956989247311 0.5989583333333334 0.6938844086021505 0.6549479166666666 0.697244623655914 0.685546875 0.6965725806451613 0.6940104166666666 0.6918682795698925 0.6881510416666666 0.6790994623655914 0.642578125 0.6730510752688172 0.6341145833333334 0.6700268817204301 0.6412760416666666 0.6700268817204301 0.650390625 0.6764112903225806 0.7044270833333334 0.6770833333333334 0.712890625 0.6743951612903226 0.7154947916666666 0.6686827956989247 0.708984375 0.6518817204301075 0.6302083333333334
22 0.6938844086021505 0.5885416666666666 0.6925403225806451 0.5885416666666666 0.6764112903225806 0.5625 0.6743951612903226 0.5475260416666666 0.677755376344086 0.5345052083333334 0.6854838709677419 0.5299479166666666 0.6911962365591398 0.5286458333333334 0.7016129032258065 0.5110677083333334 0.7113575268817204 0.5071614583333334 0.719758064516129 0.5123697916666666 0.7237903225806451 0.5260416666666666 0.7261424731182796 0.5638020833333334 0.7399193548387096 0.6223958333333334 0.741263440860215 0.6315104166666666 0.739247311827957 0.6341145833333334 0.7358870967741935 0.6315104166666666 0.7211021505376344 0.6002604166666666 0.7170698924731183 0.5989583333333334 0.7163978494623656 0.603515625 0.7163978494623656 0.615234375 0.7231182795698925 0.6315104166666666 0.7315188172043011 0.6529947916666666 0.7288306451612904 0.6588541666666666 0.7231182795698925 0.6588541666666666 0.7106854838709677 0.638671875
24 0.46908602150537637 0.65625 0.46706989247311825 0.6126302083333334 0.48723118279569894 0.607421875 0.489247311827957 0.6100260416666666 0.48655913978494625 0.6529947916666666 0.4838709677419355 0.7076822916666666 0.48151881720430106 0.7220052083333334 0.4788306451612903 0.7317708333333334 0.4747983870967742 0.7317708333333334 0.4717741935483871 0.7317708333333334
25 0.4425403225806452 0.6588541666666666 0.4411962365591398 0.6236979166666666 0.44455645161290325 0.62109375 0.46068548387096775 0.615234375 0.4643817204301075 0.615234375 0.46639784946236557 0.62109375 0.46639784946236557 0.6236979166666666 0.4620295698924731 0.66015625 0.4620295698924731 0.6881510416666666 0.4593413978494624 0.734375 0.45598118279569894 0.748046875 0.45161290322580644 0.7506510416666666 0.4475806451612903 0.7454427083333334 0.44455645161290325 0.7265625
26 0.4153225806451613 0.6666666666666666 0.41196236559139787 0.6354166666666666 0.4166666666666667 0.6236979166666666 0.42439516129032256 0.615234375 0.43413978494623656 0.6165364583333334 0.43985215053763443 0.6263020833333334 0.4405241935483871 0.638671875 0.43850806451612906 0.6627604166666666 0.42943548387096775 0.7278645833333334 0.4210349462365591 0.755859375 0.4166666666666667 0.7669270833333334 0.41330645161290325 0.7669270833333334 0.41196236559139787 0.7532552083333334
27 0.3840725806451613 0.6614583333333334 0.3840725806451613 0.62890625 0.38676075268817206 0.6178385416666666 0.39986559139784944 0.6126302083333334 0.4055779569892473 0.6126302083333334 0.4106182795698925 0.62109375 0.41330645161290325 0.6341145833333334 0.41330645161290325 0.6451822916666666 0.4049059139784946 0.6666666666666666 0.3951612903225806 0.73046875 0.3901209677419355 0.7571614583333334 0.38810483870967744 0.7643229166666666 0.3854166666666667 0.7643229166666666 0.3810483870967742 0.755859375 0.3810483870967742 0.748046875
28 0.35114247311827956 0.642578125 0.35181451612903225 0.6126302083333334 0.354502688172043 0.5989583333333334 0.3595430107526882 0.59375 0.365255376344086 0.59375 0.3713037634408602 0.6002604166666666 0.3810483870967742 0.6061197916666666 0.38676075268817206 0.611328125 0.38810483870967744 0.62109375 0.38743279569892475 0.6302083333333334 0.3840725806451613 0.63671875 0.3743279569892473 0.65625 0.3595430107526882 0.7102864583333334 0.35618279569892475 0.7369791666666666 0.35181451612903225 0.744140625 0.34711021505376344 0.7467447916666666 0.34408602150537637 0.7369791666666666
29 0.3057795698924731 0.62109375 0.30981182795698925 0.580078125 0.3161962365591398 0.5696614583333334 0.3225806451612903 0.5638020833333334 0.3279569892473118 0.56640625 0.3343413978494624 0.5748697916666666 0.34206989247311825 0.59375 0.35685483870967744 0.59375 0.3595430107526882 0.5989583333333334 0.3595430107526882 0.6100260416666666 0.3575268817204301 0.6165364583333334 0.35181451612903225 0.6263020833333334 0.33635752688172044 0.6477864583333334 0.32661290322580644 0.7044270833333334 0.30913978494623656 0.7506510416666666 0.30376344086021506 0.755859375 0.3014112903225806 0.7493489583333334 0.3014112903225806 0.744140625 0.31283602150537637 0.712890625 0.3161962365591398 0.6764322916666666 0.31216397849462363 0.6640625 0.3064516129032258 0.6640625 0.2933467741935484 0.6953125 0.2856182795698925 0.7194010416666666 0.2819220430107527 0.7220052083333334 0.2805779569892473 0.7180989583333334
30 0.2637768817204301 0.5774739583333334 0.2668010752688172 0.5475260416666666 0.27352150537634407 0.537109375 0.2825940860215054 0.53125 0.2896505376344086 0.5358072916666666 0.2933467741935484 0.5533854166666666 0.3071236559139785 0.5651041666666666 0.3084677419354839 0.5748697916666666 0.3084677419354839 0.5859375 0.3084677419354839 0.59375 0.290994623655914 0.62109375 0.2805779569892473 0.6477864583333334 0.2728494623655914 0.6640625 0.2637768817204301 0.6803385416666666 0.259744623655914 0.681640625 0.259744623655914 0.6692708333333334 0.2668010752688172 0.6412760416666666 0.2668010752688172 0.62890625 0.26243279569892475 0.6276041666666666 0.25268817204301075 0.650390625 0.24563172043010753 0.6627604166666666 0.24428763440860216 0.6516927083333334
