0 0.5033602150537635 0.501953125 0.5020161290322581 0.501953125 0.4724462365591398 0.4993489583333333 0.46841397849462363 0.4817708333333333 0.46841397849462363 0.4694010416666667 0.4734543010752688 0.4303385416666667 0.4754704301075269 0.3528645833333333 0.479502688172043 0.3098958333333333 0.4825268817204301 0.3001302083333333 0.48655913978494625 0.298828125 0.4905913978494624 0.3040364583333333 0.49428763440860213 0.3248697916666667 0.5013440860215054 0.42578125 0.5060483870967742 0.462890625 0.5060483870967742 0.4869791666666667 0.5060483870967742 0.4921875
1 0.4593413978494624 0.4908854166666667 0.45094086021505375 0.48828125 0.4411962365591398 0.478515625 0.43481182795698925 0.4609375 0.43481182795698925 0.4466145833333333 0.4418682795698925 0.41796875 0.4536290322580645 0.3098958333333333 0.4573252688172043 0.3001302083333333 0.46001344086021506 0.3014322916666667 0.4620295698924731 0.3072916666666667 0.4650537634408602 0.3391927083333333 0.4643817204301075 0.4205729166666667 0.46706989247311825 0.4694010416666667 0.4657258064516129 0.484375
2 0.41263440860215056 0.4921875 0.40570194892473116 0.475775390625 0.4032493279569892 0.4632395833333333 0.40423387096774194 0.4407552083333333 0.40826612903225806 0.4153645833333333 0.40961021505376344 0.24739583333333334 0.41196236559139787 0.23372395833333334 0.415994623655914 0.22981770833333334 0.42036290322580644 0.23958333333333334 0.42439516129032256 0.31640625 0.4321236559139785 0.41796875 0.4351347446236559 0.4541614583333333 0.4326817876344086 0.4792337239583333 0.42309408602150533 0.48917578125
3 0.3978494623655914 0.462890625 0.38239247311827956 0.478515625 0.3763440860215054 0.466796875 0.37331989247311825 0.4479166666666667 0.37331989247311825 0.4368489583333333 0.3803763440860215 0.4029947916666667 0.3790322580645161 0.3059895833333333 0.38239247311827956 0.2799479166666667 0.38743279569892475 0.2701822916666667 0.39314516129032256 0.2734375 0.3978494623655914 0.2884114583333333 0.4055779569892473 0.3587239583333333 0.40961021505376344 0.396484375 0.41397849462365593 0.4290364583333333 0.40826612903225806 0.4641927083333333
4 0.37768817204301075 0.4479166666666667 0.3719758064516129 0.4609375 0.35618279569892475 0.474609375 0.3484543010752688 0.4609375 0.34711021505376344 0.4342447916666667 0.35181451612903225 0.4016927083333333 0.3551747311827957 0.3040364583333333 0.35685483870967744 0.291015625 0.3595430107526882 0.2864583333333333 0.3635752688172043 0.2923177083333333 0.36928763440860213 0.3177083333333333 0.37701612903225806 0.396484375 0.3817204301075269 0.4192708333333333 0.3817204301075269 0.4420572916666667
5 0.3239247311827957 0.4583333333333333 0.31216397849462363 0.4654947916666667 0.3062852822580645 0.46353841145833335 0.30155409946236555 0.4519524739583333 0.2980510752688172 0.4381510416666667 0.2980510752688172 0.4231770833333333 0.3024576612903226 0.39081315104166664 0.30073924731182794 0.3098958333333333 0.30205208333333333 0.29772265625 0.3060362903225807 0.29530859375 0.30977150537634407 0.30303255208333335 0.3137557123655914 0.32041210937500003 0.3197083333333333 0.33804752604166666 0.3187358870967742 0.29917057291666665 0.3187358870967742 0.286619140625 0.3202301747311828 0.275515625 0.32296908602150537 0.2639296875 0.3267043010752688 0.26875716145833334 0.33068850806451616 0.278412109375 0.3343413978494624 0.302734375 0.3365752688172043 0.34027734375 0.34226579301075266 0.387576171875 0.34694825268817203 0.4100546875 0.3477822580645161 0.431640625 0.3477822580645161 0.4446614583333333 0.33635752688172044 0.466796875
6 0.2751586021505376 0.44760742187499997 0.2632879704301075 0.4505208333333333 0.25925571236559136 0.4407552083333333 0.2565675403225806 0.421875 0.2565675403225806 0.408203125 0.2612718413978494 0.3880208333333333 0.26496807795698923 0.3151041666666667 0.2716885080645161 0.27734375 0.2730325940860215 0.2747395833333333 0.2753847446236559 0.2747395833333333 0.27874495967741936 0.2825520833333333 0.2831132392473118 0.3151041666666667 0.2921858198924731 0.3815104166666667 0.29682291666666666 0.4031940104166667 0.29781888440860216 0.4215390625 0.29621807795698923 0.4420572916666667 0.28580141129032255 0.453125
7 0.23319892473118278 0.4342447916666667 0.2325268817204301 0.4342447916666667 0.2241263440860215 0.4329427083333333 0.21841397849462366 0.4166666666666667 0.21774193548387097 0.400390625 0.2234543010752688 0.3815104166666667 0.23319892473118278 0.2936197916666667 0.23958333333333334 0.2734375 0.24495967741935484 0.2721354166666667 0.25 0.2786458333333333 0.2513440860215054 0.3248697916666667 0.25201612903225806 0.3828125 0.2547043010752688 0.4016927083333333 0.2547043010752688 0.4205729166666667 0.2513440860215054 0.4290364583333333 0.23958333333333334 0.4368489583333333
8 0.543010752688172 0.5006510416666666 0.5178091397849462 0.5006510416666666 0.5110887096774194 0.4934895833333333 0.5073924731182796 0.466796875 0.5131048387096774 0.4205729166666667 0.5164650537634409 0.30859375 0.5188172043010753 0.291015625 0.521505376344086 0.2825520833333333 0.5248655913978495 0.2825520833333333 0.5299059139784946 0.2936197916666667 0.5369623655913979 0.3326822916666667 0.5403225806451613 0.41796875 0.5480510752688172 0.462890625 0.5480510752688172 0.484375 0.5467069892473119 0.4934895833333333
9 0.5668682795698925 0.4759114583333333 0.5577956989247311 0.4895833333333333 0.5514112903225806 0.4908854166666667 0.5473790322580645 0.478515625 0.5443548387096774 0.4641927083333333 0.5467069892473119 0.4231770833333333 0.5436827956989247 0.3352864583333333 0.5467069892473119 0.3125 0.5493951612903226 0.3059895833333333 0.5534274193548387 0.30859375 0.5591397849462365 0.3287760416666667 0.5682123655913979 0.4127604166666667 0.5725806451612904 0.462890625 0.5715725806451613 0.4680989583333333
10 0.5883736559139785 0.4908854166666667 0.580179435483871 0.481859375 0.573252688172043 0.4609375 0.5725806451612904 0.4505208333333333 0.5759408602150538 0.4153645833333333 0.5890456989247311 0.2884114583333333 0.5920698924731183 0.27734375 0.594758064516129 0.27734375 0.5981182795698925 0.2884114583333333 0.602486559139785 0.3365885416666667 0.6011424731182796 0.4153645833333333 0.6031586021505376 0.4557291666666667 0.6011424731182796 0.4733072916666667 0.5940040322580645 0.4898600260416666
11 0.6192876344086021 0.4830729166666667 0.6058467741935484 0.4641927083333333 0.5961021505376344 0.4596354166666667 0.5913978494623656 0.439453125 0.5974462365591398 0.4029947916666667 0.6102150537634409 0.3138020833333333 0.616263440860215 0.294921875 0.6206317204301075 0.28515625 0.6233198924731183 0.28515625 0.6246639784946236 0.2923177083333333 0.6246639784946236 0.3098958333333333 0.6253360215053764 0.404296875 0.6317204301075269 0.4479166666666667 0.6290322580645161 0.4694010416666667
12 0.6428091397849462 0.484375 0.633736559139785 0.48046875 0.6276881720430108 0.466796875 0.6263440860215054 0.44921875 0.6270161290322581 0.4342447916666667 0.6310483870967742 0.4140625 0.6401209677419355 0.3098958333333333 0.6458333333333334 0.291015625 0.6485215053763441 0.2884114583333333 0.6498655913978495 0.291015625 0.6498655913978495 0.3014322916666667 0.6512096774193549 0.4153645833333333 0.6555779569892473 0.453125 0.6542338709677419 0.466796875 0.6505376344086021 0.4772135416666667
13 0.6790994623655914 0.4720052083333333 0.668010752688172 0.4759114583333333 0.6633064516129032 0.4720052083333333 0.65625 0.4609375 0.6526461693548388 0.44556184895833334 0.6542338709677419 0.4231770833333333 0.6557678091397849 0.4109798177083333 0.6586666666666666 0.39844401041666666 0.6686827956989247 0.3365885416666667 0.671599126344086 0.31976953125 0.675835685483871 0.2977233072916667 0.6809640456989248 0.28086458333333336 0.6840856854838709 0.275677734375 0.6872073252688172 0.28000065104166666 0.6898521505376344 0.2962239583333333 0.6989247311827957 0.42578125 0.6995967741935484 0.44921875 0.6959005376344086 0.4694010416666667 0.6925403225806451 0.474609375 0.6875 0.4772135416666667
14 0.7245554435483871 0.45030403645833333 0.7214338037634409 0.4537623697916667 0.7116229838709678 0.4593821614583333 0.7036290322580645 0.4479166666666667 0.6995967741935484 0.4420572916666667 0.6993592069892474 0.418748046875 0.7043010752688172 0.396484375 0.7127016129032258 0.3528645833333333 0.7184139784946236 0.3151041666666667 0.7231182795698925 0.3040364583333333 0.7261424731182796 0.3040364583333333 0.7268145161290323 0.3177083333333333 0.7261162634408602 0.3526100260416667 0.7281586021505376 0.3151041666666667 0.7281586021505376 0.3014322916666667 0.7301747311827957 0.2975260416666667 0.7328629032258065 0.298828125 0.7365961021505377 0.312408203125 0.7377110215053763 0.33488671875 0.7397177419354839 0.4023216145833333 0.7423934811827957 0.42523242187500004 0.7399193548387096 0.439453125 0.7358870967741935 0.453125 0.7301747311827957 0.4583333333333333 0.7268145161290323 0.4544270833333333
16 0.5080645161290323 0.5533854166666666 0.5067204301075269 0.498046875 0.5346102150537635 0.501953125 0.5352822580645161 0.5110677083333334 0.5255376344086021 0.5611979166666666 0.519489247311828 0.6451822916666666 0.5171370967741935 0.6653645833333334 0.5144489247311828 0.6725260416666666 0.511760752688172 0.6725260416666666 0.5110887096774194 0.6692708333333334 0.509744623655914 0.6575520833333334
17 0.53125 0.5696614583333334 0.5325940860215054 0.5260416666666666 0.5369623655913979 0.5182291666666666 0.5423387096774194 0.5182291666666666 0.5577956989247311 0.541015625 0.5584677419354839 0.55078125 0.5584677419354839 0.55859375 0.5514112903225806 0.580078125 0.5443548387096774 0.6529947916666666 0.5443548387096774 0.6940104166666666 0.5423387096774194 0.7141927083333334 0.5396505376344086 0.7180989583333334 0.5369623655913979 0.7154947916666666 0.5305779569892473 0.6829427083333334 0.5285618279569892 0.6477864583333334
18 0.5502439516129033 0.6200540364583333 0.5534274193548387 0.580078125 0.5577956989247311 0.568359375 0.5648521505376344 0.56640625 0.573252688172043 0.5774739583333334 0.5793010752688172 0.5872395833333334 0.582997311827957 0.6048177083333334 0.582997311827957 0.611328125 0.5786290322580645 0.6412760416666666 0.5725806451612904 0.7154947916666666 0.5725806451612904 0.755859375 0.5702284946236559 0.7643229166666666 0.5675403225806451 0.765625 0.5618279569892473 0.7584635416666666 0.5534274193548387 0.734375 0.5493951612903226 0.6829427083333334
19 0.5786290322580645 0.6100260416666666 0.5793010752688172 0.6100260416666666 0.5695564516129032 0.5709635416666666 0.573252688172043 0.5572916666666666 0.5793010752688172 0.5572916666666666 0.5883736559139785 0.55078125 0.5967741935483871 0.5520833333333334 0.6038306451612904 0.5598958333333334 0.6071908602150538 0.5826822916666666 0.6038306451612904 0.6048177083333334 0.6078629032258065 0.6803385416666666 0.6108870967741935 0.7180989583333334 0.6078629032258065 0.7252604166666666 0.604502688172043 0.7265625 0.5997983870967742 0.716796875
20 0.604502688172043 0.607421875 0.594758064516129 0.580078125 0.5940860215053764 0.5696614583333334 0.5981182795698925 0.5572916666666666 0.602486559139785 0.5572916666666666 0.6078629032258065 0.5436197916666666 0.6169354838709677 0.5436197916666666 0.6246639784946236 0.55078125 0.6290322580645161 0.568359375 0.6290322580645161 0.5963541666666666 0.6414650537634409 0.6725260416666666 0.6478494623655914 0.7076822916666666 0.6471774193548387 0.7141927083333334 0.644489247311828 0.7194010416666666 0.6401209677419355 0.7154947916666666 0.6303763440860215 0.6927083333333334
21 0.6394489247311828 0.6087239583333334 0.623991935483871 0.5774739583333334 0.6233198924731183 0.5625 0.6276881720430108 0.55078125 0.6323924731182796 0.5475260416666666 0.6421370967741935 0.5475260416666666 0.6525537634408602 0.5358072916666666 0.6596102150537635 0.5345052083333334 0.6633064516129032 0.537109375 0.6723790322580645 0.5286458333333334 0.6770833333333334 0.537109375 0.677755376344086 0.5520833333333334 0.677755376344086 0.5872395833333334 0.6898521505376344 0.6451822916666666 0.7016129032258065 0.6966145833333334 0.7022849462365591 0.7044270833333334 0.7016129032258065 0.7102864583333334 0.6995967741935484 0.7102864583333334 0.697244623655914 0.708984375 0.6737231182795699 0.6341145833333334 0.6666666666666666 0.6165364583333334 0.6626344086021505 0.6178385416666666 0.6609543010752689 0.63671875 0.6737231182795699 0.685546875 0.6807795698924731 0.7076822916666666 0.6797715053763441 0.7141927083333334 0.6750672043010753 0.7141927083333334 0.6693548387096774 0.712890625 0.6582661290322581 0.6868489583333334
22 0.6898521505376344 0.5911458333333334 0.6764112903225806 0.5638020833333334 0.675739247311828 0.548828125 0.675739247311828 0.5436197916666666 0.6807795698924731 0.537109375 0.6848118279569892 0.5247395833333334 0.6918682795698925 0.5221354166666666 0.7043010752688172 0.5123697916666666 0.7093413978494624 0.5123697916666666 0.7153897849462365 0.509765625 0.7224462365591398 0.5182291666666666 0.7254704301075269 0.5358072916666666 0.727486559139785 0.56640625 0.7476478494623656 0.642578125 0.7503360215053764 0.6549479166666666 0.7496639784946236 0.66015625 0.7476478494623656 0.66015625 0.7449596774193549 0.65625 0.7217741935483871 0.6015625 0.7190860215053764 0.6015625 0.719758064516129 0.6126302083333334 0.7405913978494624 0.6614583333333334 0.7419354838709677 0.6666666666666666 0.7405913978494624 0.6725260416666666 0.7365591397849462 0.6725260416666666 0.7244623655913979 0.6575520833333334
23 0.7699694220430108 0.591517578125 0.755088373655914 0.57663671875 0.7478877688172043 0.560826171875 0.7406875 0.55710546875 0.7258064516129032 0.5431549479166666 0.7200460349462365 0.5254837239583333 0.7171659946236559 0.5096725260416667 0.7229264112903226 0.48921158854166663 0.7272466397849463 0.4771204427083333 0.7349270833333333 0.4715403645833333 0.7402073252688172 0.464099609375 0.7483679435483871 0.45851953124999995 0.756528561827957 0.464099609375 0.7622886424731182 0.4761907552083333 0.7680490591397849 0.4947916666666667 0.7733296370967743 0.51711328125 0.7781297043010752 0.5310638020833334 0.7790897177419355 0.5487350260416667 0.7781297043010752 0.5710566406250001
24 0.4838709677419355 0.5598958333333334 0.479502688172043 0.5071614583333334 0.5073924731182796 0.5045572916666666 0.5060483870967742 0.5345052083333334 0.5035608198924731 0.56681640625 0.4994418682795699 0.5994244791666666 0.49566599462365596 0.6493346354166667 0.4905913978494624 0.6751302083333334 0.4879032258064516 0.677734375 0.4852150537634409 0.6705729166666666
25 0.457997311827957 0.5709635416666666 0.45161290322580644 0.5260416666666666 0.4529569892473118 0.5182291666666666 0.4620295698924731 0.5084635416666666 0.46841397849462363 0.5045572916666666 0.47614247311827956 0.505859375 0.479502688172043 0.5123697916666666 0.479502688172043 0.5208333333333334 0.47681451612903225 0.568359375 0.4781586021505376 0.6692708333333334 0.4781586021505376 0.677734375 0.47681451612903225 0.6901041666666666 0.4734543010752688 0.69140625 0.47043010752688175 0.6881510416666666
26 0.4264112903225806 0.5989583333333334 0.4210349462365591 0.572265625 0.4217069892473118 0.5559895833333334 0.4264112903225806 0.5462239583333334 0.4475806451612903 0.537109375 0.4522849462365591 0.541015625 0.45598118279569894 0.5572916666666666 0.4543010752688172 0.6015625 0.4522849462365591 0.6692708333333334 0.4475806451612903 0.712890625 0.43850806451612906 0.7532552083333334 0.4321236559139785 0.76171875 0.42943548387096775 0.76171875 0.427755376344086 0.7506510416666666 0.42943548387096775 0.720703125 0.4307795698924731 0.69921875
27 0.3901209677419355 0.6126302083333334 0.38743279569892475 0.572265625 0.3914650537634409 0.5559895833333334 0.4015456989247312 0.5475260416666666 0.4055779569892473 0.55078125 0.4075940860215054 0.5559895833333334 0.4153225806451613 0.5559895833333334 0.41969086021505375 0.5611979166666666 0.4210349462365591 0.5813802083333334 0.4166666666666667 0.6100260416666666 0.4153225806451613 0.6705729166666666 0.40961021505376344 0.7044270833333334 0.4015456989247312 0.7233072916666666 0.39986559139784944 0.7233072916666666 0.3971774193548387 0.7233072916666666 0.39448924731182794 0.712890625 0.3958333333333333 0.6881510416666666
28 0.36861559139784944 0.5859375 0.36794354838709675 0.5638020833333334 0.3699596774193548 0.5475260416666666 0.37331989247311825 0.537109375 0.3887768817204301 0.5299479166666666 0.39381720430107525 0.5423177083333334 0.4022177419354839 0.55078125 0.40423387096774194 0.5638020833333334 0.40288978494623656 0.576171875 0.3901209677419355 0.59765625 0.3790322580645161 0.65625 0.36861559139784944 0.6881510416666666 0.35618279569892475 0.7154947916666666 0.3512170698924731 0.71672265625 0.35114247311827956 0.7102864583333334 0.35574462365591397 0.6937460937500001 0.36223118279569894 0.6666666666666666
29 0.3155241935483871 0.5813802083333334 0.31418010752688175 0.548828125 0.31806888440860215 0.5289973958333333 0.32207493279569893 0.5239498697916667 0.3296861559139785 0.5270559895833333 0.3407258064516129 0.5260416666666666 0.3477127016129032 0.5317161458333334 0.3539217069892473 0.5367636718750001 0.36155913978494625 0.533203125 0.3697449596774194 0.5359869791666666 0.37331989247311825 0.5520833333333334 0.36727150537634407 0.5748697916666666 0.35622614247311823 0.6000169270833333 0.34711021505376344 0.646484375 0.3316532258064516 0.6881510416666666 0.3245967741935484 0.69921875 0.3219086021505376 0.6966145833333334 0.3219086021505376 0.6881510416666666 0.3286444892473118 0.6640631510416667 0.3325352822580645 0.6434459635416666 0.332997311827957 0.62109375 0.33030913978494625 0.619140625 0.3272849462365591 0.6276041666666666 0.3161962365591398 0.6627604166666666 0.3071236559139785 0.685546875 0.3024193548387097 0.6940104166666666 0.29848454301075267 0.6947786458333334 0.2973790322580645 0.6881510416666666
30 0.2610887096774194 0.5651041666666666 0.2648934811827957 0.52522265625 0.26690053763440863 0.513119140625 0.2728494623655914 0.5045572916666666 0.2819220430107527 0.5084635416666666 0.2923387096774194 0.5169270833333334 0.3077956989247312 0.5260416666666666 0.3168682795698925 0.5462239583333334 0.3161213037634409 0.566580078125 0.3116391129032258 0.5767180989583334 0.2984415322580645 0.5998899739583333 0.2819220430107527 0.6399739583333334 0.2661290322580645 0.6653645833333334 0.2604166666666667 0.6725260416666666 0.25772849462365593 0.673828125 0.25772849462365593 0.6666666666666666 0.2644489247311828 0.642578125 0.2728494623655914 0.6100260416666666 0.2728494623655914 0.603515625 0.2674731182795699 0.6087239583333334 0.2553763440860215 0.6451822916666666 0.25 0.6575520833333334 0.24798387096774194 0.6614583333333334 0.24495967741935484 0.6575520833333334 0.24495967741935484 0.646484375
31 0.1934522849462366 0.5440846354166667 0.1972926747311828 0.55710546875 0.21073353494623656 0.5617558593749999 0.21985416666666666 0.56640625 0.23108366935483873 0.5772213541666666 0.24097547043010753 0.5887278645833333 0.24850504032258067 0.5937330729166667 0.2548961693548387 0.5905878906250001 0.26113676075268816 0.580357421875 0.2616165994623656 0.5598958333333334 0.26196102150537637 0.5492220052083333 0.26096505376344087 0.5347389322916667 0.2620967741935484 0.5199029947916667 0.2568165322580645 0.4994420572916667 0.2510047043010753 0.4922565104166667 0.2395352822580645 0.48828125 0.2268504704301075 0.49370507812500003 0.215533938172043 0.4957220052083333 0.20737331989247312 0.4957220052083333 0.20065288978494625 0.502232421875 0.19777251344086022 0.5161829427083333 0.20305309139784944 0.5199029947916667 0.20641330645161288 0.5254837239583333 0.20305309139784944 0.532923828125 0.19777251344086022 0.532923828125
