0 0.49227150537634407 0.59375 0.4650537634408602 0.58984375 0.46135752688172044 0.5748697916666666 0.46135752688172044 0.5533854166666666 0.46841397849462363 0.5169270833333334 0.47043010752688175 0.4016927083333333 0.4734543010752688 0.3841145833333333 0.47614247311827956 0.3828125 0.4781586021505376 0.3828125 0.4808467741935484 0.3938802083333333 0.4905913978494624 0.5123697916666666 0.4956317204301075 0.5611979166666666 0.4963037634408602 0.5787760416666666 0.4949596774193548 0.5885416666666666
1 0.4573252688172043 0.5872395833333334 0.4489247311827957 0.5885416666666666 0.4418682795698925 0.5826822916666666 0.4361559139784946 0.572265625 0.4334677419354839 0.5559895833333334 0.4405241935483871 0.5234375 0.4489247311827957 0.4205729166666667 0.45094086021505375 0.4095052083333333 0.4529569892473118 0.408203125 0.45530913978494625 0.4095052083333333 0.4573252688172043 0.41796875 0.4573252688172043 0.5208333333333334 0.46135752688172044 0.5546875 0.46135752688172044 0.5709635416666666 0.46001344086021506 0.583984375
2 0.41801075268817206 0.5748697916666666 0.40961021505376344 0.55859375 0.4055779569892473 0.5345052083333334 0.4112903225806452 0.4947916666666667 0.41330645161290325 0.369140625 0.41263440860215056 0.3502604166666667 0.41397849462365593 0.3411458333333333 0.4153225806451613 0.3352864583333333 0.4173387096774194 0.3352864583333333 0.42036290322580644 0.337890625 0.4237231182795699 0.3600260416666667 0.4314516129032258 0.5045572916666666 0.4361559139784946 0.544921875 0.43481182795698925 0.55859375 0.42876344086021506 0.5709635416666666
3 0.4055779569892473 0.537109375 0.3978494623655914 0.5559895833333334 0.3907930107526882 0.5611979166666666 0.3854166666666667 0.5598958333333334 0.3817204301075269 0.5475260416666666 0.3803763440860215 0.5286458333333334 0.38676075268817206 0.4921875 0.3887768817204301 0.400390625 0.3887768817204301 0.3776041666666667 0.3894489247311828 0.3678385416666667 0.3914650537634409 0.3639322916666667 0.39448924731182794 0.3665364583333333 0.39986559139784944 0.3854166666666667 0.40826612903225806 0.4830729166666667 0.41397849462365593 0.5045572916666666 0.41397849462365593 0.52734375 0.40961021505376344 0.5397135416666666
4 0.3834005376344086 0.541015625 0.3706317204301075 0.5572916666666666 0.3602150537634409 0.5423177083333334 0.35685483870967744 0.52734375 0.3635752688172043 0.4895833333333333 0.36861559139784944 0.404296875 0.3713037634408602 0.3854166666666667 0.375 0.3815104166666667 0.37768817204301075 0.3828125 0.3797043010752688 0.4166666666666667 0.3834005376344086 0.4856770833333333 0.38676075268817206 0.5123697916666666 0.38676075268817206 0.5286458333333334
5 0.33568548387096775 0.5345052083333334 0.32526881720430106 0.5397135416666666 0.32056451612903225 0.5345052083333334 0.3161962365591398 0.5123697916666666 0.3161962365591398 0.5084635416666666 0.32661290322580644 0.4720052083333333 0.32526881720430106 0.3951822916666667 0.32526881720430106 0.3802083333333333 0.32594086021505375 0.3743489583333333 0.3272849462365591 0.373046875 0.32963709677419356 0.3776041666666667 0.3343413978494624 0.396484375 0.33568548387096775 0.4114583333333333 0.34475806451612906 0.3463541666666667 0.3478387096774193 0.3390299479166667 0.3512069892473118 0.334564453125 0.3551075268817204 0.33559505208333335 0.3581989247311828 0.3411458333333333 0.35918514784946237 0.3472734375 0.3595430107526882 0.3587239583333333 0.36223118279569894 0.4869791666666667 0.365255376344086 0.509765625 0.36223118279569894 0.53125 0.3551747311827957 0.5423177083333334 0.34475806451612906 0.5533854166666666
6 0.29469086021505375 0.5182291666666666 0.28696236559139787 0.5182291666666666 0.28125 0.5084635416666666 0.28125 0.4856770833333333 0.2842741935483871 0.4694010416666667 0.290994623655914 0.4583333333333333 0.30510752688172044 0.3776041666666667 0.3081263440860215 0.360326171875 0.31007627688172046 0.35242578125 0.31350806451612906 0.3450520833333333 0.3175403225806452 0.3463541666666667 0.3194727822580645 0.35208268229166667 0.32056451612903225 0.361328125 0.3214227150537634 0.4046373697916667 0.32123655913978494 0.470703125 0.3225806451612903 0.4947916666666667 0.31888440860215056 0.515625 0.31048387096774194 0.5299479166666666 0.3024193548387097 0.533203125
7 0.2590725806451613 0.466796875 0.25336021505376344 0.4609375 0.2506720430107527 0.4466145833333333 0.2506720430107527 0.4342447916666667 0.26176075268817206 0.4153645833333333 0.27419354838709675 0.365234375 0.2819220430107527 0.3411458333333333 0.2856182795698925 0.3365885416666667 0.28830645161290325 0.337890625 0.2923387096774194 0.3502604166666667 0.29401881720430106 0.3802083333333333 0.28830645161290325 0.435546875 0.28830645161290325 0.4557291666666667 0.2842741935483871 0.4720052083333333 0.27788978494623656 0.4772135416666667 0.26310483870967744 0.4772135416666667
8 0.5241935483870968 0.5963541666666666 0.5073924731182796 0.5963541666666666 0.49899193548387094 0.5950520833333334 0.49764784946236557 0.583984375 0.4963037634408602 0.5638020833333334 0.5026881720430108 0.5260416666666666 0.5131048387096774 0.404296875 0.5151209677419355 0.3938802083333333 0.5171370967741935 0.390625 0.519489247311828 0.390625 0.521505376344086 0.3977864583333333 0.5255376344086021 0.45703125 0.5272177419354839 0.5234375 0.5299059139784946 0.5546875 0.5299059139784946 0.572265625 0.5299059139784946 0.580078125 0.5285618279569892 0.5911458333333334
9 0.5480510752688172 0.5859375 0.5403225806451613 0.5885416666666666 0.5325940860215054 0.5826822916666666 0.5305779569892473 0.5696614583333334 0.5305779569892473 0.5533854166666666 0.5346102150537635 0.5208333333333334 0.5389784946236559 0.431640625 0.5389784946236559 0.4192708333333333 0.540994623655914 0.4127604166666667 0.5436827956989247 0.4127604166666667 0.5467069892473119 0.4205729166666667 0.5493951612903226 0.4609375 0.5514112903225806 0.5182291666666666 0.5551075268817204 0.544921875 0.5551075268817204 0.5638020833333334 0.5534274193548387 0.5748697916666666
10 0.5739247311827957 0.583984375 0.5591397849462365 0.5572916666666666 0.5557795698924731 0.5345052083333334 0.5584677419354839 0.509765625 0.5625 0.3639322916666667 0.5641801075268817 0.3567708333333333 0.5661962365591398 0.3528645833333333 0.5675403225806451 0.3528645833333333 0.5695564516129032 0.361328125 0.573252688172043 0.3990885416666667 0.5799731182795699 0.49609375 0.5843413978494624 0.5234375 0.5843413978494624 0.5358072916666666 0.5843413978494624 0.544921875
11 0.5907258064516129 0.5423177083333334 0.5823252688172043 0.5475260416666666 0.5766129032258065 0.53125 0.5745967741935484 0.513671875 0.5793010752688172 0.4908854166666667 0.5877016129032258 0.4446614583333333 0.5877016129032258 0.408203125 0.5897177419354839 0.396484375 0.592741935483871 0.390625 0.5981182795698925 0.396484375 0.6011424731182796 0.4069010416666667 0.6071908602150538 0.45703125 0.6065188172043011 0.4908854166666667 0.6088709677419355 0.5286458333333334 0.6078629032258065 0.5436197916666666 0.604502688172043 0.5559895833333334 0.5967741935483871 0.56640625
12 0.616263440860215 0.544921875 0.6071908602150538 0.5423177083333334 0.6031586021505376 0.5423177083333334 0.5997983870967742 0.5260416666666666 0.5997983870967742 0.5123697916666666 0.6038306451612904 0.48828125 0.6102150537634409 0.41796875 0.614247311827957 0.396484375 0.6179435483870968 0.390625 0.6192876344086021 0.390625 0.6226478494623656 0.404296875 0.6263440860215054 0.4381510416666667 0.6290322580645161 0.4869791666666667 0.6323924731182796 0.5208333333333334 0.6323924731182796 0.5358072916666666 0.6263440860215054 0.5475260416666666 0.6219758064516129 0.5559895833333334
13 0.65625 0.5384114583333334 0.6485215053763441 0.548828125 0.6414650537634409 0.548828125 0.6317204301075269 0.5397135416666666 0.6276881720430108 0.5260416666666666 0.6270161290322581 0.5123697916666666 0.627442876344086 0.49834244791666665 0.6305772849462365 0.48155273437499996 0.6326055107526882 0.39188671875 0.6326055107526882 0.3818841145833333 0.6344492607526881 0.37152408854166663 0.6366619623655914 0.3650944010416666 0.6399805107526882 0.3636653645833334 0.6436683467741936 0.36580859374999997 0.647908938172043 0.37259635416666664 0.651596438172043 0.3858138020833333 0.6555779569892473 0.404296875 0.6596102150537635 0.439453125 0.6646505376344086 0.478515625 0.6723790322580645 0.5071614583333334 0.6723790322580645 0.5260416666666666 0.6706989247311828 0.5384114583333334 0.6639784946236559 0.544921875
14 0.697244623655914 0.5182291666666666 0.6888440860215054 0.5358072916666666 0.6834677419354839 0.5358072916666666 0.675739247311828 0.52734375 0.6723790322580645 0.509765625 0.6743951612903226 0.4856770833333333 0.6653225806451613 0.4140625 0.6646505376344086 0.3938802083333333 0.665994623655914 0.3880208333333333 0.6686827956989247 0.3880208333333333 0.6704845430107527 0.39357552083333336 0.6764112903225806 0.4231770833333333 0.6807795698924731 0.4381510416666667 0.6834677419354839 0.4290364583333333 0.6792100134408602 0.40308463541666667 0.6767560483870968 0.3925188802083333 0.6770833333333334 0.3854166666666667 0.6797715053763441 0.3815104166666667 0.6835725806451612 0.3845950520833334 0.6905241935483871 0.4069010416666667 0.6952284946236559 0.439453125 0.7040225134408602 0.4707057291666667 0.710013440860215 0.4895833333333333 0.7113575268817204 0.5071614583333334 0.7056451612903226 0.5234375
15 0.7281586021505376 0.4583333333333333 0.7163978494623656 0.4830729166666667 0.7063172043010753 0.484375 0.6989247311827957 0.4759114583333333 0.697244623655914 0.4368489583333333 0.6875 0.365234375 0.6881034946236559 0.35366276041666667 0.6905241935483871 0.3424479166666667 0.6928975134408603 0.33687239583333334 0.6965725806451613 0.3365885416666667 0.700088373655914 0.3372298177083333 0.7043010752688172 0.3424479166666667 0.7076478494623656 0.350447265625 0.7153897849462365 0.3828125 0.7254704301075269 0.4153645833333333 0.7321908602150538 0.4303385416666667 0.7335349462365591 0.4479166666666667 0.7335349462365591 0.4518229166666667
16 0.508736559139785 0.6477864583333334 0.508736559139785 0.6015625 0.511760752688172 0.6002604166666666 0.5278897849462365 0.6100260416666666 0.5285618279569892 0.6126302083333334 0.5292338709677419 0.6178385416666666 0.5255376344086021 0.6549479166666666 0.5272177419354839 0.7454427083333334 0.5262096774193549 0.7545572916666666 0.5241935483870968 0.755859375 0.5208333333333334 0.7584635416666666 0.5178091397849462 0.751953125
17 0.5325940860215054 0.642578125 0.5285618279569892 0.59375 0.5325940860215054 0.5885416666666666 0.5480510752688172 0.5885416666666666 0.550739247311828 0.5911458333333334 0.5520833333333334 0.5989583333333334 0.5520833333333334 0.6087239583333334 0.5493951612903226 0.6399739583333334 0.5480510752688172 0.7291666666666666 0.5473790322580645 0.7428385416666666 0.5453629032258065 0.7532552083333334 0.5423387096774194 0.7545572916666666 0.5396505376344086 0.7506510416666666
18 0.5534274193548387 0.6451822916666666 0.5520833333333334 0.6100260416666666 0.5534274193548387 0.6002604166666666 0.5618279569892473 0.5813802083333334 0.5661962365591398 0.580078125 0.5702284946236559 0.5826822916666666 0.5759408602150538 0.5989583333333334 0.5786290322580645 0.6126302083333334 0.5793010752688172 0.6236979166666666 0.5766129032258065 0.6516927083333334 0.5725806451612904 0.7805989583333334 0.5702284946236559 0.787109375 0.5675403225806451 0.7884114583333334 0.5648521505376344 0.7858072916666666
19 0.582997311827957 0.6640625 0.5786290322580645 0.6341145833333334 0.5843413978494624 0.62109375 0.592741935483871 0.607421875 0.5981182795698925 0.607421875 0.6065188172043011 0.62109375 0.6088709677419355 0.6315104166666666 0.6095430107526881 0.646484375 0.602486559139785 0.6692708333333334 0.594758064516129 0.76171875 0.592741935483871 0.7760416666666666 0.5897177419354839 0.7819010416666666 0.5877016129032258 0.7805989583333334 0.5856854838709677 0.7747395833333334
20 0.6078629032258065 0.66015625 0.6011424731182796 0.6341145833333334 0.6011424731182796 0.6236979166666666 0.602486559139785 0.6178385416666666 0.6058467741935484 0.6165364583333334 0.6115591397849462 0.6178385416666666 0.6219758064516129 0.607421875 0.6303763440860215 0.6100260416666666 0.633736559139785 0.62109375 0.6354166666666666 0.6328125 0.6317204301075269 0.6588541666666666 0.633736559139785 0.7395833333333334 0.6354166666666666 0.7630208333333334 0.6354166666666666 0.76953125 0.6330645161290323 0.7734375 0.6283602150537635 0.7734375 0.6253360215053764 0.7669270833333334
21 0.6387768817204301 0.6529947916666666 0.6276881720430108 0.62890625 0.6263440860215054 0.6126302083333334 0.6276881720430108 0.603515625 0.6303763440860215 0.6002604166666666 0.644489247311828 0.6048177083333334 0.6525537634408602 0.5885416666666666 0.6569220430107527 0.5872395833333334 0.6633064516129032 0.5885416666666666 0.6700268817204301 0.5885416666666666 0.6737231182795699 0.58984375 0.6764112903225806 0.5989583333333334 0.677755376344086 0.6087239583333334 0.6750672043010753 0.6399739583333334 0.6911962365591398 0.720703125 0.6918682795698925 0.7317708333333334 0.6905241935483871 0.7356770833333334 0.6841397849462365 0.7317708333333334 0.6666666666666666 0.6751302083333334 0.6639784946236559 0.6692708333333334 0.6616263440860215 0.6692708333333334 0.6596102150537635 0.6803385416666666 0.6626344086021505 0.7018229166666666 0.6673387096774194 0.7233072916666666 0.6743951612903226 0.7506510416666666 0.6737231182795699 0.7545572916666666 0.6693548387096774 0.755859375 0.6626344086021505 0.744140625 0.6542338709677419 0.7233072916666666
22 0.6790994623655914 0.63671875 0.668010752688172 0.6236979166666666 0.6666666666666666 0.6048177083333334 0.668010752688172 0.5911458333333334 0.6717069892473119 0.5826822916666666 0.6750672043010753 0.5696614583333334 0.6790994623655914 0.56640625 0.6875 0.56640625 0.6965725806451613 0.5546875 0.706989247311828 0.5611979166666666 0.7140456989247311 0.5748697916666666 0.717741935483871 0.5924479166666666 0.7147177419354839 0.619140625 0.7321908602150538 0.6868489583333334 0.7321908602150538 0.6940104166666666 0.7308467741935484 0.6966145833333334 0.7268145161290323 0.69921875 0.7231182795698925 0.6979166666666666 0.707997311827957 0.6438802083333334 0.7043010752688172 0.6399739583333334 0.7029569892473119 0.6451822916666666 0.7049731182795699 0.6529947916666666 0.7120295698924731 0.673828125 0.7224462365591398 0.69921875 0.7224462365591398 0.703125 0.719758064516129 0.708984375 0.7113575268817204 0.703125 0.7009408602150538 0.69140625
23 0.7575114247311827 0.6750325520833332 0.7463444220430108 0.6683098958333332 0.7338639112903225 0.6579485677083333 0.7218931451612902 0.6446263020833333 0.7162896505376344 0.6313046875 0.7137429435483872 0.6165026041666667 0.7147617607526882 0.5997272135416667 0.719600806451613 0.5918326822916666 0.724440188172043 0.5864055989583333 0.7259684139784947 0.5834446614583334 0.7274966397849463 0.5735768229166667 0.7305530913978495 0.5632154947916667 0.7394674059139785 0.5582819010416666 0.7522022849462366 0.56617578125 0.7575510752688173 0.5814713541666666 0.7641730510752689 0.600220703125 0.77003125 0.6150227864583333 0.7761441532258064 0.6243971354166666 0.7774176747311827 0.6406790364583334 0.7769082661290323 0.6530143229166666 0.7713047715053762 0.6564680989583334 0.766210685483871 0.6456132812500001 0.7623904569892472 0.6387057291666667 0.7588245967741936 0.6303177083333333 0.7529663978494624 0.6268639322916667 0.7506740591397849 0.6308111979166667 0.7547493279569892 0.6421595052083333 0.759334005376344 0.6475872395833333 0.7641730510752689 0.6554811197916667 0.7677389112903227 0.6618951822916667 0.7679936155913979 0.6712701822916666 0.7616263440860215 0.6752174479166667 0.7595887096774194 0.6752174479166667
24 0.4879032258064516 0.6477864583333334 0.48723118279569894 0.59765625 0.4899193548387097 0.59765625 0.508736559139785 0.6015625 0.5104166666666666 0.6100260416666666 0.5033602150537635 0.6549479166666666 0.5040322580645161 0.7317708333333334 0.5033602150537635 0.7428385416666666 0.5006720430107527 0.748046875 0.49764784946236557 0.748046875 0.49361559139784944 0.7428385416666666
25 0.4643817204301075 0.642578125 0.4593413978494624 0.611328125 0.4627016129032258 0.6002604166666666 0.46975806451612906 0.5963541666666666 0.4825268817204301 0.5963541666666666 0.48655913978494625 0.5989583333333334 0.489247311827957 0.611328125 0.4852150537634409 0.6451822916666666 0.48723118279569894 0.748046875 0.48588709677419356 0.76171875 0.4838709677419355 0.7643229166666666 0.4808467741935484 0.7643229166666666 0.4754704301075269 0.755859375
26 0.43548387096774194 0.6477864583333334 0.43481182795698925 0.6236979166666666 0.4405241935483871 0.6002604166666666 0.4469086021505376 0.5911458333333334 0.45094086021505375 0.5911458333333334 0.4566532258064516 0.5989583333333334 0.4627016129032258 0.6178385416666666 0.4627016129032258 0.6315104166666666 0.46068548387096775 0.6588541666666666 0.4573252688172043 0.755859375 0.45161290322580644 0.783203125 0.448252688172043 0.787109375 0.44455645161290325 0.7845052083333334 0.4405241935483871 0.7721354166666666
27 0.40423387096774194 0.6666666666666666 0.4022177419354839 0.6451822916666666 0.40356182795698925 0.6302083333333334 0.40826612903225806 0.615234375 0.41263440860215056 0.6087239583333334 0.41868279569892475 0.6087239583333334 0.42506720430107525 0.6236979166666666 0.4307795698924731 0.6315104166666666 0.4334677419354839 0.6399739583333334 0.4334677419354839 0.650390625 0.4264112903225806 0.6764322916666666 0.41801075268817206 0.7669270833333334 0.4153225806451613 0.7805989583333334 0.41263440860215056 0.7819010416666666 0.40961021505376344 0.7779947916666666 0.4075940860215054 0.7721354166666666
28 0.3790322580645161 0.6588541666666666 0.3756720430107527 0.6315104166666666 0.3756720430107527 0.6178385416666666 0.3803763440860215 0.607421875 0.384744623655914 0.607421875 0.3971774193548387 0.6165364583333334 0.4075940860215054 0.6100260416666666 0.4112903225806452 0.6165364583333334 0.41397849462365593 0.6236979166666666 0.41330645161290325 0.6451822916666666 0.4015456989247312 0.66796875 0.3887768817204301 0.7734375 0.3860887096774194 0.7858072916666666 0.384744623655914 0.7884114583333334 0.3817204301075269 0.787109375 0.3797043010752688 0.7747395833333334
29 0.3323252688172043 0.6399739583333334 0.33098118279569894 0.5989583333333334 0.33803763440860213 0.5924479166666666 0.34274193548387094 0.5950520833333334 0.3551747311827957 0.5924479166666666 0.365255376344086 0.6100260416666666 0.3810483870967742 0.5989583333333334 0.384744623655914 0.6100260416666666 0.3854166666666667 0.62109375 0.38239247311827956 0.6399739583333334 0.36928763440860213 0.6640625 0.3581989247311828 0.7278645833333334 0.3400537634408602 0.7584635416666666 0.3370295698924731 0.7630208333333334 0.3343413978494624 0.7584635416666666 0.33568548387096775 0.7532552083333334 0.3484543010752688 0.720703125 0.3497983870967742 0.6881510416666666 0.3491263440860215 0.677734375 0.34475806451612906 0.6751302083333334 0.34139784946236557 0.6803385416666666 0.3370295698924731 0.69921875 0.3316532258064516 0.7317708333333334 0.32661290322580644 0.7454427083333334 0.3245967741935484 0.7467447916666666 0.3219086021505376 0.7428385416666666
30 0.2825940860215054 0.6165364583333334 0.2819220430107527 0.59375 0.28696236559139787 0.5774739583333334 0.2973790322580645 0.56640625 0.3057795698924731 0.580078125 0.3161962365591398 0.5774739583333334 0.3225806451612903 0.5859375 0.3272849462365591 0.5924479166666666 0.3323252688172043 0.5989583333333334 0.33501344086021506 0.6100260416666666 0.33568548387096775 0.62109375 0.3336693548387097 0.6315104166666666 0.3175403225806452 0.6549479166666666 0.31216397849462363 0.6881510416666666 0.290994623655914 0.734375 0.28125 0.7454427083333334 0.27856182795698925 0.7428385416666666 0.27856182795698925 0.7356770833333334 0.29401881720430106 0.7018229166666666 0.30073924731182794 0.673828125 0.29939516129032256 0.66015625 0.2980510752688172 0.66015625 0.2916666666666667 0.6725260416666666 0.2752016129032258 0.712890625 0.2701612903225806 0.7265625 0.2668010752688172 0.7265625 0.2651209677419355 0.716796875 0.2799059139784946 0.6477864583333334
31 0.20726209677419355 0.6674817708333333 0.21135987903225806 0.6464329427083334 0.22252452956989247 0.62789453125 0.22770833333333332 0.6248046875000001 0.23089818548387098 0.6209427083333333 0.23488575268817205 0.6054934895833334 0.24046807795698927 0.5877278645833334 0.2508353494623656 0.5823209635416667 0.26399395161290323 0.5892727864583334 0.26678494623655913 0.6039485677083333 0.26678494623655913 0.6147630208333333 0.2695762768817204 0.6224876302083333 0.2747597446236559 0.6271217447916667 0.27794959677419356 0.63407421875 0.2799435483870968 0.6433430989583333 0.27794959677419356 0.6603365885416667 0.2695762768817204 0.6765579427083334 0.25243044354838706 0.6850546875 0.24684778225806453 0.6935514322916667 0.2352842741935484 0.7020481770833333 0.22890456989247313 0.7051380208333334 0.21853729838709676 0.7020481770833333 0.21016364247311828 0.695869140625 0.20856888440860216 0.6920065104166667 0.2105625 0.6850546875 0.21734106182795698 0.68196484375 0.22411962365591398 0.678875 0.22930342741935486 0.6726959635416666 0.22970194892473117 0.6711510416666666 0.2304996639784946 0.665744140625 0.22987432795698926 0.659658203125 0.22677452956989247 0.661802734375 0.22367473118279568 0.666091796875 0.22101780913978494 0.67166796875 0.21836122311827955 0.674669921875 0.21459711021505376 0.6776725260416666 0.20950470430107526 0.6781015625000001 0.20729065860215054 0.678958984375 0.20618380376344084 0.67595703125 0.20574092741935482 0.6712389322916666
