0 0.4845430107526882 0.3587239583333333 0.48588709677419356 0.3391927083333333 0.489247311827957 0.3326822916666667 0.4915994623655914 0.3313802083333333 0.4949596774193548 0.3411458333333333 0.49831989247311825 0.3841145833333333 0.5040322580645161 0.509765625 0.5053763440860215 0.5286458333333334 0.5053763440860215 0.5358072916666666 0.5033602150537635 0.5397135416666666 0.4788306451612903 0.5299479166666666 0.47614247311827956 0.5208333333333334
1 0.4543010752688172 0.44921875 0.4586693548387097 0.3704427083333333 0.46135752688172044 0.34765625 0.4657258064516129 0.3424479166666667 0.46975806451612906 0.3424479166666667 0.4741263440860215 0.3528645833333333 0.4754704301075269 0.3880208333333333 0.4741263440860215 0.4557291666666667 0.4741263440860215 0.513671875 0.4741263440860215 0.5208333333333334 0.46841397849462363 0.5247395833333334 0.4529569892473118 0.515625 0.45094086021505375 0.4993489583333333
2 0.43783602150537637 0.513671875 0.4321236559139785 0.5247395833333334 0.4264112903225806 0.5247395833333334 0.4230510752688172 0.515625 0.4210349462365591 0.4934895833333333 0.4264112903225806 0.4446614583333333 0.427755376344086 0.3235677083333333 0.427755376344086 0.2623697916666667 0.43010752688172044 0.255859375 0.4327956989247312 0.2545572916666667 0.43850806451612906 0.259765625 0.44388440860215056 0.2897135416666667 0.45161290322580644 0.3717447916666667 0.45026881720430106 0.4446614583333333 0.45026881720430106 0.501953125 0.44623655913978494 0.5169270833333334
3 0.4210349462365591 0.5032552083333334 0.41397849462365593 0.5123697916666666 0.40288978494623656 0.513671875 0.3971774193548387 0.501953125 0.3971774193548387 0.4830729166666667 0.40423387096774194 0.4446614583333333 0.4055779569892473 0.333984375 0.4075940860215054 0.302734375 0.4112903225806452 0.294921875 0.41397849462365593 0.2936197916666667 0.4173387096774194 0.298828125 0.4264112903225806 0.390625 0.427755376344086 0.4505208333333333 0.4307795698924731 0.474609375 0.4307795698924731 0.4869791666666667 0.42573924731182794 0.4993489583333333 0.41801075268817206 0.501953125
4 0.396505376344086 0.5006510416666666 0.38810483870967744 0.5084635416666666 0.38239247311827956 0.5084635416666666 0.37768817204301075 0.4947916666666667 0.3763440860215054 0.48828125 0.3817204301075269 0.4329427083333333 0.3817204301075269 0.326171875 0.3817204301075269 0.291015625 0.384744623655914 0.2701822916666667 0.38743279569892475 0.2701822916666667 0.39448924731182794 0.291015625 0.4015456989247312 0.4342447916666667 0.40625 0.474609375 0.40423387096774194 0.48828125 0.39852150537634407 0.4908854166666667
6 0.3050359543010753 0.4104772135416667 0.3091639784946237 0.3396360677083334 0.3109331317204301 0.30821484375 0.3136717069892473 0.2928033854166667 0.3177039650537634 0.28629296875 0.32106418010752685 0.28629296875 0.324088373655914 0.2888971354166667 0.32597110215053765 0.2967890625 0.3275930779569893 0.307072265625 0.33181686827956985 0.3618138020833333 0.33584912634408604 0.41324609375 0.3385372983870968 0.4360325520833333 0.3385372983870968 0.4536106770833333 0.3371932123655914 0.4646783854166667 0.3287926747311828 0.46988671875 0.32199059139784947 0.4698919270833333 0.31181787634408603 0.46932096354166664 0.30636290322580645 0.47046354166666665 0.3016451612903226 0.4596087239583333 0.2995809811827957 0.4467545572916667
7 0.2772177419354839 0.4446614583333333 0.2708333333333333 0.4407552083333333 0.26948924731182794 0.4231770833333333 0.26948924731182794 0.4095052083333333 0.2772177419354839 0.37890625 0.2799059139784946 0.2962239583333333 0.2825940860215054 0.28515625 0.2856182795698925 0.28515625 0.28763440860215056 0.28515625 0.2933467741935484 0.294921875 0.2980510752688172 0.3313802083333333 0.2980510752688172 0.3951822916666667 0.30073924731182794 0.4114583333333333 0.30073924731182794 0.4368489583333333 0.29401881720430106 0.44921875 0.28897849462365593 0.44921875
8 0.511760752688172 0.4694010416666667 0.5171370967741935 0.3528645833333333 0.5188172043010753 0.3424479166666667 0.5235215053763441 0.337890625 0.5278897849462365 0.3391927083333333 0.5319220430107527 0.3502604166666667 0.5332661290322581 0.4694010416666667 0.5362903225806451 0.5110677083333334 0.5362903225806451 0.53125 0.5332661290322581 0.544921875 0.509744623655914 0.544921875 0.5073924731182796 0.5345052083333334 0.5060483870967742 0.5182291666666666
9 0.5403225806451613 0.4557291666666667 0.5403225806451613 0.3717447916666667 0.5436827956989247 0.34765625 0.5480510752688172 0.333984375 0.550739247311828 0.3365885416666667 0.5551075268817204 0.404296875 0.5584677419354839 0.45703125 0.5611559139784946 0.4993489583333333 0.5625 0.5247395833333334 0.5598118279569892 0.5345052083333334 0.543010752688172 0.5397135416666666 0.5376344086021505 0.5299479166666666
10 0.5668682795698925 0.4505208333333333 0.5752688172043011 0.3802083333333333 0.5786290322580645 0.3365885416666667 0.5806451612903226 0.3072916666666667 0.582997311827957 0.291015625 0.5863575268817204 0.28515625 0.5877016129032258 0.28515625 0.5907258064516129 0.2884114583333333 0.5934139784946236 0.3072916666666667 0.5954301075268817 0.3854166666666667 0.5934139784946236 0.4609375 0.5934139784946236 0.5084635416666666 0.5890456989247311 0.53125 0.5836693548387096 0.537109375 0.5766129032258065 0.5397135416666666 0.5661962365591398 0.53125 0.5625 0.515625
11 0.6155913978494624 0.5123697916666666 0.614247311827957 0.5234375 0.6071908602150538 0.5299479166666666 0.6004704301075269 0.5286458333333334 0.5890456989247311 0.5071614583333334 0.5843413978494624 0.5045572916666666 0.5836693548387096 0.4856770833333333 0.5890456989247311 0.4407552083333333 0.5987903225806451 0.3313802083333333 0.602486559139785 0.31640625 0.604502688172043 0.3125 0.6065188172043011 0.3125 0.6088709677419355 0.3138020833333333 0.6129032258064516 0.3203125 0.6155913978494624 0.3450520833333333 0.6108870967741935 0.462890625 0.616263440860215 0.4934895833333333 0.6169354838709677 0.509765625
12 0.6374327956989247 0.5084635416666666 0.6323924731182796 0.5234375 0.6283602150537635 0.5260416666666666 0.6169354838709677 0.5071614583333334 0.6115591397849462 0.501953125 0.6095430107526881 0.4895833333333333 0.6095430107526881 0.4759114583333333 0.6155913978494624 0.4466145833333333 0.6199596774193549 0.3424479166666667 0.6199596774193549 0.3151041666666667 0.6219758064516129 0.3098958333333333 0.6246639784946236 0.3098958333333333 0.6283602150537635 0.3111979166666667 0.6323924731182796 0.3411458333333333 0.633736559139785 0.4479166666666667 0.6381048387096774 0.4830729166666667 0.6394489247311828 0.4993489583333333
13 0.6401209677419355 0.41796875 0.6421370967741935 0.3274739583333333 0.6428091397849462 0.3098958333333333 0.644489247311828 0.3059895833333333 0.646505376344086 0.3072916666666667 0.6485215053763441 0.31640625 0.6498655913978495 0.3326822916666667 0.6505376344086021 0.3938802083333333 0.6518817204301075 0.4029947916666667 0.6560157930107527 0.39837565104166667 0.6589358198924731 0.37810351562500005 0.6616263440860215 0.3450520833333333 0.6633064516129032 0.326171875 0.665994623655914 0.3203125 0.668010752688172 0.31640625 0.6717069892473119 0.3177083333333333 0.6737231182795699 0.326171875 0.6737231182795699 0.3528645833333333 0.668010752688172 0.4153645833333333 0.6730510752688172 0.4641927083333333 0.675739247311828 0.49609375 0.6730510752688172 0.515625 0.6602822580645161 0.51953125 0.6505376344086021 0.515625 0.6421370967741935 0.5071614583333334 0.6310483870967742 0.4934895833333333 0.6283602150537635 0.466796875
14 0.6770833333333334 0.4205729166666667 0.6814516129032258 0.3763020833333333 0.6827956989247311 0.3235677083333333 0.6834677419354839 0.3151041666666667 0.6841397849462365 0.3111979166666667 0.6868279569892473 0.3111979166666667 0.6881720430107527 0.3203125 0.6898521505376344 0.35546875 0.6905241935483871 0.3841145833333333 0.6881720430107527 0.3098958333333333 0.6889193548387097 0.303359375 0.6911962365591398 0.3001302083333333 0.6932123655913979 0.302734375 0.6965725806451613 0.3177083333333333 0.7009408602150538 0.3704427083333333 0.7029569892473119 0.4114583333333333 0.7063172043010753 0.4446614583333333 0.7093413978494624 0.466796875 0.706989247311828 0.4817708333333333 0.7029569892473119 0.4856770833333333 0.6945564516129032 0.48828125 0.6848118279569892 0.48828125 0.6790994623655914 0.4856770833333333 0.6723790322580645 0.4733072916666667 0.6717069892473119 0.4479166666666667
15 0.7328629032258065 0.4446614583333333 0.7261424731182796 0.4583333333333333 0.7211021505376344 0.4596354166666667 0.7106854838709677 0.45703125 0.7049731182795699 0.443359375 0.7036290322580645 0.4290364583333333 0.7049731182795699 0.4016927083333333 0.7049731182795699 0.35546875 0.7086693548387096 0.3125 0.7127016129032258 0.2962239583333333 0.7163978494623656 0.291015625 0.7190860215053764 0.291015625 0.719758064516129 0.2962239583333333 0.7254704301075269 0.3489583333333333 0.7315188172043011 0.396484375 0.7372311827956989 0.4166666666666667 0.7372311827956989 0.4342447916666667
16 0.4956317204301075 0.5559895833333334 0.49428763440860213 0.5071614583333334 0.5151209677419355 0.509765625 0.5124327956989247 0.55859375 0.5110887096774194 0.6061197916666666 0.5110887096774194 0.6438802083333334 0.5110887096774194 0.6549479166666666 0.5104166666666666 0.6614583333333334 0.5067204301075269 0.6640625 0.5033602150537635 0.6516927083333334 0.49831989247311825 0.62109375
17 0.5164650537634409 0.5520833333333334 0.5151209677419355 0.509765625 0.5178091397849462 0.5084635416666666 0.5346102150537635 0.5110677083333334 0.5383064516129032 0.5123697916666666 0.5389784946236559 0.51953125 0.5389784946236559 0.53125 0.5332661290322581 0.56640625 0.53125 0.607421875 0.5292338709677419 0.6614583333333334 0.5292338709677419 0.685546875 0.5262096774193549 0.69140625 0.5228494623655914 0.6881510416666666 0.5171370967741935 0.66796875
18 0.5389784946236559 0.5885416666666666 0.5362903225806451 0.5611979166666666 0.5383064516129032 0.55078125 0.543010752688172 0.537109375 0.5443548387096774 0.5345052083333334 0.5493951612903226 0.5345052083333334 0.5564516129032258 0.5345052083333334 0.5625 0.5397135416666666 0.5648521505376344 0.5611979166666666 0.5618279569892473 0.5911458333333334 0.5655241935483871 0.6341145833333334 0.5675403225806451 0.6829427083333334 0.5675403225806451 0.7180989583333334 0.5661962365591398 0.7317708333333334 0.5625 0.7369791666666666 0.5584677419354839 0.7317708333333334 0.5493951612903226 0.7057291666666666
19 0.5655241935483871 0.5885416666666666 0.5625 0.56640625 0.5611559139784946 0.5520833333333334 0.5648521505376344 0.541015625 0.5688844086021505 0.5397135416666666 0.5745967741935484 0.5397135416666666 0.5806451612903226 0.537109375 0.585013440860215 0.541015625 0.5897177419354839 0.5533854166666666 0.5907258064516129 0.572265625 0.5883736559139785 0.5963541666666666 0.5890456989247311 0.6412760416666666 0.5920698924731183 0.6842447916666666 0.5934139784946236 0.7154947916666666 0.594758064516129 0.7252604166666666 0.5940860215053764 0.7291666666666666 0.592741935483871 0.7317708333333334 0.5883736559139785 0.7317708333333334 0.5806451612903226 0.7115885416666666
20 0.5897177419354839 0.583984375 0.5816532258064516 0.55859375 0.5816532258064516 0.544921875 0.5836693548387096 0.5345052083333334 0.585013440860215 0.53125 0.5890456989247311 0.53125 0.5987903225806451 0.53125 0.6058467741935484 0.533203125 0.6088709677419355 0.537109375 0.6115591397849462 0.548828125 0.6129032258064516 0.5774739583333334 0.6149193548387096 0.6178385416666666 0.6206317204301075 0.6640625 0.6283602150537635 0.7076822916666666 0.6297043010752689 0.7154947916666666 0.6303763440860215 0.7278645833333334 0.6283602150537635 0.7291666666666666 0.6213037634408602 0.7194010416666666 0.6108870967741935 0.6940104166666666 0.6004704301075269 0.6451822916666666
21 0.6179435483870968 0.5774739583333334 0.614247311827957 0.5638020833333334 0.6051747311827957 0.541015625 0.604502688172043 0.5234375 0.604502688172043 0.5169270833333334 0.6088709677419355 0.5110677083333334 0.6155913978494624 0.505859375 0.6270161290322581 0.5110677083333334 0.6344086021505376 0.5071614583333334 0.6451612903225806 0.5071614583333334 0.6491935483870968 0.509765625 0.6518817204301075 0.515625 0.6555779569892473 0.5260416666666666 0.65625 0.5358072916666666 0.65625 0.5611979166666666 0.6596102150537635 0.5826822916666666 0.6633064516129032 0.615234375 0.6743951612903226 0.6516927083333334 0.6790994623655914 0.6666666666666666 0.6797715053763441 0.6705729166666666 0.6797715053763441 0.677734375 0.6764112903225806 0.6790364583333334 0.665994623655914 0.6653645833333334 0.6471774193548387 0.6100260416666666 0.6428091397849462 0.603515625 0.6394489247311828 0.603515625 0.636760752688172 0.607421875 0.6407930107526881 0.6412760416666666 0.6505376344086021 0.6829427083333334 0.6518817204301075 0.6979166666666666 0.6491935483870968 0.7018229166666666 0.6428091397849462 0.6940104166666666 0.6344086021505376 0.6705729166666666
22 0.6665527553763441 0.5755078125 0.6561360887096774 0.5520703125 0.6504237231182796 0.5318880208333333 0.6497516801075269 0.5169140625 0.6510957661290323 0.5104036458333333 0.6581522177419356 0.5025911458333333 0.6685688844086022 0.5077994791666667 0.6736092069892473 0.4941276041666667 0.6803296370967742 0.4915234375 0.6930984543010753 0.5012890625 0.6964586693548387 0.5091015625 0.6984747983870968 0.5481640625 0.7085554435483871 0.5859244791666667 0.7183000672043011 0.6184765625 0.7236764112903226 0.6399609375 0.7267006048387097 0.6497265625 0.7250204973118279 0.6536328125 0.7189721102150538 0.6497265625 0.6957866263440861 0.5943880208333333 0.6917543682795699 0.5891796875 0.6924264112903226 0.6022005208333333 0.7125877016129032 0.6620963541666667 0.7125877016129032 0.6686067708333333 0.7125877016129032 0.6725130208333333 0.7085554435483871 0.6725130208333333 0.6971307123655914 0.6562369791666667
23 0.7049731182795699 0.5345052083333334 0.6932123655913979 0.513671875 0.6881720430107527 0.49609375 0.6881720430107527 0.4830729166666667 0.6925403225806451 0.4720052083333333 0.6952284946236559 0.470703125 0.7022849462365591 0.474609375 0.7093413978494624 0.470703125 0.7147177419354839 0.462890625 0.7190860215053764 0.4596354166666667 0.7231182795698925 0.4596354166666667 0.729502688172043 0.4694010416666667 0.7358870967741935 0.5208333333333334 0.7540322580645161 0.5859375 0.7567204301075269 0.6002604166666666 0.7567204301075269 0.6048177083333334 0.7526881720430108 0.6048177083333334 0.7345430107526881 0.5625 0.7315188172043011 0.5559895833333334 0.7288306451612904 0.5533854166666666 0.7261424731182796 0.5533854166666666 0.7261424731182796 0.5611979166666666 0.7419354838709677 0.59375 0.7496639784946236 0.6048177083333334 0.7503360215053764 0.615234375 0.7463037634408602 0.615234375 0.7268145161290323 0.5950520833333334 0.7163978494623656 0.5774739583333334
24 0.48418212365591395 0.5292838541666667 0.5016552419354838 0.5331901041666667 0.4972869623655914 0.5820182291666667 0.49459879032258064 0.6295442708333333 0.4912385752688172 0.6562369791666667 0.486198252688172 0.6699088541666667 0.48351008064516127 0.6699088541666667 0.4821659946236559 0.6523307291666667
25 0.46774193548387094 0.52734375 0.46975806451612906 0.5208333333333334 0.4838709677419355 0.5234375 0.4899193548387097 0.5260416666666666 0.4915994623655914 0.533203125 0.48151881720430106 0.5774739583333334 0.4754704301075269 0.62890625 0.46908602150537637 0.6640625 0.4627016129032258 0.6829427083333334 0.457997311827957 0.6881510416666666 0.4566532258064516 0.6842447916666666 0.4566532258064516 0.6725260416666666 0.46407862903225805 0.6041790364583334
26 0.43918010752688175 0.5696614583333334 0.43918010752688175 0.544921875 0.43985215053763443 0.5345052083333334 0.4418682795698925 0.52734375 0.4475806451612903 0.5208333333333334 0.45161290322580644 0.5221354166666666 0.4586693548387097 0.5221354166666666 0.4657258064516129 0.52734375 0.46774193548387094 0.5397135416666666 0.4620295698924731 0.56640625 0.4593413978494624 0.5787760416666666 0.45094086021505375 0.650390625 0.43985215053763443 0.7044270833333334 0.43413978494623656 0.7233072916666666 0.42876344086021506 0.7278645833333334 0.42506720430107525 0.7265625 0.42439516129032256 0.712890625 0.4321236559139785 0.6451822916666666
27 0.4106182795698925 0.5826822916666666 0.4106182795698925 0.5475260416666666 0.4106182795698925 0.541015625 0.41397849462365593 0.5358072916666666 0.4210349462365591 0.5286458333333334 0.42876344086021506 0.52734375 0.4321236559139785 0.5286458333333334 0.43548387096774194 0.53125 0.43850806451612906 0.537109375 0.43985215053763443 0.5559895833333334 0.43481182795698925 0.568359375 0.4314516129032258 0.5826822916666666 0.4270833333333333 0.6048177083333334 0.4210349462365591 0.6529947916666666 0.41330645161290325 0.6953125 0.40893817204301075 0.7154947916666666 0.40423387096774194 0.7265625 0.4015456989247312 0.7233072916666666 0.40053763440860213 0.7180989583333334 0.4055779569892473 0.6692708333333334
28 0.38676075268817206 0.5638020833333334 0.3924731182795699 0.52734375 0.396505376344086 0.5169270833333334 0.4022177419354839 0.513671875 0.40893817204301075 0.5169270833333334 0.41397849462365593 0.5208333333333334 0.41801075268817206 0.5221354166666666 0.4230510752688172 0.5286458333333334 0.42573924731182794 0.5345052083333334 0.42439516129032256 0.544921875 0.4217069892473118 0.5559895833333334 0.4112903225806452 0.5885416666666666 0.40356182795698925 0.62109375 0.3894489247311828 0.6666666666666666 0.3763440860215054 0.69921875 0.3665994623655914 0.7102864583333334 0.3635752688172043 0.7076822916666666 0.3713037634408602 0.677734375
29 0.3484543010752688 0.5423177083333334 0.3504704301075269 0.515625 0.35114247311827956 0.5032552083333334 0.35618279569892475 0.4993489583333333 0.3659274193548387 0.4895833333333333 0.3713037634408602 0.4895833333333333 0.3797043010752688 0.4934895833333333 0.396505376344086 0.4934895833333333 0.40053763440860213 0.5006510416666666 0.40356182795698925 0.5110677083333334 0.39919354838709675 0.5299479166666666 0.38239247311827956 0.56640625 0.3743279569892473 0.62890625 0.364247311827957 0.6640625 0.354502688172043 0.6829427083333334 0.3504704301075269 0.685546875 0.3484543010752688 0.681640625 0.3531586021505376 0.6614583333333334 0.36223118279569894 0.607421875 0.3629032258064516 0.5911458333333334 0.36223118279569894 0.5787760416666666 0.3575268817204301 0.5787760416666666 0.3497983870967742 0.5989583333333334 0.33803763440860213 0.6315104166666666 0.32963709677419356 0.650390625 0.32526881720430106 0.6529947916666666 0.32526881720430106 0.6354166666666666
30 0.3024193548387097 0.5208333333333334 0.3057795698924731 0.4817708333333333 0.31048387096774194 0.4733072916666667 0.3168682795698925 0.466796875 0.32123655913978494 0.466796875 0.3323252688172043 0.48046875 0.34475806451612906 0.4856770833333333 0.3504704301075269 0.4934895833333333 0.35114247311827956 0.5006510416666666 0.35114247311827956 0.5182291666666666 0.33803763440860213 0.55078125 0.3175403225806452 0.6061197916666666 0.2987231182795699 0.6399739583333334 0.2916666666666667 0.642578125 0.29469086021505375 0.6302083333333334 0.3057795698924731 0.5989583333333334 0.30981182795698925 0.580078125 0.31149193548387094 0.56640625 0.31149193548387094 0.5559895833333334 0.3024193548387097 0.5872395833333334 0.29469086021505375 0.62109375 0.28763440860215056 0.6315104166666666 0.2819220430107527 0.6328125 0.2819220430107527 0.6263020833333334 0.2862903225806452 0.5989583333333334
