0 0.5137768817204301 0.5963541666666666 0.4905913978494624 0.5963541666666666 0.4852150537634409 0.5911458333333334 0.479502688172043 0.572265625 0.479502688172043 0.5475260416666666 0.4845430107526882 0.51953125 0.489247311827957 0.4153645833333333 0.49227150537634407 0.4016927083333333 0.49899193548387094 0.408203125 0.5047043010752689 0.4446614583333333 0.5073924731182796 0.5234375 0.5151209677419355 0.5735677083333334
1 0.4734543010752688 0.5872395833333334 0.46068548387096775 0.5859375 0.4543010752688172 0.5787760416666666 0.4489247311827957 0.5651041666666666 0.4475806451612903 0.5475260416666666 0.45530913978494625 0.515625 0.46774193548387094 0.400390625 0.47043010752688175 0.3938802083333333 0.4754704301075269 0.3977864583333333 0.4781586021505376 0.4140625 0.4754704301075269 0.5234375 0.47681451612903225 0.5533854166666666 0.47681451612903225 0.56640625
2 0.44623655913978494 0.568359375 0.43783602150537637 0.5813802083333334 0.4307795698924731 0.5826822916666666 0.42573924731182794 0.5826822916666666 0.41801075268817206 0.5651041666666666 0.4166666666666667 0.5436197916666666 0.4166666666666667 0.5345052083333334 0.4210349462365591 0.5045572916666666 0.42439516129032256 0.3815104166666667 0.42439516129032256 0.3541666666666667 0.42506720430107525 0.3450520833333333 0.42876344086021506 0.3391927083333333 0.4321236559139785 0.3424479166666667 0.43850806451612906 0.3639322916666667 0.44623655913978494 0.5071614583333334 0.4495967741935484 0.537109375 0.4495967741935484 0.5546875
3 0.41397849462365593 0.55078125 0.4069220430107527 0.5651041666666666 0.39852150537634407 0.568359375 0.3907930107526882 0.56640625 0.38676075268817206 0.5533854166666666 0.38676075268817206 0.533203125 0.39448924731182794 0.5045572916666666 0.40053763440860213 0.3977864583333333 0.40053763440860213 0.3815104166666667 0.40288978494623656 0.3743489583333333 0.4069220430107527 0.37890625 0.4112903225806452 0.400390625 0.4146505376344086 0.4993489583333333 0.41868279569892475 0.5397135416666666
4 0.3834005376344086 0.5436197916666666 0.3706317204301075 0.5546875 0.3635752688172043 0.5533854166666666 0.3588709677419355 0.5384114583333334 0.3581989247311828 0.5247395833333334 0.3635752688172043 0.4993489583333333 0.3719758064516129 0.38671875 0.3743279569892473 0.3763020833333333 0.37768817204301075 0.3743489583333333 0.3810483870967742 0.3776041666666667 0.3854166666666667 0.4095052083333333 0.384744623655914 0.49609375 0.38810483870967744 0.5234375 0.38743279569892475 0.5397135416666666
5 0.3393817204301075 0.5397135416666666 0.332997311827957 0.5423177083333334 0.32661290322580644 0.5423177083333334 0.32123655913978494 0.5234375 0.32056451612903225 0.509765625 0.3245967741935484 0.4934895833333333 0.3245967741935484 0.4290364583333333 0.3239247311827957 0.4069010416666667 0.32594086021505375 0.4016927083333333 0.3279569892473118 0.404296875 0.33098118279569894 0.41796875 0.33568548387096775 0.44921875 0.3370295698924731 0.4518229166666667 0.33803763440860213 0.44921875 0.3343413978494624 0.4095052083333333 0.3343413978494624 0.4016927083333333 0.33571202956989243 0.3966842447916667 0.33830040322580646 0.39467838541666667 0.34139784946236557 0.396484375 0.34274193548387094 0.4029947916666667 0.3504704301075269 0.4446614583333333 0.3538306451612903 0.484375 0.3635752688172043 0.5123697916666666 0.365255376344086 0.53125 0.34711021505376344 0.5533854166666666
6 0.2967069892473118 0.5286458333333334 0.2903225806451613 0.533203125 0.2856182795698925 0.533203125 0.2805779569892473 0.5234375 0.2799059139784946 0.505859375 0.2856182795698925 0.4772135416666667 0.2896505376344086 0.4153645833333333 0.2896505376344086 0.4016927083333333 0.2896505376344086 0.3743489583333333 0.29067439516129034 0.3600748697916667 0.29209778225806454 0.35455859375 0.2967069892473118 0.3528645833333333 0.2987231182795699 0.3528645833333333 0.3014112903225806 0.3600260416666667 0.3064516129032258 0.390625 0.3168682795698925 0.48046875 0.31955645161290325 0.5045572916666666 0.31955645161290325 0.5208333333333334 0.3161962365591398 0.53125 0.31418010752688175 0.537109375 0.31216397849462363 0.537109375 0.3057795698924731 0.537109375
8 0.5473790322580645 0.5885416666666666 0.5352822580645161 0.59375 0.5272177419354839 0.5963541666666666 0.521505376344086 0.5826822916666666 0.521505376344086 0.5696614583333334 0.5235215053763441 0.51953125 0.5272177419354839 0.4127604166666667 0.5285618279569892 0.3990885416666667 0.53125 0.396484375 0.5339381720430108 0.3951822916666667 0.5369623655913979 0.4095052083333333 0.5436827956989247 0.5208333333333334 0.5493951612903226 0.5559895833333334 0.5493951612903226 0.5709635416666666 0.5480510752688172 0.5826822916666666
9 0.5725806451612904 0.5709635416666666 0.5571236559139785 0.5813802083333334 0.5534274193548387 0.576171875 0.5514112903225806 0.5520833333333334 0.5551075268817204 0.5169270833333334 0.5564516129032258 0.4557291666666667 0.5618279569892473 0.4140625 0.5648521505376344 0.4016927083333333 0.5661962365591398 0.400390625 0.5702284946236559 0.4016927083333333 0.5715725806451613 0.4205729166666667 0.5715725806451613 0.5221354166666666 0.5752688172043011 0.5436197916666666 0.5759408602150538 0.5559895833333334 0.5759408602150538 0.56640625
10 0.592741935483871 0.5813802083333334 0.5779569892473119 0.56640625 0.5766129032258065 0.5572916666666666 0.5766129032258065 0.544921875 0.5799731182795699 0.5169270833333334 0.5856854838709677 0.3854166666666667 0.5907258064516129 0.3678385416666667 0.5940860215053764 0.365234375 0.5954301075268817 0.3717447916666667 0.5981182795698925 0.42578125 0.5974462365591398 0.51953125 0.602486559139785 0.5462239583333334 0.6031586021505376 0.5533854166666666 0.6031586021505376 0.5598958333333334
11 0.6135752688172043 0.5572916666666666 0.6078629032258065 0.5611979166666666 0.602486559139785 0.5423177083333334 0.6038306451612904 0.5234375 0.6095430107526881 0.501953125 0.6071908602150538 0.439453125 0.6102150537634409 0.3854166666666667 0.6135752688172043 0.3743489583333333 0.616263440860215 0.3743489583333333 0.6192876344086021 0.3893229166666667 0.6276881720430108 0.5045572916666666 0.6344086021505376 0.5397135416666666 0.6344086021505376 0.5533854166666666 0.6253360215053764 0.572265625 0.6226478494623656 0.5748697916666666
12 0.6407930107526881 0.55859375 0.6330645161290323 0.5611979166666666 0.6276881720430108 0.55078125 0.6246639784946236 0.5286458333333334 0.6290322580645161 0.5006510416666666 0.6253360215053764 0.4016927083333333 0.6290322580645161 0.3802083333333333 0.6344086021505376 0.3743489583333333 0.6387768817204301 0.3828125 0.6421370967741935 0.4029947916666667 0.6485215053763441 0.498046875 0.6569220430107527 0.5358072916666666 0.6569220430107527 0.55078125 0.6478494623655914 0.5625
13 0.6750672043010753 0.5475260416666666 0.6686827956989247 0.5546875 0.6639784946236559 0.5546875 0.6555779569892473 0.5475260416666666 0.6535618279569892 0.537109375 0.6534650537634409 0.5281276041666666 0.6553629032258064 0.5089563802083333 0.6583447580645161 0.4945123697916667 0.6582661290322581 0.474609375 0.6589381720430108 0.4368489583333333 0.6596102150537635 0.421875 0.6626344086021505 0.41796875 0.6653225806451613 0.41796875 0.6666666666666666 0.42578125 0.668010752688172 0.4583333333333333 0.6700268817204301 0.4641927083333333 0.6717069892473119 0.4505208333333333 0.6706989247311828 0.4244791666666667 0.6706989247311828 0.4166666666666667 0.6730510752688172 0.4140625 0.6750672043010753 0.4166666666666667 0.6777278225806451 0.42701953125000003 0.6814516129032258 0.4544270833333333 0.6848118279569892 0.4993489583333333 0.6905241935483871 0.5286458333333334 0.6898521505376344 0.5397135416666666 0.6875 0.55078125 0.6848118279569892 0.5533854166666666
14 0.7120295698924731 0.537109375 0.7043010752688172 0.544921875 0.6979166666666666 0.544921875 0.6905241935483871 0.537109375 0.6881720430107527 0.51953125 0.6925403225806451 0.4908854166666667 0.697244623655914 0.4329427083333333 0.7009408602150538 0.3880208333333333 0.7029569892473119 0.3776041666666667 0.706989247311828 0.3743489583333333 0.7127016129032258 0.3815104166666667 0.7153897849462365 0.44921875 0.7190860215053764 0.484375 0.7237903225806451 0.5182291666666666 0.7231182795698925 0.5345052083333334 0.7204301075268817 0.5397135416666666
16 0.5144489247311828 0.6451822916666666 0.508736559139785 0.6100260416666666 0.5110887096774194 0.6048177083333334 0.5299059139784946 0.6048177083333334 0.5325940860215054 0.6087239583333334 0.5285618279569892 0.65625 0.5339381720430108 0.7317708333333334 0.53125 0.755859375 0.5285618279569892 0.7630208333333334 0.5272177419354839 0.7643229166666666 0.5241935483870968 0.7604166666666666 0.5255376344086021 0.7454427083333334
17 0.5368810483870968 0.668921875 0.53125 0.6236979166666666 0.5325940860215054 0.6126302083333334 0.5362903225806451 0.6087239583333334 0.543010752688172 0.6100260416666666 0.552755376344086 0.6126302083333334 0.5551075268817204 0.619140625 0.5551075268817204 0.6263020833333334 0.550739247311828 0.6692708333333334 0.550739247311828 0.7545572916666666 0.550739247311828 0.7643229166666666 0.5487231182795699 0.76953125 0.5473790322580645 0.76953125 0.5423387096774194 0.7669270833333334
18 0.5648521505376344 0.6692708333333334 0.5604838709677419 0.6341145833333334 0.5604838709677419 0.6236979166666666 0.5661962365591398 0.6126302083333334 0.5715725806451613 0.603515625 0.5759408602150538 0.6061197916666666 0.5836693548387096 0.6178385416666666 0.5856854838709677 0.6341145833333334 0.5856854838709677 0.673828125 0.582997311827957 0.7805989583333334 0.5786290322580645 0.8098958333333334 0.5759408602150538 0.8131510416666666 0.573252688172043 0.8131510416666666 0.5695564516129032 0.8020833333333334
20 0.6129032258064516 0.6614583333333334 0.6071908602150538 0.62890625 0.6088709677419355 0.62109375 0.6135752688172043 0.615234375 0.6169354838709677 0.615234375 0.6192876344086021 0.6126302083333334 0.6199596774193549 0.611328125 0.6283602150537635 0.6126302083333334 0.6303763440860215 0.6165364583333334 0.633736559139785 0.6223958333333334 0.633736559139785 0.6328125 0.6310483870967742 0.673828125 0.6344086021505376 0.7369791666666666 0.6330645161290323 0.7805989583333334 0.6317204301075269 0.7858072916666666 0.6303763440860215 0.7884114583333334 0.6270161290322581 0.787109375 0.6233198924731183 0.7805989583333334
21 0.6421370967741935 0.6614583333333334 0.6283602150537635 0.619140625 0.6323924731182796 0.6002604166666666 0.636760752688172 0.6002604166666666 0.6471774193548387 0.6087239583333334 0.6575940860215054 0.5989583333333334 0.6609543010752689 0.59375 0.6666666666666666 0.5963541666666666 0.6723790322580645 0.603515625 0.6737231182795699 0.6139322916666666 0.6700268817204301 0.650390625 0.6807795698924731 0.7317708333333334 0.6807795698924731 0.7454427083333334 0.6790994623655914 0.7506510416666666 0.6764112903225806 0.7532552083333334 0.6737231182795699 0.751953125 0.6693548387096774 0.7141927083333334 0.6616263440860215 0.681640625 0.6589381720430108 0.6751302083333334 0.65625 0.6764322916666666 0.6555779569892473 0.6803385416666666 0.6542338709677419 0.6927083333333334 0.6582661290322581 0.7291666666666666 0.6653225806451613 0.7506510416666666 0.6653225806451613 0.755859375 0.6626344086021505 0.7584635416666666 0.6555779569892473 0.7454427083333334 0.6485215053763441 0.712890625 0.6434811827956989 0.69140625
22 0.6841397849462365 0.6490885416666666 0.6706989247311828 0.62890625 0.6717069892473119 0.6126302083333334 0.6743951612903226 0.6002604166666666 0.6790994623655914 0.59375 0.6888440860215054 0.5885416666666666 0.6979166666666666 0.5774739583333334 0.7049731182795699 0.5774739583333334 0.7113575268817204 0.5924479166666666 0.7140456989247311 0.6341145833333334 0.7268145161290323 0.6979166666666666 0.7281586021505376 0.712890625 0.7281586021505376 0.7194010416666666 0.7261424731182796 0.7220052083333334 0.7237903225806451 0.720703125 0.7127016129032258 0.677734375 0.7086693548387096 0.6725260416666666 0.7086693548387096 0.6751302083333334 0.7140456989247311 0.7005208333333334 0.7217741935483871 0.720703125 0.7217741935483871 0.7265625 0.717741935483871 0.7291666666666666 0.7120295698924731 0.7233072916666666
24 0.49361559139784944 0.650390625 0.4905913978494624 0.607421875 0.4905913978494624 0.603515625 0.49831989247311825 0.6002604166666666 0.508736559139785 0.6015625 0.511760752688172 0.607421875 0.508736559139785 0.6529947916666666 0.5110887096774194 0.7154947916666666 0.5110887096774194 0.7454427083333334 0.5110887096774194 0.7571614583333334 0.508736559139785 0.76171875 0.5060483870967742 0.76171875 0.5026881720430108 0.7532552083333334
25 0.46841397849462363 0.650390625 0.4657258064516129 0.6100260416666666 0.46841397849462363 0.6015625 0.4781586021505376 0.6015625 0.48723118279569894 0.603515625 0.4899193548387097 0.6100260416666666 0.4852150537634409 0.66015625 0.48588709677419356 0.7369791666666666 0.4852150537634409 0.7669270833333334 0.4825268817204301 0.76953125 0.479502688172043 0.7669270833333334 0.4781586021505376 0.765625
26 0.4335806451612903 0.630744140625 0.4379489247311828 0.5988430989583333 0.4426532258064516 0.5929837239583333 0.44970967741935486 0.5890774739583333 0.45475 0.5890774739583333 0.4594543010752688 0.5903795572916667 0.46718279569892474 0.6066555989583333 0.464494623655914 0.7433743489583334 0.46147043010752686 0.7661608072916667 0.45676612903225805 0.7785305989583334 0.45105376344086023 0.7811347656250001 0.4463494623655914 0.7746243489583334 0.43996505376344086 0.7570462239583334
27 0.4112903225806452 0.66015625 0.4069220430107527 0.619140625 0.4146505376344086 0.6048177083333334 0.4210349462365591 0.5963541666666666 0.42439516129032256 0.5989583333333334 0.4314516129032258 0.6048177083333334 0.43548387096774194 0.6139322916666666 0.43548387096774194 0.63671875 0.42876344086021506 0.6640625 0.4210349462365591 0.7506510416666666 0.41801075268817206 0.7708333333333334 0.415994623655914 0.7779947916666666 0.4112903225806452 0.7805989583333334 0.4075940860215054 0.7721354166666666 0.40961021505376344 0.7395833333333334
28 0.3797043010752688 0.6529947916666666 0.37768817204301075 0.6178385416666666 0.3803763440860215 0.6100260416666666 0.3840725806451613 0.603515625 0.3887768817204301 0.59765625 0.3971774193548387 0.6015625 0.40423387096774194 0.6002604166666666 0.4069220430107527 0.6048177083333334 0.40826612903225806 0.615234375 0.4069220430107527 0.62890625 0.4015456989247312 0.6588541666666666 0.3901209677419355 0.7493489583333334 0.384744623655914 0.7669270833333334 0.3803763440860215 0.76953125 0.37768817204301075 0.7669270833333334 0.375 0.755859375 0.3790322580645161 0.7291666666666666
29 0.33568548387096775 0.6315104166666666 0.3316532258064516 0.5989583333333334 0.33568548387096775 0.5885416666666666 0.34139784946236557 0.580078125 0.3491263440860215 0.580078125 0.3581989247311828 0.5774739583333334 0.365255376344086 0.5872395833333334 0.3743279569892473 0.5826822916666666 0.3810483870967742 0.5885416666666666 0.3834005376344086 0.607421875 0.3817204301075269 0.6236979166666666 0.37264784946236557 0.642578125 0.36794354838709675 0.681640625 0.3595430107526882 0.7115885416666666 0.35181451612903225 0.7265625 0.3477822580645161 0.7291666666666666 0.34475806451612906 0.7265625 0.34408602150537637 0.7154947916666666 0.3551747311827957 0.685546875 0.35685483870967744 0.6640625 0.3551747311827957 0.6588541666666666 0.35114247311827956 0.6588541666666666 0.3484543010752688 0.6640625 0.34543010752688175 0.6842447916666666 0.34139784946236557 0.7076822916666666 0.3370295698924731 0.720703125 0.3323252688172043 0.7233072916666666 0.3272849462365591 0.708984375 0.3272849462365591 0.6901041666666666
30 0.2862903225806452 0.6061197916666666 0.2933467741935484 0.5748697916666666 0.2973790322580645 0.5625 0.3024193548387097 0.5598958333333334 0.30913978494623656 0.5559895833333334 0.31350806451612906 0.5559895833333334 0.32056451612903225 0.572265625 0.3316532258064516 0.572265625 0.33568548387096775 0.5787760416666666 0.3370295698924731 0.5911458333333334 0.33501344086021506 0.615234375 0.33030913978494625 0.6263020833333334 0.31955645161290325 0.642578125 0.31149193548387094 0.6790364583333334 0.2987231182795699 0.7044270833333334 0.2923387096774194 0.7102864583333334 0.290994623655914 0.7102864583333334 0.2896505376344086 0.7044270833333334 0.2980510752688172 0.677734375 0.3024193548387097 0.6575520833333334 0.3024193548387097 0.650390625 0.29939516129032256 0.6477864583333334 0.29401881720430106 0.6549479166666666 0.2896505376344086 0.6764322916666666 0.2825940860215054 0.69921875 0.27788978494623656 0.7076822916666666 0.2758736559139785 0.69921875
