0 0.4885752688172043 0.5989583333333334 0.4724462365591398 0.603515625 0.46639784946236557 0.5911458333333334 0.4657258064516129 0.5638020833333334 0.47043010752688175 0.5182291666666666 0.4801747311827957 0.4205729166666667 0.4825268817204301 0.4127604166666667 0.48588709677419356 0.4127604166666667 0.4905913978494624 0.4205729166666667 0.49361559139784944 0.4518229166666667 0.4949596774193548 0.5182291666666666 0.4963037634408602 0.5533854166666666 0.4956317204301075 0.5774739583333334 0.49227150537634407 0.59375
1 0.4627016129032258 0.5735677083333334 0.448252688172043 0.5859375 0.4425403225806452 0.5813802083333334 0.43783602150537637 0.5611979166666666 0.4361559139784946 0.544921875 0.43918010752688175 0.5182291666666666 0.44321236559139787 0.4205729166666667 0.4469086021505376 0.4069010416666667 0.4495967741935484 0.404296875 0.4529569892473118 0.4069010416666667 0.45598118279569894 0.4244791666666667 0.46001344086021506 0.513671875 0.4657258064516129 0.5559895833333334 0.4643817204301075 0.5696614583333334
2 0.40961021505376344 0.5709635416666666 0.39919354838709675 0.5813802083333334 0.38743279569892475 0.5696614583333334 0.3834005376344086 0.5533854166666666 0.3834005376344086 0.5436197916666666 0.3914650537634409 0.5208333333333334 0.39448924731182794 0.4466145833333333 0.39852150537634407 0.42578125 0.4015456989247312 0.4231770833333333 0.4049059139784946 0.4231770833333333 0.40826612903225806 0.4368489583333333 0.41330645161290325 0.5221354166666666 0.4166666666666667 0.55078125 0.4153225806451613 0.5638020833333334
3 0.37331989247311825 0.5911458333333334 0.37264784946236557 0.5911458333333334 0.3602150537634409 0.5546875 0.36223118279569894 0.5260416666666666 0.365255376344086 0.5006510416666666 0.37331989247311825 0.34765625 0.375 0.3424479166666667 0.37836021505376344 0.3424479166666667 0.3817204301075269 0.3502604166666667 0.384744623655914 0.3990885416666667 0.3901209677419355 0.505859375 0.39314516129032256 0.53125 0.3907930107526882 0.5572916666666666
4 0.37331989247311825 0.5638020833333334 0.3635752688172043 0.576171875 0.35685483870967744 0.576171875 0.3504704301075269 0.56640625 0.3504704301075269 0.55078125 0.3504704301075269 0.53125 0.3538306451612903 0.5045572916666666 0.3551747311827957 0.42578125 0.3595430107526882 0.4153645833333333 0.36223118279569894 0.4153645833333333 0.3665994623655914 0.4205729166666667 0.3719758064516129 0.439453125 0.37836021505376344 0.505859375 0.3817204301075269 0.5423177083333334 0.3817204301075269 0.5598958333333334 0.37768817204301075 0.568359375
5 0.32526881720430106 0.5611979166666666 0.32056451612903225 0.5625 0.31350806451612906 0.5625 0.3071236559139785 0.5462239583333334 0.3064516129032258 0.5234375 0.3132738575268817 0.49316471354166663 0.3095846774193548 0.43846809895833333 0.30913978494623656 0.4029947916666667 0.30981182795698925 0.390625 0.31216397849462363 0.3854166666666667 0.31485215053763443 0.3880208333333333 0.31955645161290325 0.4205729166666667 0.3225806451612903 0.439453125 0.33098118279569894 0.3665364583333333 0.3343413978494624 0.35546875 0.3387096774193548 0.3587239583333333 0.3400537634408602 0.373046875 0.3491263440860215 0.498046875 0.35219153225806454 0.50675 0.3551747311827957 0.5397135416666666 0.35181451612903225 0.55859375 0.3387096774193548 0.5696614583333334
6 0.2825940860215054 0.5345052083333334 0.2752016129032258 0.537109375 0.2674731182795699 0.5286458333333334 0.2668010752688172 0.5123697916666666 0.2651209677419355 0.4947916666666667 0.2728494623655914 0.4772135416666667 0.2819220430107527 0.390625 0.28326612903225806 0.3802083333333333 0.28523790322580644 0.3744765625 0.2867137096774193 0.3726888020833334 0.28897849462365593 0.3743489583333333 0.2909559811827957 0.3794811197916667 0.2923387096774194 0.3893229166666667 0.2926159274193548 0.421666015625 0.2920625 0.432748046875 0.2933467741935484 0.4368489583333333 0.29536290322580644 0.4140625 0.29401881720430106 0.37890625 0.29401881720430106 0.3717447916666667 0.2960349462365591 0.369140625 0.29907157258064515 0.37090104166666665 0.30073924731182794 0.3743489583333333 0.30376344086021506 0.3990885416666667 0.3071236559139785 0.48828125 0.3077956989247312 0.5084635416666666 0.30510752688172044 0.5345052083333334 0.2916666666666667 0.55078125
7 0.23790322580645162 0.5084635416666666 0.23118279569892472 0.5006510416666666 0.22815860215053763 0.4895833333333333 0.2288306451612903 0.4733072916666667 0.23790322580645162 0.4479166666666667 0.2540322580645161 0.3802083333333333 0.25772849462365593 0.365234375 0.26176075268817206 0.3639322916666667 0.2644489247311828 0.3639322916666667 0.2661290322580645 0.3665364583333333 0.26881720430107525 0.3841145833333333 0.2668010752688172 0.4641927083333333 0.26948924731182794 0.49609375 0.26310483870967744 0.5208333333333334 0.2540322580645161 0.5247395833333334 0.24630376344086022 0.5260416666666666
8 0.5201612903225806 0.5963541666666666 0.5006720430107527 0.5911458333333334 0.4963037634408602 0.580078125 0.4963037634408602 0.55859375 0.5013440860215054 0.5286458333333334 0.5060483870967742 0.5071614583333334 0.5228494623655914 0.4205729166666667 0.5285618279569892 0.4140625 0.5319220430107527 0.4166666666666667 0.5332661290322581 0.431640625 0.5369623655913979 0.470703125 0.5325940860215054 0.5234375 0.5292338709677419 0.572265625 0.5248655913978495 0.5911458333333334
9 0.5598118279569892 0.5989583333333334 0.5514112903225806 0.603515625 0.5436827956989247 0.5989583333333334 0.5376344086021505 0.572265625 0.5383064516129032 0.5533854166666666 0.5453629032258065 0.5260416666666666 0.5493951612903226 0.466796875 0.5534274193548387 0.4407552083333333 0.5577956989247311 0.4342447916666667 0.5611559139784946 0.4368489583333333 0.5661962365591398 0.4583333333333333 0.5641801075268817 0.5260416666666666 0.5675403225806451 0.5546875 0.5668682795698925 0.5774739583333334 0.563508064516129 0.5924479166666666
10 0.5816532258064516 0.5911458333333334 0.5688844086021505 0.5611979166666666 0.5675403225806451 0.5520833333333334 0.5675403225806451 0.5436197916666666 0.5779569892473119 0.5084635416666666 0.5961021505376344 0.38671875 0.5997983870967742 0.3776041666666667 0.602486559139785 0.3763020833333333 0.6051747311827957 0.3763020833333333 0.6088709677419355 0.3841145833333333 0.6038306451612904 0.5110677083333334 0.6018145161290323 0.55859375 0.594758064516129 0.5885416666666666 0.5863575268817204 0.5989583333333334
11 0.6088709677419355 0.5748697916666666 0.6065188172043011 0.5748697916666666 0.5981182795698925 0.5611979166666666 0.5967741935483871 0.548828125 0.5967741935483871 0.5423177083333334 0.6038306451612904 0.5208333333333334 0.614247311827957 0.4368489583333333 0.6169354838709677 0.4270833333333333 0.6192876344086021 0.4231770833333333 0.6233198924731183 0.4270833333333333 0.6263440860215054 0.4446614583333333 0.6246639784946236 0.5234375 0.6303763440860215 0.5625 0.6276881720430108 0.5774739583333334 0.6169354838709677 0.59375
12 0.6434811827956989 0.583984375 0.6290322580645161 0.5696614583333334 0.6263440860215054 0.5475260416666666 0.6263440860215054 0.533203125 0.6317204301075269 0.5169270833333334 0.6344086021505376 0.4518229166666667 0.6401209677419355 0.4205729166666667 0.6428091397849462 0.4153645833333333 0.6458333333333334 0.41796875 0.6458333333333334 0.4290364583333333 0.6505376344086021 0.515625 0.6582661290322581 0.55078125 0.6582661290322581 0.5709635416666666
13 0.6790994623655914 0.568359375 0.6673387096774194 0.5735677083333334 0.6582661290322581 0.5638020833333334 0.6542338709677419 0.5520833333333334 0.6525537634408602 0.5358072916666666 0.6626344086021505 0.4947916666666667 0.6663575268817205 0.42030989583333334 0.668010752688172 0.4153645833333333 0.6686827956989247 0.4140625 0.6703061155913979 0.4135865885416667 0.6717069892473119 0.41796875 0.6719815188172042 0.42355533854166666 0.6725796370967742 0.43213346354166665 0.6737231182795699 0.4609375 0.677755376344086 0.4720052083333333 0.6813145161290323 0.46412630208333333 0.6841397849462365 0.4420572916666667 0.6841397849462365 0.4407552083333333 0.6854838709677419 0.4069010416666667 0.6888440860215054 0.3990885416666667 0.6918682795698925 0.3990885416666667 0.6945564516129032 0.4069010416666667 0.697244623655914 0.439453125 0.6959005376344086 0.5084635416666666 0.7016129032258065 0.544921875 0.6932123655913979 0.572265625
14 0.7281586021505376 0.544921875 0.7140456989247311 0.5559895833333334 0.6995967741935484 0.5423177083333334 0.6952284946236559 0.53125 0.6959005376344086 0.513671875 0.7016129032258065 0.4830729166666667 0.7056451612903226 0.396484375 0.7093413978494624 0.37890625 0.7120295698924731 0.3763020833333333 0.7133736559139785 0.3763020833333333 0.7163978494623656 0.3893229166666667 0.7170698924731183 0.4342447916666667 0.719758064516129 0.4420572916666667 0.7217741935483871 0.4329427083333333 0.7224462365591398 0.390625 0.7231182795698925 0.3828125 0.7268145161290323 0.3828125 0.7308467741935484 0.3951822916666667 0.7321908602150538 0.4231770833333333 0.7365591397849462 0.484375 0.7405913978494624 0.5045572916666666 0.7405913978494624 0.5299479166666666 0.7358870967741935 0.5462239583333334
15 0.758736559139785 0.5345052083333334 0.7476478494623656 0.5475260416666666 0.7405913978494624 0.544921875 0.7315188172043011 0.5358072916666666 0.7288306451612904 0.5182291666666666 0.7281586021505376 0.5045572916666666 0.7281586021505376 0.4817708333333333 0.7261424731182796 0.400390625 0.7268145161290323 0.3841145833333333 0.7288306451612904 0.3743489583333333 0.7352150537634409 0.3743489583333333 0.7405913978494624 0.3854166666666667 0.7547043010752689 0.421875 0.7657930107526881 0.4609375 0.7741935483870968 0.4830729166666667 0.7768817204301075 0.5071614583333334 0.7741935483870968 0.5260416666666666 0.7624327956989247 0.537109375
16 0.508736559139785 0.6412760416666666 0.5040322580645161 0.5924479166666666 0.508736559139785 0.5859375 0.53125 0.5885416666666666 0.5325940860215054 0.59765625 0.5272177419354839 0.6399739583333334 0.5262096774193549 0.7102864583333334 0.5248655913978495 0.720703125 0.5221774193548387 0.7252604166666666 0.5208333333333334 0.7265625 0.5171370967741935 0.7233072916666666
17 0.53125 0.642578125 0.5285618279569892 0.6015625 0.5305779569892473 0.59375 0.5551075268817204 0.59765625 0.5571236559139785 0.607421875 0.5571236559139785 0.6223958333333334 0.5514112903225806 0.650390625 0.5436827956989247 0.7194010416666666 0.5396505376344086 0.7467447916666666 0.5362903225806451 0.7506510416666666 0.5339381720430108 0.748046875
18 0.5564516129032258 0.65625 0.5557795698924731 0.62109375 0.5604838709677419 0.5989583333333334 0.5661962365591398 0.5950520833333334 0.5715725806451613 0.5963541666666666 0.5856854838709677 0.6126302083333334 0.5883736559139785 0.6223958333333334 0.5883736559139785 0.6354166666666666 0.582997311827957 0.6666666666666666 0.5772849462365591 0.73046875 0.5772849462365591 0.7604166666666666 0.5745967741935484 0.80078125 0.5702284946236559 0.8098958333333334 0.5675403225806451 0.8111979166666666 0.563508064516129 0.8046875 0.5598118279569892 0.7643229166666666 0.5577956989247311 0.7317708333333334
19 0.5913978494623656 0.66015625 0.5896589381720431 0.643099609375 0.5869069220430108 0.6305807291666666 0.5882231182795699 0.617134765625 0.5940860215053764 0.607421875 0.6011424731182796 0.59765625 0.6071908602150538 0.5989583333333334 0.6145470430107527 0.6083248697916667 0.6162221102150538 0.6169029947916667 0.617179435483871 0.6319720052083333 0.6161024865591398 0.6537636718750001 0.6143077956989248 0.6679055989583333 0.6095430107526881 0.7584635416666666 0.6071908602150538 0.7669270833333334 0.604502688172043 0.76953125 0.6018145161290323 0.76953125 0.5987903225806451 0.765625
20 0.6219758064516129 0.6529947916666666 0.616263440860215 0.62109375 0.6169354838709677 0.6048177083333334 0.623991935483871 0.5924479166666666 0.6303763440860215 0.59375 0.6374327956989247 0.6015625 0.646505376344086 0.6100260416666666 0.6491935483870968 0.62109375 0.644489247311828 0.650390625 0.644489247311828 0.7493489583333334 0.6421370967741935 0.7571614583333334 0.6401209677419355 0.7584635416666666 0.636760752688172 0.7571614583333334
21 0.6518817204301075 0.6451822916666666 0.6414650537634409 0.6126302083333334 0.6406317204301075 0.601833984375 0.6413497983870967 0.591865234375 0.6435036962365591 0.586533203125 0.6478494623655914 0.5826822916666666 0.653315188172043 0.5821282552083333 0.6569220430107527 0.5872395833333334 0.6653225806451613 0.572265625 0.6724600134408603 0.5758684895833334 0.6766478494623656 0.5781868489583334 0.6797715053763441 0.5859375 0.6866989247311828 0.5823600260416667 0.6905241935483871 0.583984375 0.6952284946236559 0.5911458333333334 0.697244623655914 0.6126302083333334 0.6938844086021505 0.6451822916666666 0.7022849462365591 0.744140625 0.7016129032258065 0.755859375 0.6989247311827957 0.7584635416666666 0.6945564516129032 0.7545572916666666 0.6834677419354839 0.69140625 0.6764112903225806 0.6725260416666666 0.6737231182795699 0.6705729166666666 0.6706989247311828 0.6868489583333334 0.6784274193548387 0.7506510416666666 0.6784274193548387 0.7584635416666666 0.6750672043010753 0.7643229166666666 0.6693548387096774 0.751953125
22 0.7016129032258065 0.6276041666666666 0.6905241935483871 0.5989583333333334 0.6905241935483871 0.5859375 0.6918682795698925 0.5735677083333334 0.6952284946236559 0.56640625 0.7063172043010753 0.5696614583333334 0.7170698924731183 0.5572916666666666 0.719758064516129 0.5559895833333334 0.7261424731182796 0.55859375 0.7345430107526881 0.5475260416666666 0.739247311827957 0.5520833333333334 0.7449596774193549 0.5696614583333334 0.7449596774193549 0.6048177083333334 0.7594086021505376 0.6829427083333334 0.7600806451612904 0.6940104166666666 0.758736559139785 0.69921875 0.7553763440860215 0.69921875 0.7496639784946236 0.6940104166666666 0.7352150537634409 0.6451822916666666 0.7308467741935484 0.6399739583333334 0.729502688172043 0.638671875 0.729502688172043 0.6451822916666666 0.729502688172043 0.6614583333333334 0.7436155913978495 0.7076822916666666 0.7436155913978495 0.7115885416666666 0.7436155913978495 0.716796875 0.739247311827957 0.7180989583333334 0.7321908602150538 0.7115885416666666
24 0.4852150537634409 0.6412760416666666 0.4852150537634409 0.5963541666666666 0.48655913978494625 0.58984375 0.5040322580645161 0.58984375 0.508736559139785 0.58984375 0.5110887096774194 0.5950520833333334 0.5110887096774194 0.607421875 0.5060483870967742 0.638671875 0.5073924731182796 0.7044270833333334 0.5047043010752689 0.7252604166666666 0.5020161290322581 0.734375 0.49966397849462363 0.7369791666666666 0.4963037634408602 0.7369791666666666 0.49361559139784944 0.7317708333333334
25 0.4657258064516129 0.6412760416666666 0.4643817204301075 0.607421875 0.4650537634408602 0.5963541666666666 0.46706989247311825 0.5859375 0.4747983870967742 0.580078125 0.4838709677419355 0.580078125 0.48655913978494625 0.583984375 0.4905913978494624 0.5963541666666666 0.49227150537634407 0.6061197916666666 0.4838709677419355 0.6412760416666666 0.4781586021505376 0.7252604166666666 0.4788306451612903 0.7395833333333334 0.4781586021505376 0.7454427083333334 0.4754704301075269 0.748046875 0.46975806451612906 0.7369791666666666
26 0.4321236559139785 0.6588541666666666 0.42943548387096775 0.62890625 0.4321236559139785 0.6178385416666666 0.4361559139784946 0.6048177083333334 0.4418682795698925 0.5924479166666666 0.4469086021505376 0.59375 0.4536290322580645 0.59765625 0.4586693548387097 0.6015625 0.4633736559139785 0.615234375 0.4643817204301075 0.6276041666666666 0.46068548387096775 0.6588541666666666 0.4529569892473118 0.73046875 0.4489247311827957 0.7643229166666666 0.44455645161290325 0.7858072916666666 0.4411962365591398 0.7936197916666666 0.43783602150537637 0.7936197916666666 0.43413978494623656 0.7819010416666666 0.4361559139784946 0.7395833333333334 0.43716397849462363 0.716796875
27 0.40356182795698925 0.6490885416666666 0.39986559139784944 0.6236979166666666 0.39986559139784944 0.6087239583333334 0.40826612903225806 0.59765625 0.4173387096774194 0.5963541666666666 0.4237231182795699 0.5963541666666666 0.4270833333333333 0.6002604166666666 0.4327956989247312 0.6048177083333334 0.43716397849462363 0.615234375 0.43783602150537637 0.6315104166666666 0.43548387096774194 0.642578125 0.42876344086021506 0.6614583333333334 0.4153225806451613 0.755859375 0.4112903225806452 0.7708333333333334 0.40826612903225806 0.7747395833333334 0.4055779569892473 0.7734375 0.40288978494623656 0.76171875
28 0.3706317204301075 0.642578125 0.3665994623655914 0.6126302083333334 0.3706317204301075 0.5924479166666666 0.3803763440860215 0.5885416666666666 0.38743279569892475 0.59375 0.39314516129032256 0.59375 0.39919354838709675 0.6015625 0.4015456989247312 0.611328125 0.4015456989247312 0.6276041666666666 0.39381720430107525 0.650390625 0.3860887096774194 0.7154947916666666 0.37768817204301075 0.7467447916666666 0.37264784946236557 0.755859375 0.3706317204301075 0.7571614583333334 0.36794354838709675 0.755859375
29 0.3161962365591398 0.6328125 0.3155241935483871 0.5885416666666666 0.3219086021505376 0.576171875 0.3272849462365591 0.5748697916666666 0.332997311827957 0.580078125 0.34408602150537637 0.5774739583333334 0.3491263440860215 0.580078125 0.35114247311827956 0.5885416666666666 0.3635752688172043 0.5826822916666666 0.3706317204301075 0.5911458333333334 0.37331989247311825 0.5989583333333334 0.375 0.615234375 0.3706317204301075 0.6328125 0.3531586021505376 0.6614583333333334 0.34408602150537637 0.7076822916666666 0.33568548387096775 0.734375 0.3272849462365591 0.7506510416666666 0.323252688172043 0.755859375 0.3219086021505376 0.7545572916666666 0.32056451612903225 0.7506510416666666 0.3343413978494624 0.7076822916666666 0.3387096774193548 0.6666666666666666 0.33803763440860213 0.6614583333333334 0.3343413978494624 0.6614583333333334 0.3279569892473118 0.677734375 0.31888440860215056 0.7115885416666666 0.31048387096774194 0.7369791666666666 0.3064516129032258 0.748046875 0.3024193548387097 0.748046875 0.3014112903225806 0.734375 0.3155241935483871 0.6614583333333334
30 0.2661290322580645 0.5950520833333334 0.2661290322580645 0.5651041666666666 0.2721774193548387 0.55078125 0.27856182795698925 0.544921875 0.29536290322580644 0.5533854166666666 0.29939516129032256 0.5572916666666666 0.3077956989247312 0.5611979166666666 0.31350806451612906 0.56640625 0.31821236559139787 0.56640625 0.3219086021505376 0.576171875 0.3219086021505376 0.5885416666666666 0.31283602150537637 0.6236979166666666 0.3064516129032258 0.6315104166666666 0.2923387096774194 0.6692708333333334 0.2721774193548387 0.7057291666666666 0.2674731182795699 0.712890625 0.2661290322580645 0.712890625 0.2651209677419355 0.7076822916666666 0.27788978494623656 0.6705729166666666 0.2825940860215054 0.650390625 0.2825940860215054 0.6399739583333334 0.28125 0.642578125 0.2772177419354839 0.6614583333333334 0.26881720430107525 0.685546875 0.2604166666666667 0.7005208333333334 0.25772849462365593 0.7018229166666666 0.2540322580645161 0.6966145833333334
31 0.22681451612903225 0.5911458333333334 0.22143817204301075 0.55078125 0.2247983870967742 0.5423177083333334 0.2288306451612903 0.5423177083333334 0.2422715053763441 0.53125 0.24563172043010753 0.5345052083333334 0.25336021505376344 0.541015625 0.26310483870967744 0.541015625 0.26948924731182794 0.5520833333333334 0.2701612903225806 0.56640625 0.26814516129032256 0.5787760416666666 0.25772849462365593 0.6048177083333334 0.25 0.65625 0.24092741935483872 0.677734375 0.23588709677419356 0.6829427083333334 0.23387096774193547 0.6829427083333334 0.229502688172043 0.677734375 0.22748655913978494 0.6692708333333334
