0 0.4757311827956989 0.473802734375 0.4734543010752688 0.3802083333333333 0.47580645161290325 0.3502604166666667 0.47647849462365593 0.3333333333333333 0.4801747311827957 0.3274739583333333 0.4838709677419355 0.3287760416666667 0.4889112903225806 0.3645833333333333 0.49831989247311825 0.466796875 0.5026881720430108 0.4908854166666667 0.5050403225806451 0.517578125 0.5026881720430108 0.5286458333333334 0.4808467741935484 0.537109375 0.4747983870967742 0.5286458333333334 0.4734543010752688 0.505859375
1 0.45161290322580644 0.4720052083333333 0.4512614247311828 0.41382682291666667 0.44556451612903225 0.341796875 0.447244623655914 0.3391927083333333 0.45094086021505375 0.341796875 0.457997311827957 0.361328125 0.46841397849462363 0.4733072916666667 0.4747983870967742 0.505859375 0.47580645161290325 0.5201822916666666 0.47043010752688175 0.5286458333333334 0.4586693548387097 0.533203125 0.4529569892473118 0.5234375 0.45161290322580644 0.486328125
2 0.42506720430107525 0.4095052083333333 0.4237231182795699 0.34765625 0.4206989247311828 0.3235677083333333 0.42506720430107525 0.31640625 0.43111559139784944 0.3190104166666667 0.43850806451612906 0.3541666666666667 0.44623655913978494 0.46484375 0.44993279569892475 0.501953125 0.4479166666666667 0.5260416666666666 0.4405241935483871 0.537109375 0.42943548387096775 0.5345052083333334 0.42506720430107525 0.5234375 0.4223790322580645 0.5032552083333334 0.42573924731182794 0.466796875
3 0.39885752688172044 0.4563802083333333 0.40009139784946235 0.40590234375 0.4018817204301075 0.345703125 0.40389784946236557 0.330078125 0.40893817204301075 0.330078125 0.41330645161290325 0.3489583333333333 0.42439516129032256 0.455078125 0.4280913978494624 0.4837239583333333 0.42506720430107525 0.5130208333333334 0.41498655913978494 0.5201822916666666 0.4075940860215054 0.5305989583333334 0.4008736559139785 0.5305989583333334 0.396505376344086 0.517578125 0.39448924731182794 0.4921875
4 0.3742113575268817 0.413677734375 0.37399193548387094 0.3502604166666667 0.37399193548387094 0.3287760416666667 0.37701612903225806 0.3248697916666667 0.3790322580645161 0.326171875 0.38205645161290325 0.3333333333333333 0.3914650537634409 0.4635416666666667 0.39448924731182794 0.4752604166666667 0.39448924731182794 0.4934895833333333 0.3894489247311828 0.5104166666666666 0.38272849462365593 0.5234375 0.37701612903225806 0.5162760416666666 0.3696236559139785 0.5104166666666666 0.3665994623655914 0.5006510416666666 0.3696236559139785 0.4778645833333333 0.37272244623655915 0.4540299479166667
5 0.3279569892473118 0.4127604166666667 0.3269489247311828 0.3854166666666667 0.3279569892473118 0.3600260416666667 0.3323252688172043 0.357421875 0.33501344086021506 0.3756510416666667 0.3386505376344086 0.39744986979166663 0.34083198924731184 0.3868841145833333 0.3426498655913979 0.36716145833333336 0.3426498655913979 0.35377799479166666 0.34737600806451613 0.35307356770833337 0.3517385752688172 0.36082161458333334 0.3553739919354839 0.38124869791666666 0.3585349462365591 0.361328125 0.36010047043010757 0.35800390625 0.363372311827957 0.3629348958333333 0.3644630376344086 0.391814453125 0.3665994623655914 0.435546875 0.3709677419354839 0.4609375 0.37600806451612906 0.48046875 0.37466397849462363 0.4947916666666667 0.37264784946236557 0.5091145833333334 0.3645833333333333 0.5234375 0.3528225806451613 0.5234375 0.3474462365591398 0.5130208333333334 0.33602150537634407 0.51171875 0.3323252688172043 0.5032552083333334 0.3293010752688172 0.486328125 0.3336693548387097 0.4694010416666667
6 0.30073924731182794 0.5032552083333334 0.2950268817204301 0.505859375 0.28830645161290325 0.5006510416666666 0.2862903225806452 0.4765625 0.28696236559139787 0.44921875 0.2862903225806452 0.4166666666666667 0.2822997311827957 0.3657526041666667 0.28024193548387094 0.3404947916666667 0.28326612903225806 0.3346354166666667 0.28897849462365593 0.341796875 0.2924791666666667 0.36223046875 0.2975688844086022 0.3889973958333333 0.2975688844086022 0.37279622395833334 0.2953877688172043 0.35025585937500003 0.2956989247311828 0.3333333333333333 0.2977150537634409 0.330078125 0.3030913978494624 0.341796875 0.3074596774193548 0.3717447916666667 0.3192204301075269 0.4322916666666667 0.32493279569892475 0.4466145833333333 0.3299731182795699 0.4635416666666667 0.3299731182795699 0.4876302083333333 0.32426075268817206 0.5045572916666666 0.3192204301075269 0.5078125 0.3094758064516129 0.5078125 0.3030913978494624 0.5032552083333334
8 0.5114247311827957 0.470703125 0.5174731182795699 0.408203125 0.5218413978494624 0.3645833333333333 0.5275537634408602 0.3502604166666667 0.5319220430107527 0.34765625 0.5372983870967742 0.3561197916666667 0.5356182795698925 0.4029947916666667 0.5366095430107527 0.4695319010416667 0.5379704301075269 0.4973958333333333 0.5356182795698925 0.5234375 0.5325940860215054 0.533203125 0.5114247311827957 0.5260416666666666 0.5070564516129032 0.5201822916666666 0.5063844086021505 0.5006510416666666
9 0.5425174731182796 0.4756302083333333 0.5540994623655914 0.3671875 0.5567876344086021 0.3587239583333333 0.5611559139784946 0.3587239583333333 0.5628360215053764 0.3802083333333333 0.5607573924731183 0.48137955729166665 0.5611559139784946 0.5091145833333334 0.5591397849462365 0.5247395833333334 0.5524193548387096 0.537109375 0.5362903225806451 0.5305989583333334 0.5372983870967742 0.5091145833333334
10 0.5655241935483871 0.466796875 0.5715725806451613 0.34765625 0.5759408602150538 0.3190104166666667 0.5803091397849462 0.3020833333333333 0.5860215053763441 0.3020833333333333 0.5901596102150538 0.31292447916666666 0.5913978494623656 0.3287760416666667 0.5883736559139785 0.4635416666666667 0.5907258064516129 0.5078125 0.5870295698924731 0.5286458333333334 0.5802829301075269 0.5370071614583333 0.5692543682795699 0.5370071614583333 0.563508064516129 0.5091145833333334 0.5611559139784946 0.486328125
11 0.5964381720430108 0.34765625 0.6008064516129032 0.341796875 0.6075268817204301 0.3528645833333333 0.6095430107526881 0.404296875 0.6125672043010753 0.48046875 0.6155913978494624 0.5078125 0.6125672043010753 0.5345052083333334 0.6021505376344086 0.5501302083333334 0.5984543010752689 0.5514322916666666 0.5920698924731183 0.5403645833333334 0.5877016129032258 0.5345052083333334 0.584005376344086 0.5234375 0.5826612903225806 0.4947916666666667 0.5877016129032258 0.46484375
12 0.6155913978494624 0.4752604166666667 0.6199596774193549 0.4095052083333333 0.6207503360215054 0.3830709635416667 0.6243279569892473 0.3671875 0.6263440860215054 0.3587239583333333 0.6313844086021505 0.3587239583333333 0.6350806451612904 0.3645833333333333 0.636760752688172 0.4752604166666667 0.6431451612903226 0.5032552083333334 0.6404569892473119 0.5305989583333334 0.636760752688172 0.5416666666666666 0.6330645161290323 0.5442708333333334 0.6219758064516129 0.537109375 0.6169354838709677 0.5319010416666666 0.613239247311828 0.5286458333333334 0.6118951612903226 0.5149739583333334 0.6118951612903226 0.49609375 0.6155913978494624 0.4778645833333333
13 0.6418010752688172 0.4635416666666667 0.6469344758064516 0.39571484375 0.6508188844086021 0.35981966145833333 0.6561975806451613 0.33492513020833337 0.6603810483870968 0.33087239583333333 0.6666562500000001 0.33955664062499996 0.6681502016129032 0.350556640625 0.6705067204301076 0.39161328125 0.6730262096774193 0.37452929687500003 0.6740591397849462 0.3645833333333333 0.6754032258064516 0.361328125 0.6797715053763441 0.3658854166666667 0.68184375 0.37412239583333334 0.6827956989247311 0.3854166666666667 0.6804435483870968 0.435546875 0.676747311827957 0.4563802083333333 0.6797715053763441 0.4817708333333333 0.6827956989247311 0.5091145833333334 0.6797715053763441 0.5286458333333334 0.6723790322580645 0.5358072916666666 0.6636424731182796 0.5286458333333334 0.6565860215053764 0.5390625 0.6461693548387096 0.5305989583333334 0.6381048387096774 0.521484375 0.6374327956989247 0.5006510416666666
14 0.6901881720430108 0.4322916666666667 0.6928763440860215 0.3645833333333333 0.6959005376344086 0.3430989583333333 0.6971696908602151 0.33344596354166667 0.7009485887096775 0.3257174479166667 0.7053575268817204 0.3208359375 0.7089264112903225 0.3257174479166667 0.7106058467741935 0.37778320312499997 0.7156444892473117 0.350123046875 0.717741935483871 0.341796875 0.721942876344086 0.33832682291666666 0.7255120967741935 0.34280143229166665 0.7268145161290323 0.3502604166666667 0.7268145161290323 0.3717447916666667 0.7224462365591398 0.419921875 0.7214381720430108 0.4440104166666667 0.7237903225806451 0.4765625 0.7251344086021505 0.4993489583333333 0.717741935483871 0.5130208333333334 0.7019489247311828 0.5162760416666666 0.697244623655914 0.5234375 0.6915322580645161 0.5247395833333334 0.6834677419354839 0.5104166666666666 0.6814516129032258 0.4889322916666667 0.6858198924731183 0.4635416666666667
16 0.5026881720430108 0.548828125 0.49966397849462363 0.5032552083333334 0.5218413978494624 0.5104166666666666 0.5174731182795699 0.5514322916666666 0.5174731182795699 0.580078125 0.5144489247311828 0.6165364583333334 0.5120967741935484 0.640625 0.5120967741935484 0.6510416666666666 0.5100806451612904 0.65625 0.5070564516129032 0.65625 0.5033602150537635 0.6321614583333334 0.5050403225806451 0.5885416666666666
17 0.5201612903225806 0.5559895833333334 0.519489247311828 0.5162760416666666 0.5231854838709677 0.5130208333333334 0.5349462365591398 0.5188802083333334 0.5423387096774194 0.5260416666666666 0.5416666666666666 0.5319010416666666 0.5372983870967742 0.5670572916666666 0.5372983870967742 0.5944010416666666 0.5342741935483871 0.6438802083333334 0.53125 0.6634114583333334 0.5299059139784946 0.6692708333333334 0.5275537634408602 0.6692708333333334 0.5238575268817204 0.65234375
18 0.5436827956989247 0.5716145833333334 0.5423387096774194 0.5319010416666666 0.5436827956989247 0.5234375 0.5524193548387096 0.5201822916666666 0.5598118279569892 0.5234375 0.5648521505376344 0.5286458333333334 0.5672043010752689 0.537109375 0.5672043010752689 0.5657552083333334 0.5655241935483871 0.5970052083333334 0.5655241935483871 0.6477864583333334 0.5655241935483871 0.6907552083333334 0.5641801075268817 0.7063802083333334 0.5598118279569892 0.7063802083333334 0.551747311827957 0.6822916666666666 0.5467069892473119 0.6536458333333334
19 0.5709005376344086 0.580078125 0.5641801075268817 0.5572916666666666 0.5655241935483871 0.5501302083333334 0.5735887096774194 0.5358072916666666 0.5772849462365591 0.533203125 0.5860215053763441 0.5358072916666666 0.5950940860215054 0.548828125 0.5950940860215054 0.564453125 0.5913978494623656 0.5911458333333334 0.5913978494623656 0.6223958333333334 0.5920698924731183 0.6595052083333334 0.5964381720430108 0.6907552083333334 0.5950940860215054 0.69921875 0.5907258064516129 0.7005208333333334 0.584005376344086 0.6822916666666666 0.5745967741935484 0.6510416666666666 0.5709005376344086 0.6028645833333334
20 0.5950940860215054 0.5872395833333334 0.5897177419354839 0.5716145833333334 0.5877016129032258 0.5546875 0.5877016129032258 0.5455729166666666 0.5950940860215054 0.5416666666666666 0.5994623655913979 0.533203125 0.6075268817204301 0.5319010416666666 0.6139112903225806 0.5403645833333334 0.6169354838709677 0.5546875 0.616263440860215 0.583984375 0.6199596774193549 0.6197916666666666 0.6243279569892473 0.6731770833333334 0.6256720430107527 0.7005208333333334 0.6243279569892473 0.7063802083333334 0.6219758064516129 0.7076822916666666 0.6169354838709677 0.6959635416666666 0.6038306451612904 0.625
21 0.6226478494623656 0.5970052083333334 0.6125672043010753 0.5631510416666666 0.6095430107526881 0.5501302083333334 0.6169354838709677 0.54296875 0.6280241935483871 0.537109375 0.6360887096774194 0.5286458333333334 0.647513440860215 0.5345052083333334 0.6555779569892473 0.5286458333333334 0.6616263440860215 0.5286458333333334 0.6643145161290323 0.5416666666666666 0.6629704301075269 0.564453125 0.6592741935483871 0.5852864583333334 0.6696908602150538 0.615234375 0.6790994623655914 0.6666666666666666 0.6827956989247311 0.6822916666666666 0.6827956989247311 0.6907552083333334 0.678832997311828 0.6964817708333334 0.6751397849462365 0.6956770833333333 0.6683743279569893 0.6727447916666667 0.6609038978494624 0.6501653645833333 0.6561229838709678 0.6299016927083333 0.647513440860215 0.6080729166666666 0.6448252688172043 0.615234375 0.6438770161290323 0.6351490885416667 0.647513440860215 0.6536458333333334 0.6518817204301075 0.69921875 0.6505376344086021 0.708984375 0.6448252688172043 0.7018229166666666 0.6374327956989247 0.6861979166666666 0.6307123655913979 0.6536458333333334 0.627005376344086 0.61593359375
22 0.6746495295698925 0.5969016927083334 0.6622983870967742 0.5631510416666666 0.6579301075268817 0.5390625 0.6643145161290323 0.5319010416666666 0.6740591397849462 0.521484375 0.6797715053763441 0.5201822916666666 0.6858198924731183 0.52734375 0.6922043010752689 0.5188802083333334 0.7009408602150538 0.5188802083333334 0.709005376344086 0.521484375 0.7120295698924731 0.5234375 0.7127016129032258 0.5455729166666666 0.7113575268817204 0.5755208333333334 0.717741935483871 0.611328125 0.7251344086021505 0.6393229166666666 0.7251344086021505 0.6477864583333334 0.7237903225806451 0.6536458333333334 0.71875 0.6549479166666666 0.7120295698924731 0.640625 0.7009408602150538 0.6080729166666666 0.6945564516129032 0.6009114583333334 0.6952284946236559 0.62109375 0.7009408602150538 0.6536458333333334 0.7046370967741935 0.6705729166666666 0.7063172043010753 0.677734375 0.7063172043010753 0.6848958333333334 0.7019489247311828 0.6861979166666666 0.6908602150537635 0.6608072916666666 0.6833151881720431 0.6304811197916667
23 0.7375672043010753 0.57421875 0.7237903225806451 0.568359375 0.7149895833333334 0.55926953125 0.7133736559139785 0.54296875 0.7133736559139785 0.52734375 0.717741935483871 0.5201822916666666 0.7231182795698925 0.5091145833333334 0.727486559139785 0.4973958333333333 0.7311827956989247 0.4837239583333333 0.7348790322580645 0.4778645833333333 0.7405913978494624 0.4752604166666667 0.7479838709677419 0.4791666666666667 0.758736559139785 0.5006510416666666 0.7631048387096774 0.5149739583333334 0.7778897849462365 0.5416666666666666 0.7872983870967742 0.55859375 0.790994623655914 0.5696614583333334 0.7920836693548388 0.5801119791666667 0.790994623655914 0.58984375 0.7829301075268817 0.5924479166666666 0.7661290322580645 0.5657552083333334 0.761760752688172 0.564453125 0.770497311827957 0.5852864583333334 0.7809139784946236 0.5983072916666666 0.7825215053763441 0.6107962239583333 0.7785618279569892 0.6139322916666666 0.7624327956989247 0.6009114583333334 0.7426075268817204 0.5755208333333334
24 0.4808467741935484 0.54296875 0.478494623655914 0.5032552083333334 0.49831989247311825 0.5032552083333334 0.49831989247311825 0.5501302083333334 0.49831989247311825 0.57421875 0.49899193548387094 0.609375 0.4969758064516129 0.6334635416666666 0.49260752688172044 0.6451822916666666 0.490255376344086 0.6451822916666666 0.48588709677419356 0.630859375 0.4852150537634409 0.5944010416666666
25 0.46169354838709675 0.5475260416666666 0.4586693548387097 0.501953125 0.46236559139784944 0.4973958333333333 0.47647849462365593 0.4947916666666667 0.4808467741935484 0.505859375 0.4778225806451613 0.5514322916666666 0.4808467741935484 0.58984375 0.48219086021505375 0.6282552083333334 0.4801747311827957 0.640625 0.47647849462365593 0.6451822916666666 0.47043010752688175 0.63671875 0.46606182795698925 0.5885416666666666
26 0.43548387096774194 0.5514322916666666 0.43111559139784944 0.5104166666666666 0.4338037634408602 0.501953125 0.44489247311827956 0.4993489583333333 0.4586693548387097 0.4993489583333333 0.4603494623655914 0.51171875 0.4596774193548387 0.548828125 0.457997311827957 0.5657552083333334 0.45598118279569894 0.6295572916666666 0.44993279569892475 0.68359375 0.44556451612903225 0.7018229166666666 0.4411962365591398 0.69921875 0.43918010752688175 0.677734375 0.43918010752688175 0.615234375
27 0.40826612903225806 0.580078125 0.4032258064516129 0.537109375 0.4055779569892473 0.5260416666666666 0.41935483870967744 0.5188802083333334 0.42943548387096775 0.5247395833333334 0.43044354838709675 0.5403645833333334 0.4280913978494624 0.5716145833333334 0.4274193548387097 0.6236979166666666 0.4213709677419355 0.6647135416666666 0.4163306451612903 0.6875 0.41263440860215056 0.693359375 0.4099462365591398 0.677734375 0.4112903225806452 0.6334635416666666
28 0.38309038978494625 0.5780045572916667 0.3797043010752688 0.5345052083333334 0.3834005376344086 0.5234375 0.39751344086021506 0.51171875 0.4032258064516129 0.517578125 0.4069220430107527 0.5162760416666666 0.4099462365591398 0.517578125 0.41263440860215056 0.5260416666666666 0.4106182795698925 0.5475260416666666 0.40456989247311825 0.5716145833333334 0.4025537634408602 0.6197916666666666 0.39751344086021506 0.65234375 0.3901209677419355 0.6751302083333334 0.38272849462365593 0.6875 0.37836021505376344 0.6907552083333334 0.37701612903225806 0.68359375 0.3797043010752688 0.6705729166666666 0.3822083333333333 0.6386471354166666
29 0.3359422043010753 0.5659700520833334 0.3336693548387097 0.5390625 0.3336693548387097 0.5188802083333334 0.34038978494623656 0.5091145833333334 0.3484543010752688 0.5032552083333334 0.35786290322580644 0.5032552083333334 0.3696236559139785 0.517578125 0.3834005376344086 0.51171875 0.38844086021505375 0.517578125 0.3901209677419355 0.52734375 0.3870967741935484 0.5475260416666666 0.37701612903225806 0.5716145833333334 0.3714469086021505 0.605365234375 0.3672792338709677 0.62919140625 0.36102620967741933 0.6620501302083334 0.3497983870967742 0.6907552083333334 0.34475806451612906 0.6946614583333334 0.3430779569892473 0.6875 0.3518961693548387 0.64840625 0.35501041666666666 0.6129921875000001 0.34919354838709676 0.6306015625 0.34337668010752687 0.6475071614583333 0.3362147177419355 0.6610891927083333 0.3297637768817204 0.6716582031249999 0.31989247311827956 0.6666666666666666 0.3226186155913979 0.6464850260416667 0.3320470430107527 0.6022897135416666
30 0.28326612903225806 0.5501302083333334 0.2852822580645161 0.5091145833333334 0.2926747311827957 0.5032552083333334 0.30376344086021506 0.505859375 0.31014784946236557 0.5045572916666666 0.31821236559139787 0.5091145833333334 0.3286290322580645 0.505859375 0.33736559139784944 0.5149739583333334 0.34038978494623656 0.5260416666666666 0.33602150537634407 0.54296875 0.3235887096774194 0.5670572916666666 0.3168682795698925 0.5944010416666666 0.3094758064516129 0.630859375 0.2950268817204301 0.6666666666666666 0.2913306451612903 0.6692708333333334 0.28830645161290325 0.6608072916666666 0.2963709677419355 0.625 0.2999899193548387 0.605365234375 0.30073924731182794 0.5755208333333334 0.2963709677419355 0.5872395833333334 0.28696236559139787 0.609375 0.28158602150537637 0.63671875 0.28024193548387094 0.6510416666666666 0.27385752688172044 0.6510416666666666 0.271505376344086 0.630859375
31 0.24663978494623656 0.4817708333333333 0.2604166666666667 0.4752604166666667 0.271505376344086 0.48046875 0.2745295698924731 0.5006510416666666 0.2745295698924731 0.51171875 0.2825940860215054 0.533203125 0.28158602150537637 0.5546875 0.27889784946236557 0.5670572916666666 0.271505376344086 0.568359375 0.259744623655914 0.5657552083333334 0.24596774193548387 0.5716145833333334 0.23051075268817203 0.5716145833333334 0.21875 0.5657552083333334 0.21135752688172044 0.5546875 0.21068548387096775 0.5319010416666666 0.2194220430107527 0.517578125 0.2318548387096774 0.49609375
