0 0.4949596774193548 0.3834635416666667 0.4986559139784946 0.4186197916666667 0.5003360215053764 0.4713541666666667 0.49899193548387094 0.5130208333333334 0.49798387096774194 0.5338541666666666 0.49428763440860213 0.5377604166666666 0.48185483870967744 0.5358072916666666 0.47748655913978494 0.5299479166666666 0.4731182795698925 0.5149739583333334 0.47211021505376344 0.494140625 0.4791666666666667 0.4140625 0.48588709677419356 0.375 0.48717372311827956 0.3703600260416667 0.489247311827957 0.3678385416666667 0.4918975134408602 0.3709700520833333 0.4937869623655914 0.37615624999999997
1 0.47110215053763443 0.35546875 0.4725302419354839 0.362123046875 0.4741263440860215 0.4036458333333333 0.47614247311827956 0.4680989583333333 0.47647849462365593 0.5026041666666666 0.47647849462365593 0.5143229166666666 0.4747983870967742 0.5227864583333334 0.47211021505376344 0.5299479166666666 0.4643817204301075 0.533203125 0.4586693548387097 0.529296875 0.4536290322580645 0.5188802083333334 0.4526209677419355 0.4921875 0.459005376344086 0.404296875 0.4651297043010753 0.36303776041666663 0.46673387096774194 0.357421875 0.4687510080645161 0.35236067708333335
2 0.45076243279569894 0.319966796875 0.45190322580645165 0.3270390625 0.453005376344086 0.36730924479166666 0.45445866935483875 0.4501751302083334 0.4534506048387097 0.5042115885416667 0.45042641129032257 0.5152792968750001 0.44706619623655913 0.5256959635416667 0.4376575940860215 0.5335084635416667 0.42858501344086025 0.5107220052083333 0.4258968413978495 0.482076171875 0.43328931451612906 0.396138671875 0.4437059811827957 0.32908138020833333 0.44513239247311825 0.32154817708333333 0.4480742607526882 0.31671158854166664
3 0.43010752688172044 0.330078125 0.431591061827957 0.33832682291666666 0.4326932123655914 0.34717447916666666 0.4338037634408602 0.40234375 0.4361559139784946 0.470703125 0.43111559139784944 0.5006510416666666 0.4223790322580645 0.5110677083333334 0.41364247311827956 0.5188802083333334 0.4049059139784946 0.525390625 0.39852150537634407 0.50390625 0.39986559139784944 0.4752604166666667 0.4106182795698925 0.40625 0.41901881720430106 0.35546875 0.42473118279569894 0.3352864583333333 0.42733971774193547 0.32917513020833333
4 0.40288978494623656 0.33203125 0.40591397849462363 0.373046875 0.40826612903225806 0.4375 0.4092741935483871 0.4544270833333333 0.40625 0.4830729166666667 0.39986559139784944 0.4915364583333333 0.39213709677419356 0.4954427083333333 0.3793682795698925 0.4973958333333333 0.37466397849462363 0.4837239583333333 0.37600806451612906 0.4557291666666667 0.38676075268817206 0.3815104166666667 0.39381720430107525 0.3372395833333333 0.394903561827957 0.331615234375 0.3971774193548387 0.3268229166666667 0.4002570564516129 0.3273444010416667
5 0.37399193548387094 0.3040364583333333 0.3769532930107527 0.3136158854166667 0.3793682795698925 0.3326822916666667 0.3800403225806452 0.3893229166666667 0.38306451612903225 0.43359375 0.3793682795698925 0.470703125 0.36861559139784944 0.4856770833333333 0.3528225806451613 0.4830729166666667 0.34375 0.47265625 0.33669354838709675 0.4661458333333333 0.33568548387096775 0.44921875 0.34543010752688175 0.4055989583333333 0.3595430107526882 0.3326822916666667 0.36419926075268816 0.31392122395833333 0.36928763440860213 0.3033854166666667 0.3720722446236559 0.3011080729166667
6 0.34139784946236557 0.2864583333333333 0.3434149865591398 0.2998880208333333 0.3444220430107527 0.3268229166666667 0.3444220430107527 0.3990885416666667 0.3430779569892473 0.4290364583333333 0.3333333333333333 0.4537760416666667 0.3262768817204301 0.4544270833333333 0.30981182795698925 0.43359375 0.3010752688172043 0.4309895833333333 0.29939516129032256 0.4186197916666667 0.3034274193548387 0.3828125 0.31216397849462363 0.3522135416666667 0.32493279569892475 0.302734375 0.334005376344086 0.2845052083333333 0.3377463037634409 0.28371874999999996
7 0.3161962365591398 0.2747395833333333 0.3153874327956989 0.288294921875 0.3111559139784946 0.3059895833333333 0.30981182795698925 0.3346354166666667 0.31014784946236557 0.3684895833333333 0.31014784946236557 0.3958333333333333 0.30477150537634407 0.41796875 0.2980510752688172 0.4348958333333333 0.2842741935483871 0.4290364583333333 0.2775537634408602 0.431640625 0.2620967741935484 0.3977864583333333 0.2657930107526882 0.3704427083333333 0.2775537634408602 0.3391927083333333 0.28326612903225806 0.3079427083333333 0.29939516129032256 0.2591145833333333 0.30373555107526884 0.254126953125 0.3079868951612903 0.25290625 0.3112936827956989 0.25565234375 0.3155450268817204 0.26205859375
8 0.521505376344086 0.3684895833333333 0.5232315188172043 0.3767662760416666 0.5241760752688173 0.39446093750000005 0.5252016129032258 0.4388020833333333 0.5258736559139785 0.4765625 0.5272177419354839 0.5149739583333334 0.5252016129032258 0.5397135416666666 0.5181451612903226 0.5455729166666666 0.5043682795698925 0.5416666666666666 0.5003360215053764 0.537109375 0.501008064516129 0.490234375 0.5057123655913979 0.4283854166666667 0.508736559139785 0.3873697916666667 0.5103198924731183 0.37432552083333337 0.5126817876344086 0.3694446614583333 0.5166182795698925 0.362427734375 0.5199247311827957 0.36425846354166663
9 0.5435043682795699 0.373046875 0.544960685483871 0.37890169270833335 0.5452755376344086 0.384087890625 0.5451844758064517 0.4186197916666667 0.5488807123655914 0.4752604166666667 0.5488807123655914 0.5 0.5485446908602151 0.521484375 0.5468645833333333 0.5358072916666666 0.5391360887096774 0.5416666666666666 0.5317436155913978 0.5358072916666666 0.5273753360215054 0.5227864583333334 0.5280473790322581 0.490234375 0.5347678091397849 0.416015625 0.5381280241935484 0.3834635416666667 0.5401441532258064 0.3763020833333333 0.5413390456989248 0.37310546875
10 0.5677920026881721 0.33680143229166665 0.5703111559139785 0.3425983072916667 0.5717284946236559 0.35236067708333335 0.5752688172043011 0.4225260416666667 0.5786290322580645 0.4772135416666667 0.5799731182795699 0.5149739583333334 0.5789650537634409 0.525390625 0.574260752688172 0.5403645833333334 0.5638440860215054 0.5481770833333334 0.5554435483870968 0.5299479166666666 0.5510752688172043 0.49609375 0.5547715053763441 0.4348958333333333 0.5574596774193549 0.3873697916666667 0.5604838709677419 0.3541666666666667 0.5622809139784946 0.3425983072916667 0.5648004032258065 0.337412109375
11 0.583380376344086 0.34930989583333333 0.5910618279569892 0.4108072916666667 0.6014784946236559 0.4622395833333333 0.6078629032258065 0.5045572916666666 0.604502688172043 0.5208333333333334 0.5981182795698925 0.5286458333333334 0.5860215053763441 0.5247395833333334 0.5799731182795699 0.5182291666666666 0.5759408602150538 0.5149739583333334 0.572244623655914 0.5026041666666666 0.5705645161290323 0.466796875 0.5735887096774194 0.390625 0.5756649865591398 0.349919921875 0.5769243951612902 0.34229296875 0.5789650537634409 0.3391927083333333 0.5814909274193548 0.34290299479166664
12 0.6092069892473119 0.3287760416666667 0.6106202956989247 0.33832682291666666 0.6110927419354839 0.346869140625 0.6186155913978495 0.4147135416666667 0.6276881720430108 0.47265625 0.6286962365591398 0.4954427083333333 0.6243279569892473 0.5091145833333334 0.6155913978494624 0.5110677083333334 0.6078629032258065 0.5084635416666666 0.5984543010752689 0.4993489583333333 0.5961021505376344 0.4752604166666667 0.5974462365591398 0.4140625 0.6004704301075269 0.349609375 0.6008581989247311 0.3392421875 0.6022752016129033 0.333140625 0.604502688172043 0.328125 0.6066841397849462 0.32612434895833337
13 0.6374327956989247 0.3138020833333333 0.6388054435483871 0.3209381510416667 0.6392775537634409 0.333140625 0.6400648521505377 0.35113997395833335 0.6428091397849462 0.361328125 0.6480954301075269 0.32978515625 0.6491975806451613 0.32032747395833333 0.6506145833333333 0.3148365885416667 0.6515594758064516 0.31178580729166666 0.6532258064516129 0.3118489583333333 0.6550235215053763 0.3142265625 0.6554959677419355 0.3172766927083333 0.6559680779569893 0.3325305989583333 0.6599462365591398 0.373046875 0.6639784946236559 0.4264322916666667 0.6653225806451613 0.4596354166666667 0.664986559139785 0.4811197916666667 0.6616263440860215 0.4895833333333333 0.6491935483870968 0.4889322916666667 0.644489247311828 0.5 0.6360887096774194 0.5006510416666666 0.6266801075268817 0.5 0.6219758064516129 0.4791666666666667 0.6179435483870968 0.4518229166666667 0.6233198924731183 0.408203125 0.6219758064516129 0.3763020833333333 0.6266801075268817 0.330078125 0.6274684139784946 0.3163619791666667 0.6292002688172043 0.31178580729166666 0.6313844086021505 0.3098958333333333 0.6353413978494624 0.31056510416666666
14 0.6772409274193548 0.2903645833333333 0.6806011424731183 0.3333333333333333 0.6883296370967742 0.375 0.6967301747311828 0.404296875 0.7000903897849462 0.4290364583333333 0.7007624327956989 0.4518229166666667 0.6937059811827957 0.4596354166666667 0.6849694220430108 0.466796875 0.6819452284946237 0.4733072916666667 0.6748887768817204 0.4733072916666667 0.6641360887096774 0.46484375 0.6570796370967742 0.443359375 0.6577516801075269 0.3990885416666667 0.6595897177419355 0.32795442708333333 0.6619516129032258 0.3084296875 0.6654801747311828 0.296875 0.6676199596774194 0.2898203125 0.671084005376344 0.28646419270833334 0.6742331989247312 0.2873795572916667
15 0.6870470430107527 0.3151022135416667 0.686334005376344 0.3333919270833334 0.6890178091397849 0.35641666666666666 0.6932352150537635 0.37647005208333334 0.6940020161290322 0.39429557291666667 0.6943854166666666 0.41212109375 0.6986028225806451 0.425490234375 0.7055040322580645 0.4321744791666667 0.7104885752688173 0.43366015625 0.7200735887096774 0.42771809895833335 0.7235241935483872 0.4180625 0.7269747983870968 0.4113782552083333 0.7304254032258065 0.409892578125 0.7331092069892474 0.403951171875 0.7334926075268816 0.39429557291666667 0.7323424059139785 0.3809264322916666 0.7250577956989247 0.36384375 0.7189233870967742 0.3527024739583333 0.709338373655914 0.334134765625 0.7043538306451613 0.318537109375 0.6978360215053764 0.30888151041666667 0.6943854166666666 0.30516796875 0.6905514112903226 0.3066536458333333 0.6884045698924731 0.30873502604166664
16 0.4956317204301075 0.5696595052083333 0.4956317204301075 0.5449199218749999 0.5 0.5410136718749999 0.5073924731182796 0.5410136718749999 0.5120967741935484 0.5449199218749999 0.511760752688172 0.5553365885416667 0.5084005376344086 0.6516907552083333 0.5081155913978495 0.6650611979166666 0.5076431451612904 0.6714680989583334 0.5063844086021505 0.6764303385416667 0.5044939516129032 0.6763489583333334 0.502132056451613 0.6681119791666666 0.5008726478494624 0.6604850260416667 0.49966397849462363 0.6432272135416667
17 0.5141129032258065 0.5625 0.5147849462365591 0.5436197916666666 0.519489247311828 0.5377604166666666 0.5292338709677419 0.5436197916666666 0.5315860215053764 0.5520833333333334 0.5292338709677419 0.5924479166666666 0.5262096774193549 0.6569010416666666 0.524963373655914 0.6675019531249999 0.5237039650537634 0.6766542968749999 0.5221293682795699 0.6818404947916666 0.5200823252688173 0.6848912760416667 0.5180352822580645 0.6833658854166668 0.5159885752688173 0.678484375 0.5147288306451613 0.672078125 0.5133114919354839 0.6635358072916667 0.5126817876344086 0.65041796875 0.5131048387096774 0.6282552083333334
18 0.5305779569892473 0.5852864583333334 0.5332661290322581 0.5559895833333334 0.5359543010752689 0.5501302083333334 0.5413306451612904 0.5403645833333334 0.5551075268817204 0.5462239583333334 0.5571236559139785 0.5559895833333334 0.5581317204301075 0.5625 0.5554435483870968 0.6002604166666666 0.5450268817204301 0.6796875 0.5408665994623656 0.6977044270833334 0.5374025537634408 0.7007552083333333 0.5340961021505376 0.6964837239583334 0.5326787634408602 0.6894674479166666 0.5315766129032258 0.6815351562499999 0.5299059139784946 0.6673177083333334 0.5278897849462365 0.6334635416666666
19 0.553763440860215 0.5696614583333334 0.5520833333333334 0.5540364583333334 0.5551075268817204 0.5455729166666666 0.5628360215053764 0.5423177083333334 0.5668682795698925 0.5377604166666666 0.5752688172043011 0.5384114583333334 0.5799731182795699 0.5475260416666666 0.5806451612903226 0.564453125 0.5776209677419355 0.6171875 0.572244623655914 0.666015625 0.5677920026881721 0.6836705729166667 0.5655877016129033 0.68763671875 0.5629106182795699 0.6900774739583334 0.5611787634408603 0.6864166666666667 0.5599190188172043 0.6812304687499999 0.5596041666666667 0.673603515625 0.5594465725806451 0.6662819010416666 0.5591397849462365 0.6510416666666666
20 0.5745967741935484 0.564453125 0.5715725806451613 0.55078125 0.572244623655914 0.5338541666666666 0.5799731182795699 0.5319010416666666 0.5873655913978495 0.525390625 0.5950940860215054 0.51953125 0.6028225806451613 0.5227864583333334 0.6058467741935484 0.5397135416666666 0.6061827956989247 0.5709635416666666 0.6087308467741935 0.6400455729166666 0.6090456989247311 0.651943359375 0.6084159946236559 0.661095703125 0.6071908602150538 0.6673177083333334 0.6040070564516129 0.6671966145833333 0.6008581989247311 0.6638411458333333 0.5969217069892473 0.654994140625 0.5926703629032258 0.6397402343749999
21 0.5964381720430108 0.5416666666666666 0.5907258064516129 0.5143229166666666 0.594758064516129 0.5 0.603494623655914 0.498046875 0.6125672043010753 0.4921875 0.6199596774193549 0.4876302083333333 0.6330645161290323 0.4921875 0.6404569892473119 0.4993489583333333 0.6434811827956989 0.5123697916666666 0.6427415994623655 0.5485227864583333 0.6473081317204301 0.5729290364583334 0.6589600134408602 0.615029296875 0.6619516129032258 0.6311979166666667 0.6616263440860215 0.6399739583333334 0.659747311827957 0.6434010416666667 0.6575426747311828 0.6418756510416667 0.6539213709677419 0.6360794270833333 0.6478494623655914 0.6217447916666666 0.6402224462365591 0.602826171875 0.6327284946236559 0.58984375 0.6273521505376344 0.5833333333333334 0.6255789650537634 0.5924537760416667 0.6284129704301075 0.6067923177083333 0.6320564516129032 0.6126302083333334 0.6394489247311828 0.6263020833333334 0.6427415994623655 0.6342486979166667 0.6434811827956989 0.640625 0.6419543010752687 0.6464518229166667 0.6384408602150538 0.646484375 0.6348689516129032 0.64462109375 0.6223118279569892 0.6282552083333334 0.6068548387096774 0.58984375
22 0.6814516129032258 0.4811197916666667 0.6838037634408602 0.4973958333333333 0.6844758064516129 0.5208333333333334 0.6922043010752689 0.556640625 0.7017883064516128 0.586046875 0.7030480510752689 0.593673828125 0.7044650537634408 0.6000807291666667 0.7044650537634408 0.6046569010416667 0.703205309139785 0.6070970052083333 0.7013158602150538 0.6067923177083333 0.6932856182795698 0.596419921875 0.6765950940860215 0.5546243489583333 0.6740591397849462 0.5546875 0.6838037634408602 0.583984375 0.6899791666666667 0.59489453125 0.6928131720430107 0.599775390625 0.6943877688172043 0.6049615885416667 0.6945564516129032 0.6087239583333334 0.6932856182795698 0.6131985677083334 0.6909237231182795 0.6122838541666666 0.6832083333333333 0.6055716145833333 0.6676747311827957 0.587890625 0.6555779569892473 0.5592447916666666 0.6491935483870968 0.5384114583333334 0.6418010752688172 0.52734375 0.6360887096774194 0.5162760416666666 0.6330645161290323 0.5026041666666666 0.6381048387096774 0.4850260416666667 0.6458333333333334 0.4798177083333333 0.6542338709677419 0.478515625 0.665994623655914 0.46875 0.6760752688172043 0.4661458333333333
23 0.6865151209677419 0.5299134114583334 0.6825786290322581 0.52106640625 0.6836807795698925 0.5006263020833334 0.6867174059139786 0.49456380208333334 0.6873020833333333 0.48323697916666664 0.6912385752688173 0.4756106770833333 0.6943877688172043 0.4722545572916667 0.69553561827957 0.46411197916666663 0.697452620967742 0.45297070312500004 0.7035870295698925 0.4462864583333333 0.7116387768817204 0.4462864583333333 0.7223739919354838 0.4574270833333333 0.7279264112903227 0.4679837239583333 0.7376885080645161 0.48445768229166664 0.7438296370967743 0.4954401041666667 0.7494979838709677 0.507337890625 0.751859879032258 0.5158802083333334 0.7524895833333334 0.5247272135416666 0.7502852822580646 0.52716796875 0.7455614919354839 0.522591796875 0.7395782930107527 0.5113040364583333 0.7308088037634409 0.5005052083333333 0.7269747983870968 0.5027337239583333 0.7269747983870968 0.5071901041666667 0.7311922043010752 0.5138743489583334 0.7365601478494624 0.5190735677083333 0.7407775537634409 0.5213020833333334 0.744301747311828 0.5259479166666666 0.7468212365591398 0.5311341145833334 0.7469784946236558 0.5390657552083333 0.7449317876344086 0.5430319010416667 0.7392439516129031 0.5465546875 0.7262079973118281 0.543583984375 0.7150893817204301 0.5383847656249999 0.7024368279569894 0.5346712239583333 0.695175067204301 0.5357102864583333
24 0.4791666666666667 0.5540364583333334 0.4791666666666667 0.537109375 0.4852150537634409 0.5338541666666666 0.4949596774193548 0.5358072916666666 0.4959677419354839 0.5377604166666666 0.4956317204301075 0.5579427083333334 0.49126344086021506 0.6197916666666666 0.48859072580645163 0.6577395833333334 0.4874885752688172 0.6647565104166667 0.4852150537634409 0.66796875 0.4832372311827957 0.6678072916666666 0.48182022849462364 0.6635358072916667 0.4813477822580645 0.6571295572916667 0.4819774865591398 0.6510279947916667 0.48286290322580644 0.6360677083333334
25 0.4596774193548387 0.5611979166666666 0.4596774193548387 0.5436197916666666 0.4643817204301075 0.529296875 0.46975806451612906 0.52734375 0.47748655913978494 0.5377604166666666 0.48051075268817206 0.5462239583333334 0.4791666666666667 0.5755208333333334 0.47748655913978494 0.6028645833333334 0.47748655913978494 0.6399739583333334 0.4754704301075269 0.6595052083333334 0.47190020161290325 0.6702473958333334 0.46969590053763444 0.6754335937499999 0.4673340053763441 0.6790950520833333 0.4643817204301075 0.681640625 0.46166565860215053 0.678484375 0.4605635080645161 0.6675019531249999 0.46103561827956985 0.661400390625 0.4619805107526882 0.6330286458333333
26 0.43514784946236557 0.580078125 0.4344758064516129 0.5481770833333334 0.43985215053763443 0.525390625 0.4459005376344086 0.5234375 0.4512768817204301 0.529296875 0.4576612903225806 0.5397135416666666 0.46001344086021506 0.5462239583333334 0.46102150537634407 0.5716145833333334 0.46135752688172044 0.625 0.459005376344086 0.64453125 0.45463709677419356 0.671875 0.448252688172043 0.6907552083333334 0.4449751344086022 0.6983144531250001 0.4402513440860215 0.7004498697916667 0.437417002688172 0.6949583333333332 0.43694489247311824 0.6855013020833334
27 0.4106182795698925 0.5716145833333334 0.4106182795698925 0.5501302083333334 0.41364247311827956 0.5234375 0.415994623655914 0.51953125 0.4210349462365591 0.5188802083333334 0.4284274193548387 0.5266927083333334 0.4344758064516129 0.5286458333333334 0.43951612903225806 0.53515625 0.4405241935483871 0.5436197916666666 0.43850806451612906 0.5625 0.42943548387096775 0.63671875 0.42473118279569894 0.6822916666666666 0.42356081989247313 0.6964837239583334 0.42167137096774193 0.6995345052083333 0.41901881720430106 0.7005208333333334 0.4166327284946236 0.6995345052083333 0.4150581317204301 0.6952636718749999 0.4134835349462366 0.6803151041666666
28 0.3834005376344086 0.5416666666666666 0.38776881720430106 0.5143229166666666 0.39213709677419356 0.50390625 0.40053763440860213 0.50390625 0.40524193548387094 0.5065104166666666 0.4106182795698925 0.5149739583333334 0.4176747311827957 0.5182291666666666 0.42036290322580644 0.525390625 0.4210349462365591 0.5319010416666666 0.40961021505376344 0.58203125 0.396505376344086 0.6360677083333334 0.3882903225806451 0.6604850260416667 0.38561357526881723 0.6638411458333333 0.38262197580645163 0.6623157552083333 0.38088978494623654 0.655298828125 0.3815198252688172 0.6452317708333334 0.38205645161290325 0.6263020833333334
29 0.3467741935483871 0.5169270833333334 0.34576612903225806 0.4895833333333333 0.35719086021505375 0.478515625 0.37331989247311825 0.4869791666666667 0.3803763440860215 0.4869791666666667 0.38676075268817206 0.4869791666666667 0.395497311827957 0.4889322916666667 0.39885752688172044 0.4915364583333333 0.39885752688172044 0.498046875 0.39818548387096775 0.5130208333333334 0.38676075268817206 0.548828125 0.37768817204301075 0.583984375 0.36010551075268815 0.6220462239583333 0.3544368279569893 0.630283203125 0.35034307795698927 0.6351640625 0.3477822580645161 0.6334635416666666 0.3468790322580645 0.6308932291666667 0.3475087365591398 0.6250963541666666 0.35034307795698927 0.6156393229166667 0.3541666666666667 0.607421875 0.3595430107526882 0.583984375 0.3595430107526882 0.56640625 0.3521505376344086 0.580078125 0.34089549731182794 0.6019108072916667 0.33569959677419353 0.6131985677083334 0.3325504032258064 0.6128938802083334 0.33129065860215057 0.60740234375 0.3323252688172043 0.5989583333333334 0.34375 0.5436197916666666
30 0.30414180107526884 0.4713541666666667 0.3085100806451613 0.44921875 0.3138864247311828 0.4440104166666667 0.3222869623655914 0.4453125 0.331695564516129 0.4557291666666667 0.34177620967741934 0.4641927083333333 0.3484966397849462 0.466796875 0.3528649193548387 0.4772135416666667 0.3535369623655914 0.4869791666666667 0.35118481182795697 0.505859375 0.3427842741935484 0.5182291666666666 0.3263192204301075 0.5455729166666666 0.31455846774193547 0.5677083333333334 0.30145362903225803 0.58984375 0.2881471774193548 0.5994707031250001 0.2857856182795699 0.5979453124999999 0.28465255376344084 0.5944010416666666 0.2846831317204301 0.5878776041666667 0.2917688172043011 0.575064453125 0.2955477150537634 0.5634720052083334 0.29607728494623653 0.5579427083333334 0.2898793682795699 0.5707936197916667 0.28364448924731184 0.5852864583333334 0.28106182795698925 0.58879296875 0.278940188172043 0.5872395833333334 0.27806989247311825 0.5817760416666666 0.27822748655913976 0.5759798177083334 0.27994825268817203 0.5677083333333334 0.2987654569892473 0.50390625
31 0.2500060483870968 0.5413990885416667 0.25359072580645164 0.5288548177083333 0.2522956989247312 0.5138020833333333 0.2512597446236559 0.4967421875 0.24996438172043012 0.47416341145833335 0.25048252688172046 0.45509635416666666 0.2530725806451613 0.437033203125 0.2587711693548387 0.4285032552083334 0.2634334677419355 0.4280013020833333 0.2691317204301075 0.42950651041666665 0.27586592741935484 0.42950651041666665 0.28260047043010755 0.4285032552083334 0.28596774193548385 0.42950651041666665 0.2914069220430107 0.43653125 0.29296102150537634 0.441046875 0.2991774193548387 0.44355598958333337 0.30254469086021507 0.452587890625 0.30383971774193547 0.47065104166666666 0.30383971774193547 0.4836966145833333 0.2978823924731183 0.5012584635416667 0.28881686827956987 0.522833984375 0.28156451612903227 0.5419010416666666 0.2763840725806452 0.5549466145833334 0.2670594758064516 0.5664869791666667 0.25980712365591396 0.568494140625 0.25074159946236557 0.5564518229166667 0.249255376344086 0.5500481770833333
