0 0.45598118279569894 0.4830729166666667 0.45530913978494625 0.4446614583333333 0.46001344086021506 0.4290364583333333 0.46841397849462363 0.4231770833333333 0.47614247311827956 0.4342447916666667 0.4808467741935484 0.4694010416666667 0.4838709677419355 0.4869791666666667 0.489247311827957 0.5423177083333334 0.4845430107526882 0.5533854166666666 0.4586693548387097 0.5475260416666666 0.4536290322580645 0.5345052083333334
1 0.42439516129032256 0.4908854166666667 0.4230510752688172 0.4583333333333333 0.4210349462365591 0.431640625 0.41969086021505375 0.4127604166666667 0.4217069892473118 0.404296875 0.427755376344086 0.404296875 0.43783602150537637 0.4231770833333333 0.4489247311827957 0.4921875 0.45598118279569894 0.5208333333333334 0.45598118279569894 0.5358072916666666 0.4543010752688172 0.548828125 0.43481182795698925 0.5559895833333334 0.4270833333333333 0.5475260416666666 0.4223790322580645 0.533203125
2 0.3914650537634409 0.501953125 0.38676075268817206 0.408203125 0.38743279569892475 0.3854166666666667 0.3894489247311828 0.3743489583333333 0.39381720430107525 0.3717447916666667 0.3958333333333333 0.3815104166666667 0.40356182795698925 0.4069010416666667 0.40961021505376344 0.4368489583333333 0.415994623655914 0.4921875 0.4223790322580645 0.5286458333333334 0.4210349462365591 0.548828125 0.415994623655914 0.5638020833333334 0.40288978494623656 0.5696614583333334 0.396505376344086 0.5651041666666666 0.3894489247311828 0.5533854166666666
3 0.36155913978494625 0.509765625 0.3595430107526882 0.4368489583333333 0.3581989247311828 0.4205729166666667 0.3595430107526882 0.4153645833333333 0.3629032258064516 0.4153645833333333 0.365255376344086 0.4205729166666667 0.3713037634408602 0.439453125 0.3834005376344086 0.505859375 0.3894489247311828 0.5234375 0.3907930107526882 0.5423177083333334 0.3887768817204301 0.55078125 0.3860887096774194 0.5572916666666666 0.37701612903225806 0.568359375 0.36861559139784944 0.572265625 0.3629032258064516 0.5638020833333334 0.3595430107526882 0.55078125
4 0.332997311827957 0.515625 0.3370295698924731 0.4329427083333333 0.3370295698924731 0.4231770833333333 0.3400537634408602 0.41796875 0.34274193548387094 0.421875 0.34543010752688175 0.4342447916666667 0.3538306451612903 0.5032552083333334 0.36088709677419356 0.5384114583333334 0.36155913978494625 0.5436197916666666 0.3575268817204301 0.5533854166666666 0.35248655913978494 0.5611979166666666 0.34408602150537637 0.56640625 0.3407258064516129 0.56640625 0.33568548387096775 0.5638020833333334 0.3316532258064516 0.5546875 0.32963709677419356 0.5436197916666666
5 0.290994623655914 0.4993489583333333 0.29401881720430106 0.48828125 0.29536290322580644 0.470703125 0.29536290322580644 0.4446614583333333 0.2960349462365591 0.4381510416666667 0.29903494623655913 0.43467773437499996 0.3024193548387097 0.439453125 0.30510752688172044 0.453125 0.3064516129032258 0.4596354166666667 0.30913978494623656 0.4596354166666667 0.30981182795698925 0.4446614583333333 0.30981182795698925 0.4290364583333333 0.31172815860215053 0.4220950520833333 0.3158608870967742 0.42095117187500003 0.319403561827957 0.42724283854166667 0.3211747311827957 0.441541015625 0.3241266801075269 0.4890123697916667 0.33030913978494625 0.5286458333333334 0.3323252688172043 0.5423177083333334 0.32594086021505375 0.5546875 0.31888440860215056 0.55859375 0.31216397849462363 0.5611979166666666 0.3057795698924731 0.5559895833333334 0.2960349462365591 0.5625 0.28830645161290325 0.5475260416666666 0.2856182795698925 0.53125
6 0.2540322580645161 0.52734375 0.24361559139784947 0.5286458333333334 0.2415994623655914 0.5182291666666666 0.24092741935483872 0.4947916666666667 0.24361559139784947 0.4830729166666667 0.25336021505376344 0.4641927083333333 0.25977352150537636 0.43582161458333335 0.26006888440860215 0.410083984375 0.2630208333333333 0.39750130208333334 0.2686293682795699 0.3940696614583334 0.2748286290322581 0.4049368489583333 0.28102788978494625 0.4255266927083334 0.2836844758064516 0.45812760416666665 0.2842741935483871 0.501953125 0.2856182795698925 0.5182291666666666 0.2842741935483871 0.5299479166666666 0.2819220430107527 0.5358072916666666 0.27419354838709675 0.5397135416666666 0.26176075268817206 0.544921875
7 0.21303763440860216 0.474609375 0.20665322580645162 0.4720052083333333 0.20463709677419356 0.4583333333333333 0.2086693548387097 0.439453125 0.22043010752688172 0.42578125 0.22681451612903225 0.4127604166666667 0.23454301075268819 0.3802083333333333 0.23891129032258066 0.3717447916666667 0.2422715053763441 0.3717447916666667 0.24630376344086022 0.373046875 0.2493279569892473 0.3828125 0.25 0.404296875 0.2506720430107527 0.4479166666666667 0.25 0.474609375 0.24361559139784947 0.48828125 0.23387096774193547 0.498046875 0.22547043010752688 0.501953125 0.22043010752688172 0.501953125
8 0.489247311827957 0.48828125 0.4949596774193548 0.431640625 0.49966397849462363 0.4153645833333333 0.5040322580645161 0.4114583333333333 0.508736559139785 0.4114583333333333 0.5124327956989247 0.4127604166666667 0.5171370967741935 0.4205729166666667 0.5201612903225806 0.4342447916666667 0.5208333333333334 0.4596354166666667 0.521505376344086 0.48828125 0.5262096774193549 0.5221354166666666 0.5255376344086021 0.5436197916666666 0.5221774193548387 0.55859375 0.5188172043010753 0.5625 0.489247311827957 0.5638020833333334 0.48655913978494625 0.5533854166666666 0.4852150537634409 0.5423177083333334
9 0.5305779569892473 0.4993489583333333 0.5352822580645161 0.4420572916666667 0.5453629032258065 0.4016927083333333 0.5514112903225806 0.390625 0.5551075268817204 0.390625 0.5564516129032258 0.3938802083333333 0.5564516129032258 0.4055989583333333 0.5564516129032258 0.4609375 0.5564516129032258 0.4934895833333333 0.5591397849462365 0.5208333333333334 0.5598118279569892 0.541015625 0.5557795698924731 0.5559895833333334 0.53125 0.5598958333333334 0.5255376344086021 0.5462239583333334
10 0.5661962365591398 0.4908854166666667 0.5688844086021505 0.4446614583333333 0.5812432795698924 0.38720638020833337 0.582424059139785 0.37633984375 0.5856854838709677 0.369140625 0.5886233198924731 0.3700481770833333 0.5920698924731183 0.3802083333333333 0.5940860215053764 0.4069010416666667 0.5961021505376344 0.4720052083333333 0.5940860215053764 0.49609375 0.5967741935483871 0.5358072916666666 0.5934139784946236 0.55859375 0.5843413978494624 0.5696614583333334 0.5655241935483871 0.5625 0.5604838709677419 0.5462239583333334 0.5604838709677419 0.5260416666666666
11 0.6003333333333334 0.5062929687500001 0.6115591397849462 0.4290364583333333 0.616263440860215 0.4140625 0.6199596774193549 0.4127604166666667 0.6246639784946236 0.421875 0.6246639784946236 0.474609375 0.6233198924731183 0.509765625 0.6283602150537635 0.5423177083333334 0.6283602150537635 0.5533854166666666 0.6233198924731183 0.5638020833333334 0.6179435483870968 0.5696614583333334 0.602486559139785 0.5638020833333334 0.5967741935483871 0.55078125 0.592741935483871 0.5423177083333334 0.592741935483871 0.5260416666666666
12 0.6330645161290323 0.5045572916666666 0.6330645161290323 0.4772135416666667 0.6330645161290323 0.4505208333333333 0.6381048387096774 0.431640625 0.6428091397849462 0.431640625 0.6478494623655914 0.4446614583333333 0.6498655913978495 0.4694010416666667 0.6535618279569892 0.5110677083333334 0.6569220430107527 0.544921875 0.65625 0.55859375 0.6478494623655914 0.5651041666666666 0.6401209677419355 0.5651041666666666 0.6276881720430108 0.5533854166666666 0.6246639784946236 0.537109375
13 0.6583921370967742 0.5034108072916667 0.6646505376344086 0.4759114583333333 0.6633064516129032 0.435546875 0.665994623655914 0.41796875 0.6693548387096774 0.4114583333333333 0.6750672043010753 0.4114583333333333 0.6750672043010753 0.4290364583333333 0.675739247311828 0.4518229166666667 0.6790994623655914 0.4557291666666667 0.6834677419354839 0.453125 0.6854838709677419 0.4368489583333333 0.6861559139784946 0.4069010416666667 0.6898521505376344 0.4069010416666667 0.6932123655913979 0.4153645833333333 0.6945564516129032 0.4446614583333333 0.6911962365591398 0.4772135416666667 0.6995967741935484 0.5123697916666666 0.7022849462365591 0.537109375 0.6989247311827957 0.5533854166666666 0.6945564516129032 0.5533854166666666 0.6854838709677419 0.5533854166666666 0.6764112903225806 0.5638020833333334 0.6666666666666666 0.5625 0.6569220430107527 0.55078125 0.6555779569892473 0.5234375
14 0.6995967741935484 0.4921875 0.7016129032258065 0.4420572916666667 0.7029569892473119 0.4231770833333333 0.7049731182795699 0.4166666666666667 0.7086693548387096 0.4205729166666667 0.710013440860215 0.4329427083333333 0.7113575268817204 0.4368489583333333 0.7113575268817204 0.41796875 0.7113575268817204 0.4029947916666667 0.7113575268817204 0.4069010416666667 0.7113575268817204 0.3938802083333333 0.7140456989247311 0.3880208333333333 0.7184139784946236 0.3990885416666667 0.7254704301075269 0.4466145833333333 0.7365591397849462 0.4733072916666667 0.7436155913978495 0.4921875 0.7449596774193549 0.5123697916666666 0.7405913978494624 0.5260416666666666 0.7301747311827957 0.5208333333333334 0.7184139784946236 0.5384114583333334 0.7093413978494624 0.5397135416666666 0.7022849462365591 0.5234375
15 0.7405913978494624 0.45703125 0.7372311827956989 0.4127604166666667 0.7379032258064516 0.3919270833333333 0.7372311827956989 0.3704427083333333 0.7405913978494624 0.3567708333333333 0.7463037634408602 0.3600260416666667 0.7516801075268817 0.373046875 0.761760752688172 0.4016927083333333 0.7735215053763441 0.4290364583333333 0.7819220430107527 0.439453125 0.7839381720430108 0.4583333333333333 0.7846102150537635 0.474609375 0.7825940860215054 0.4830729166666667 0.7741935483870968 0.4856770833333333 0.771505376344086 0.5006510416666666 0.7644489247311828 0.5045572916666666 0.7503360215053764 0.5045572916666666 0.7442876344086021 0.4934895833333333 0.7405913978494624 0.478515625
16 0.4969758064516129 0.6087239583333334 0.4956317204301075 0.5748697916666666 0.49966397849462363 0.56640625 0.5060483870967742 0.5696614583333334 0.509744623655914 0.5787760416666666 0.5131048387096774 0.5826822916666666 0.5171370967741935 0.5911458333333334 0.5188172043010753 0.6048177083333334 0.5201612903225806 0.6315104166666666 0.521505376344086 0.6751302083333334 0.521505376344086 0.6940104166666666 0.5188172043010753 0.703125 0.5164650537634409 0.703125 0.5104166666666666 0.7018229166666666 0.5047043010752689 0.685546875 0.49966397849462363 0.65625
17 0.5188172043010753 0.62109375 0.5137768817204301 0.5950520833333334 0.5137768817204301 0.5859375 0.5144489247311828 0.580078125 0.5241935483870968 0.5748697916666666 0.5325940860215054 0.5735677083333334 0.5352822580645161 0.576171875 0.5389784946236559 0.5826822916666666 0.540994623655914 0.59375 0.540994623655914 0.607421875 0.5383064516129032 0.6263020833333334 0.5383064516129032 0.6829427083333334 0.5383064516129032 0.7057291666666666 0.5383064516129032 0.716796875 0.5376344086021505 0.7220052083333334 0.5339381720430108 0.7220052083333334 0.5278897849462365 0.712890625
18 0.5467069892473119 0.638671875 0.5396505376344086 0.607421875 0.540994623655914 0.5950520833333334 0.5480510752688172 0.580078125 0.5534274193548387 0.5774739583333334 0.5591397849462365 0.5787760416666666 0.5661962365591398 0.583984375 0.5702284946236559 0.5989583333333334 0.5702284946236559 0.6165364583333334 0.5688844086021505 0.6399739583333334 0.5688844086021505 0.7233072916666666 0.5688844086021505 0.7395833333333334 0.5668682795698925 0.7454427083333334 0.5591397849462365 0.7454427083333334 0.5534274193548387 0.7194010416666666
19 0.5799731182795699 0.6399739583333334 0.5688844086021505 0.607421875 0.5709005376344086 0.5963541666666666 0.5759408602150538 0.583984375 0.5786290322580645 0.580078125 0.5870295698924731 0.580078125 0.5967741935483871 0.5859375 0.6004704301075269 0.5963541666666666 0.6011424731182796 0.6165364583333334 0.5997983870967742 0.6341145833333334 0.602486559139785 0.6966145833333334 0.6031586021505376 0.7180989583333334 0.602486559139785 0.7252604166666666 0.6004704301075269 0.7278645833333334 0.5954301075268817 0.7233072916666666
20 0.6051747311827957 0.6354166666666666 0.5954301075268817 0.6139322916666666 0.5954301075268817 0.5911458333333334 0.5997983870967742 0.58984375 0.6051747311827957 0.5924479166666666 0.6115591397849462 0.5826822916666666 0.6233198924731183 0.580078125 0.6303763440860215 0.5826822916666666 0.6317204301075269 0.6061197916666666 0.6317204301075269 0.6341145833333334 0.6360887096774194 0.6953125 0.633736559139785 0.7180989583333334 0.6310483870967742 0.720703125 0.6233198924731183 0.7115885416666666
21 0.6360887096774194 0.6399739583333334 0.6233198924731183 0.6087239583333334 0.6219758064516129 0.58984375 0.623991935483871 0.5813802083333334 0.6310483870967742 0.5774739583333334 0.6387768817204301 0.580078125 0.6458333333333334 0.580078125 0.6542338709677419 0.5696614583333334 0.6596102150537635 0.5709635416666666 0.665994623655914 0.572265625 0.6706989247311828 0.56640625 0.6750672043010753 0.5696614583333334 0.6750672043010753 0.6048177083333334 0.6737231182795699 0.62890625 0.6861559139784946 0.6868489583333334 0.6868279569892473 0.6953125 0.6848118279569892 0.7102864583333334 0.6821236559139785 0.7102864583333334 0.6737231182795699 0.6829427083333334 0.6633064516129032 0.6516927083333334 0.6582661290322581 0.6529947916666666 0.6549059139784946 0.6640625 0.6575940860215054 0.69140625 0.6653225806451613 0.716796875 0.6633064516129032 0.720703125 0.6575940860215054 0.7194010416666666 0.6498655913978495 0.7018229166666666
22 0.6821236559139785 0.619140625 0.6723790322580645 0.583984375 0.6764112903225806 0.572265625 0.6827956989247311 0.5625 0.6875 0.5611979166666666 0.6952284946236559 0.5638020833333334 0.707997311827957 0.55078125 0.7153897849462365 0.5559895833333334 0.719758064516129 0.5748697916666666 0.7211021505376344 0.6015625 0.7308467741935484 0.65625 0.7308467741935484 0.673828125 0.7281586021505376 0.6751302083333334 0.7224462365591398 0.6692708333333334 0.7140456989247311 0.642578125 0.710013440860215 0.642578125 0.710013440860215 0.6451822916666666 0.7106854838709677 0.6575520833333334 0.7127016129032258 0.6614583333333334 0.7204301075268817 0.6868489583333334 0.719758064516129 0.69140625 0.7147177419354839 0.6940104166666666 0.697244623655914 0.6692708333333334
23 0.7254704301075269 0.580078125 0.7170698924731183 0.5559895833333334 0.7184139784946236 0.537109375 0.7237903225806451 0.5299479166666666 0.7345430107526881 0.52734375 0.7405913978494624 0.5286458333333334 0.7496639784946236 0.5234375 0.7547043010752689 0.52734375 0.760752688172043 0.52734375 0.7644489247311828 0.53125 0.7684811827956989 0.5436197916666666 0.7684811827956989 0.5638020833333334 0.7657930107526881 0.5859375 0.7684811827956989 0.6399739583333334 0.7684811827956989 0.66015625 0.7657930107526881 0.6653645833333334 0.760752688172043 0.6614583333333334 0.7540322580645161 0.6139322916666666 0.7496639784946236 0.6061197916666666 0.7469758064516129 0.6100260416666666 0.7469758064516129 0.6165364583333334 0.751008064516129 0.6451822916666666 0.7540322580645161 0.6614583333333334 0.7533602150537635 0.6666666666666666 0.748991935483871 0.6692708333333334 0.7419354838709677 0.6588541666666666 0.7335349462365591 0.6399739583333334
24 0.4788306451612903 0.615234375 0.47681451612903225 0.5859375 0.47681451612903225 0.572265625 0.48655913978494625 0.5638020833333334 0.49361559139784944 0.5611979166666666 0.4956317204301075 0.56640625 0.4956317204301075 0.5774739583333334 0.4949596774193548 0.6061197916666666 0.49428763440860213 0.6549479166666666 0.4905913978494624 0.6881510416666666 0.48655913978494625 0.6979166666666666 0.4825268817204301 0.6940104166666666 0.479502688172043 0.6692708333333334
25 0.46001344086021506 0.611328125 0.4586693548387097 0.5859375 0.46068548387096775 0.56640625 0.4627016129032258 0.5625 0.46774193548387094 0.5598958333333334 0.4825268817204301 0.56640625 0.4838709677419355 0.5748697916666666 0.4808467741935484 0.603515625 0.47681451612903225 0.615234375 0.4741263440860215 0.6764322916666666 0.47043010752688175 0.7141927083333334 0.46841397849462363 0.7154947916666666 0.4627016129032258 0.708984375 0.4586693548387097 0.6764322916666666
26 0.427755376344086 0.6302083333333334 0.427755376344086 0.59765625 0.43010752688172044 0.583984375 0.43716397849462363 0.5774739583333334 0.44321236559139787 0.5774739583333334 0.4489247311827957 0.576171875 0.4543010752688172 0.5826822916666666 0.4573252688172043 0.59375 0.4573252688172043 0.6015625 0.45344926075268815 0.6311927083333333 0.45161290322580644 0.6764322916666666 0.448252688172043 0.708984375 0.44522849462365593 0.7291666666666666 0.4411962365591398 0.7369791666666666 0.4361559139784946 0.7395833333333334 0.4314516129032258 0.7291666666666666 0.4264112903225806 0.7018229166666666
27 0.39986559139784944 0.6399739583333334 0.39852150537634407 0.6015625 0.40053763440860213 0.5911458333333334 0.4069220430107527 0.580078125 0.4146505376344086 0.580078125 0.41969086021505375 0.5774739583333334 0.4270833333333333 0.59375 0.427755376344086 0.6002604166666666 0.427755376344086 0.6100260416666666 0.4264112903225806 0.615234375 0.41801075268817206 0.638671875 0.41196236559139787 0.6829427083333334 0.40826612903225806 0.7154947916666666 0.40423387096774194 0.7233072916666666 0.3971774193548387 0.7233072916666666 0.396505376344086 0.7018229166666666
28 0.3699596774193548 0.6328125 0.36861559139784944 0.5989583333333334 0.3699596774193548 0.5885416666666666 0.37264784946236557 0.5813802083333334 0.3756720430107527 0.5813802083333334 0.3790322580645161 0.5813802083333334 0.3854166666666667 0.580078125 0.3887768817204301 0.5826822916666666 0.39986559139784944 0.5813802083333334 0.40356182795698925 0.5859375 0.4055779569892473 0.59765625 0.40423387096774194 0.611328125 0.39986559139784944 0.62109375 0.39448924731182794 0.6302083333333334 0.38743279569892475 0.6653645833333334 0.3810483870967742 0.7005208333333334 0.3763440860215054 0.7115885416666666 0.37264784946236557 0.712890625 0.36928763440860213 0.7057291666666666 0.36794354838709675 0.6953125
29 0.32594086021505375 0.6263020833333334 0.32526881720430106 0.5813802083333334 0.3286290322580645 0.5748697916666666 0.3316532258064516 0.5748697916666666 0.33568548387096775 0.5748697916666666 0.34139784946236557 0.5696614583333334 0.34543010752688175 0.572265625 0.3484543010752688 0.5774739583333334 0.35248655913978494 0.580078125 0.36223118279569894 0.5774739583333334 0.37331989247311825 0.5774739583333334 0.37768817204301075 0.5885416666666666 0.37768817204301075 0.5963541666666666 0.37701612903225806 0.6061197916666666 0.37264784946236557 0.615234375 0.3659274193548387 0.6412760416666666 0.36088709677419356 0.6614583333333334 0.3551747311827957 0.7005208333333334 0.34711021505376344 0.7180989583333334 0.34274193548387094 0.7233072916666666 0.33568548387096775 0.7278645833333334 0.33568548387096775 0.7233072916666666 0.33568548387096775 0.7180989583333334 0.34206989247311825 0.7057291666666666 0.34475806451612906 0.69140625 0.34610215053763443 0.6725260416666666 0.34610215053763443 0.65625 0.34408602150537637 0.6529947916666666 0.3400537634408602 0.6529947916666666 0.3336693548387097 0.6640625 0.3286290322580645 0.6803385416666666 0.323252688172043 0.69921875 0.32123655913978494 0.708984375 0.3168682795698925 0.7180989583333334 0.31350806451612906 0.7180989583333334 0.31350806451612906 0.7102864583333334 0.32661290322580644 0.6354166666666666
30 0.2772177419354839 0.6048177083333334 0.2772177419354839 0.5774739583333334 0.2825940860215054 0.55859375 0.28696236559139787 0.5559895833333334 0.29536290322580644 0.5546875 0.3024193548387097 0.5546875 0.30376344086021506 0.5625 0.31485215053763443 0.56640625 0.323252688172043 0.5709635416666666 0.32594086021505375 0.580078125 0.32594086021505375 0.5885416666666666 0.32594086021505375 0.5963541666666666 0.3219086021505376 0.607421875 0.31350806451612906 0.6315104166666666 0.3084677419354839 0.6575520833333334 0.2973790322580645 0.685546875 0.28897849462365593 0.69921875 0.2856182795698925 0.69921875 0.28125 0.6901041666666666 0.28897849462365593 0.66796875 0.290994623655914 0.6549479166666666 0.2896505376344086 0.642578125 0.2849462365591398 0.65625 0.28125 0.6764322916666666 0.2772177419354839 0.6842447916666666 0.2752016129032258 0.6868489583333334 0.26948924731182794 0.6803385416666666
31 0.2700665322580645 0.568916015625 0.2701229838709677 0.56005859375 0.2697738575268817 0.5478880208333333 0.267505376344086 0.544169921875 0.26471303763440857 0.5414654947916667 0.2615719086021505 0.5384225260416667 0.26052486559139787 0.5289570312499999 0.2554637096774193 0.52828125 0.24970497311827955 0.5289570312499999 0.24429502688172045 0.5340279947916667 0.23818716397849463 0.5455221354166667 0.23525672043010754 0.5523190104166666 0.23006754032258067 0.5576334635416667 0.22243346774193548 0.562791015625 0.2151545698924731 0.57472265625 0.20997513440860213 0.586111328125 0.20647547043010753 0.599669921875 0.20577553763440862 0.6153977864583333 0.2079133064516129 0.6160481770833334 0.2133736559139785 0.6160481770833334 0.2188340053763441 0.6013997395833334 0.22733299731182796 0.5866536458333333 0.2330725806451613 0.5844843750000001 0.23629200268817205 0.5890944010416667 0.23573219086021505 0.599669921875 0.22975470430107528 0.6062825520833334 0.22555443548387097 0.6111653645833334 0.22117372311827957 0.6189231770833333 0.21921404569892472 0.6208216145833333 0.21921404569892472 0.6243463541666666 0.22103393817204303 0.6308548177083334 0.2246733870967742 0.6357356770833333 0.2302728494623656 0.640345703125 0.2353121639784946 0.63356640625 0.24189146505376344 0.6278717447916666 0.2500104166666666 0.6238040364583334 0.25588978494623654 0.621634765625 0.2626092069892473 0.6235332031249999 0.27002822580645164 0.621634765625 0.2774475806451613 0.6145846354166666 0.2777274865591398 0.60509375 0.2778676075268817 0.5977721354166666 0.27548790322580646 0.5890944010416667 0.27604771505376346 0.5790611979166667 0.2759075940860215 0.5717395833333333 0.2725480510752688 0.5703834635416667
